3286.0 2508.0
3285.9396462003087 2507.0000435086868
3286.0 2506.0
3286.181061399072 2504.999869473941
3286.0 2504.0
3284.9739854052573 2503.000739647668
3284.0 2502.0
3283.9750261693816 2500.995692640051
3284.0 2500.0
3283.1758575784515 2499.025104512028
3282.0 2498.0
3280.9698283599096 2496.8536802877816
3280.0 2496.0
3279.0051722620897 2495.852813761285
3278.0 2496.0
3276.999138067552 2496.029437144511
3276.0 2496.0
3274.9999993326005 2495.970563371648
3274.0 2496.0
3273.000865936846 2496.147182625602
3272.0 2496.0
3270.9948050463263 2495.146340874745
3270.0 2494.0
3269.0303037851972 2492.9747721259305
3268.0 2492.0
3266.823372242488 2491.0050263696717
3266.0 2490.0
3266.029462759874 2488.995069656041
3266.0 2488.0
3264.999851198265 2487.024555694087
3264.0 2486.0
3263.971430050534 2484.8575961794404
3264.0 2484.0
3263.1715684985284 2483.8298672292713
3262.0 2484.0
3260.9991589582933 2484.1632004449298
3260.0 2484.0
3258.833477751711 2483.190930101151
3258.0 2482.0
3257.999974531441 2480.6912189481664
3258.0 2480.0
3257.166675059646 2480.6617562098495
3256.0 2482.0
3254.9999751106825 2483.338243792735
3254.0 2484.0
3252.8334742762618 2483.3087810337406
3252.0 2482.0
3251.9991792317487 2480.809070004822
3252.0 2480.0
3251.171450333246 2479.8367989373287
3250.0 2480.0
3248.972118768776 2480.1701363712054
3248.0 2480.0
3246.995837054098 2479.142382835439
3246.0 2478.0
3245.052858906637 2476.97556661616
3244.0 2476.0
3242.68700950608 2475.004217467601
3242.0 2474.0
3242.8250840568835 2472.999128578237
3244.0 2472.0
3244.3624861526214 2471.001011062979
3244.0 2470.0
3242.999999027389 2468.994805043887
3242.0 2468.0
3241.637519683047 2467.0301586736996
3242.0 2466.0
3243.174882874333 2464.8242429139154
3244.0 2464.0
3243.3131830709567 2464.0243838428096
3242.0 2464.0
3240.9460186999277 2463.029454029228
3240.0 2462.0
3239.0107047294787 2461.7988919818254
3238.0 2462.0
3236.9897529232003 2462.177194079822
3236.0 2462.0
3235.0507777313223 2461.1379435392428
3234.0 2460.0
3232.705580688869 2458.99514468472
3232.0 2458.0
3232.7157381354677 2456.8911883524365
3234.0 2456.0
3234.999990498327 2455.6577252006605
3236.0 2456.0
3237.284318874569 2457.162460443601
3238.0 2458.0
3237.294096254256 2457.3675121377337
3236.0 2456.0
3234.951103599894 2454.6324667299978
3234.0 2454.0
3232.99928214638 2454.8376874822798
3232.0 2456.0
3231.0532035218257 2456.3414083763264
3230.0 2456.0
3228.6814967226655 2455.113862259767
3228.0 2454.0
3228.857816142181 2452.9754180650752
3230.0 2452.0
3230.17160642425 2451.033629349781
3230.0 2450.0
3230.1125453123186 2448.8228058362365
3230.0 2448.0
3229.1531217018405 2448.0295356327983
3228.0 2448.0
3226.9687244766374 2446.999980366973
3226.0 2446.0
3225.0345314383335 2445.9705821653642
3224.0 2446.0
3222.8240868933617 2445.176526640841
3222.0 2444.0
3222.0209472014985 2442.970257989591
3222.0 2442.0
3221.0502298976467 2441.0019254216136
3220.0 2440.0
3219.6776734126215 2439.0181894807292
3220.0 2438.0
3220.8837296266265 2436.8889376940133
3222.0 2436.0
3223.0199488276194 2435.648184355193
3224.0 2436.0
3224.9965774076572 2437.2219561748307
3226.0 2438.0
3227.000586726438 2437.020078595825
3228.0 2436.0
3228.999902233717 2436.6575722502193
3230.0 2438.0
3230.999999871263 2439.0344879028576
3232.0 2440.0
3233.000098538706 2441.1355003326353
3234.0 2442.0
3234.9994088965022 2442.1525101013312
3236.0 2442.0
3237.0034480822824 2441.949439059376
3238.0 2442.0
3238.9799026098062 2442.150855542411
3240.0 2442.0
3241.1171362588834 2441.145427686155
3242.0 2440.0
3242.317279836894 2438.9765783406556
3242.0 2438.0
3240.979184719753 2436.9951022699092
3240.0 2436.0
3239.8076118445883 2435.0528080398885
3240.0 2434.0
3240.1751442127197 2432.6880494907587
3240.0 2432.0
3239.1415228790934 2432.8188950155586
3238.0 2434.0
3236.97571851272 2434.39858041589
3236.0 2434.0
3235.0041660445886 2432.789622489103
3234.0 2432.0
3232.999285219752 2432.863684649493
3232.0 2434.0
3231.0001226369027 2434.0282696139393
3230.0 2434.0
3228.999978958834 2434.966697666872
3228.0 2436.0
3227.0000036100937 2436.1715443848298
3226.0 2436.0
3224.999999380606 2436.0040360241483
3224.0 2436.0
3223.0000001062726 2435.8042394702825
3222.0 2436.0
3220.99999998176 2437.1705271541578
3220.0 2438.0
3219.000000003167 2437.1725976047733
3218.0 2436.0
3216.9999999992406 2435.7938872172026
3216.0 2436.0
3215.0000000013943 2436.06407909201
3214.0 2436.0
3212.9999999923994 2435.8216382307382
3212.0 2436.0
3211.0000000442124 2437.0060915235626
3210.0 2438.0
3208.999999742328 2438.1418126278836
3208.0 2438.0
3207.000001501822 2438.1430327091334
3206.0 2438.0
3204.999991246741 2436.9999911173145
3204.0 2436.0
3203.000051017732 2435.85702058698
3202.0 2436.0
3200.9997026468677 2435.857885360807
3200.0 2436.0
3199.001733101063 2436.9956672481794
3198.0 2438.0
3196.989898746753 2438.1681111501175
3196.0 2438.0
3195.0588744184192 2437.9956658511146
3194.0 2438.0
3192.6568547427332 2437.857893743193
3192.0 2438.0
3192.9999971251846 2438.8569716897273
3194.0 2440.0
3193.343162506159 2441.000276118446
3192.0 2442.0
3190.9410278378627 2443.1413715995986
3190.0 2444.0
3189.0106704666678 2444.151494283963
3188.0 2444.0
3186.9949493621334 2443.949662696623
3186.0 2444.0
3185.0196333605318 2444.1505295363017
3184.0 2444.0
3182.887250474676 2443.1471600855675
3182.0 2442.0
3181.656863791411 2440.966509950293
3182.0 2440.0
3183.171566776856 2439.053780212674
3184.0 2438.0
3183.313735547453 2436.7108087736624
3182.0 2436.0
3180.9460199384284 2436.681367145353
3180.0 2438.0
3179.0101448219793 2439.2009883542205
3178.0 2440.0
3176.993111129699 2440.112702729325
3176.0 2440.0
3175.0311883998284 2440.12279526983
3174.0 2440.0
3172.81975847133 2439.150525651696
3172.0 2438.0
3172.0502607721924 2436.9740508199934
3172.0 2436.0
3170.8786768955165 2435.005169428344
3170.0 2434.0
3170.677677854709 2432.9949326099468
3172.0 2432.0
3173.0552559762314 2431.025234911978
3174.0 2430.0
3174.9907862879045 2428.853657918188
3176.0 2428.0
3177.000026296344 2427.8528175788933
3178.0 2428.0
3179.0090559340306 2428.0294366084518
3180.0 2428.0
3180.945638099472 2427.9705627703943
3182.0 2428.0
3183.31711546914 2428.147186769182
3184.0 2428.0
3183.1516690856924 2427.146316614513
3182.0 2426.0
3181.772870016706 2424.9749135437387
3182.0 2424.0
3182.2111108140743 2423.0042021230547
3182.0 2422.0
3180.9604650988495 2420.9998737179303
3180.0 2420.0
3180.026098592832 2418.9965555693607
3180.0 2418.0
3178.8829433441606 2417.0207928659056
3178.0 2416.0
3178.6762413422043 2414.8786872352066
3180.0 2414.0
3181.0596086026144 2413.7070837228525
3182.0 2414.0
3182.9661070421125 2414.8788104276773
3184.0 2416.0
3185.143749144714 2417.0200537110823
3186.0 2418.0
3186.171398089604 2419.0008673058314
3186.0 2420.0
3185.8278623176648 2420.974742453932
3186.0 2422.0
3186.861428004408 2423.1506779705796
3188.0 2424.0
3189.003569655888 2424.121189722591
3190.0 2424.0
3191.117154060265 2424.122183693873
3192.0 2424.0
3192.293505982525 2423.1457081141707
3192.0 2422.0
3191.121810044586 2421.003567621103
3190.0 2420.0
3188.9756337499616 2418.8328861592126
3188.0 2418.0
3187.024387455647 2417.9991154236213
3186.0 2418.0
3184.878041516161 2417.17242129906
3184.0 2416.0
3183.707363447391 2414.9663567820216
3184.0 2414.0
3184.8777777994974 2413.0294380088117
3186.0 2412.0
3187.025969755625 2410.8570151651084
3188.0 2410.0
3188.966403666752 2409.8284710005373
3190.0 2410.0
3191.175608243863 2410.172158831669
3192.0 2410.0
3191.979946870073 2409.138576009449
3192.0 2408.0
3192.9447105356994 2406.9963851116354
3194.0 2406.0
3194.3517899157277 2404.883113320737
3194.0 2404.0
3192.9445499699314 2403.7049349639456
3192.0 2404.0
3191.9809102646827 2404.88727689559
3192.0 2406.0
3191.1699884419722 2406.9714036625155
3190.0 2408.0
3188.9991590834866 2409.28430112932
3188.0 2410.0
3186.835057057111 2409.3227895615682
3186.0 2408.0
3185.990498573849 2406.7789615012707
3186.0 2406.0
3185.2219514997955 2406.0034414308066
3184.0 2406.0
3182.6777924273783 2405.2003899138895
3182.0 2404.0
3182.7112939359376 2402.7942190858566
3184.0 2402.0
3185.054443956999 2402.0342955709707
3186.0 2402.0
3186.962042322069 2401.00000748832
3188.0 2400.0
3189.1733021105856 2399.965659499111
3190.0 2400.0
3189.9981450144187 2399.2060355170147
3190.0 2398.0
3190.837827802906 2396.7981273988
3192.0 2396.0
3192.9748881681503 2396.005200090187
3194.0 2396.0
3195.312843188195 2395.170672060078
3196.0 2394.0
3195.1480527026797 2392.9707675493473
3194.0 2392.0
3193.798840595725 2391.00472264384
3194.0 2390.0
3194.0589037229697 2389.0008965876114
3194.0 2388.0
3193.8477370664573 2386.989897830492
3194.0 2386.0
3194.854673878287 2385.0597164294395
3196.0 2384.0
3197.0242196638224 2382.6518035928734
3198.0 2382.0
3199.000008138781 2383.029462013322
3200.0 2384.0
3200.975731503492 2383.171424327196
3202.0 2382.0
3203.1456028402654 2381.9419920235046
3204.0 2382.0
3204.150651454917 2381.1766235317778
3204.0 2380.0
3203.9504884302355 2378.9982667858294
3204.0 2378.0
3204.1464179636696 2376.833775753247
3204.0 2376.0
3203.171003787749 2375.99907869469
3202.0 2376.0
3200.827559309835 2375.171752078614
3200.0 2374.0
3199.8636403532396 2372.970408833625
3200.0 2372.0
3199.9905985707283 2371.005794919636
3200.0 2370.0
3200.1927682223945 2368.994821648558
3200.0 2368.0
3198.852792094908 2367.025275189014
3198.0 2366.0
3198.6904792081586 2364.8535272173604
3200.0 2364.0
3201.004332656139 2363.853561506826
3202.0 2364.0
3203.283524855008 2364.0251037416865
3204.0 2364.0
3203.2945182138137 2363.995816043056
3202.0 2364.0
3200.9493658621104 2363.99999999998
3200.0 2364.0
3199.0092866135237 2364.004183957066
3198.0 2364.0
3196.994914456748 2363.974896257625
3196.0 2364.0
3195.021226645991 2364.1464384971873
3194.0 2364.0
3192.8777256673075 2363.146472759253
3192.0 2362.0
3191.712419350165 2360.9747249472966
3192.0 2360.0
3192.8477582317064 2359.005177556968
3194.0 2358.0
3195.2010312595985 2356.994209710896
3196.0 2356.0
3195.9460542107036 2355.0295641776565
3196.0 2354.0
3197.122643476183 2352.828405223163
3198.0 2352.0
3197.3180849322016 2352.000004483364
3196.0 2352.0
3194.9688469306093 2351.171567876654
3194.0 2350.0
3192.868833484142 2348.970588256713
3192.0 2348.0
3191.818152164539 2347.004902583067
3192.0 2346.0
3192.222253528625 2344.9999962448846
3192.0 2344.0
3190.8483266637104 2342.9951199476254
3190.0 2342.0
3190.6877864891135 2341.029284069364
3192.0 2340.0
3193.0249544016106 2338.8291756361914
3194.0 2338.0
3195.1624871012227 2337.99566211349
3196.0 2338.0
3196.000122991053 2337.196851682868
3196.0 2336.0
3196.8367749524605 2334.823227789302
3198.0 2334.0
3198.9792272941813 2333.86378158132
3200.0 2334.0
3201.2878612824497 2333.9940827227783
3202.0 2334.0
3201.2936050111202 2334.171722082009
3200.0 2334.0
3198.95050865083 2332.9755847851657
3198.0 2332.0
3197.0033430839003 2331.974769206999
3196.0 2332.0
3195.029432845769 2331.1757999728407
3194.0 2330.0
3192.820059841485 2328.9704309559575
3192.0 2328.0
3192.050208105322 2327.0016142914174
3192.0 2326.0
3190.8786915265846 2325.019883295541
3190.0 2324.0
3190.67764273517 2322.879085935337
3192.0 2322.0
3193.0554520623937 2321.705601092437
3194.0 2322.0
3194.989644890468 2322.887307510041
3196.0 2324.0
3197.0066785948 2324.970553847317
3198.0 2326.0
3198.970283540731 2327.289369406055
3200.0 2328.0
3201.171620160815 2327.2932297163534
3202.0 2326.0
3201.999995494381 2324.951252295824
3202.0 2324.0
3202.8284068729 2322.9992565087014
3204.0 2322.0
3205.0295632682173 2321.053208651966
3206.0 2320.0
3206.994213517792 2318.681491579503
3208.0 2318.0
3209.005155625028 2318.8578418710176
3210.0 2320.0
3210.9748527320407 2320.171457194391
3212.0 2320.0
3213.145727982729 2320.113414962637
3214.0 2320.0
3214.1507793715855 2319.148053029789
3214.0 2318.0
3213.9495957877602 2316.998266858628
3214.0 2316.0
3214.1516459018544 2314.862345818443
3214.0 2314.0
3213.1405288011147 2313.827658230716
3212.0 2314.0
3211.005181291458 2314.1717047972606
3210.0 2314.0
3208.8283834501403 2313.1421129857195
3208.0 2312.0
3208.0245180077018 2310.9756172884217
3208.0 2310.0
3207.0245085036495 2309.004183283749
3206.0 2308.0
3205.828430970404 2306.9992830090832
3206.0 2306.0
3206.004905673929 2305.000118661752
3206.0 2304.0
3206.1421349860248 2303.0000050204053
3206.0 2302.0
3205.1422844099243 2300.9998512158168
3204.0 2300.0
3203.0041585544313 2299.000887684695
3202.0 2298.0
3200.8327642634895 2296.9948226760125
3200.0 2296.0
3199.9992558646354 2295.0301762592308
3200.0 2294.0
3199.171700548699 2292.824119768602
3198.0 2292.0
3196.970540843172 2292.025105129157
3196.0 2292.0
3195.0050543922716 2291.0252494564575
3194.0 2290.0
3192.9991328032 2289.823398132098
3192.0 2290.0
3191.0001487885265 2290.034361750955
3190.0 2290.0
3188.999974465641 2289.970431362172
3188.0 2290.0
3187.000004417627 2290.1430500760134
3186.0 2290.0
3184.999999028595 2289.171268181748
3184.0 2288.0
3183.0000014108023 2286.829340833498
3182.0 2286.0
3180.999992506592 2285.8526868172657
3180.0 2286.0
3179.000043549644 2286.054538262909
3178.0 2286.0
3176.999746195542 2285.82008360528
3176.0 2286.0
3175.0014792771035 2287.024960105411
3174.0 2288.0
3172.9913781418354 2288.0301557622547
3172.0 2288.0
3171.0502518718868 2288.7941053210616
3170.0 2290.0
3168.7071106268468 2291.205212311378
3168.0 2292.0
3168.707084367033 2291.974620810672
3170.0 2292.0
3171.050383170953 2292.94706282459
3172.0 2294.0
3172.990616607247 2294.3430022417883
3174.0 2294.0
3175.0059171855646 2292.994923724681
3176.0 2292.0
3176.9738802793645 2291.687455410126
3178.0 2292.0
3179.15080113825 2292.880343814564
3180.0 2294.0
3180.1213128911377 2295.030481702488
3180.0 2296.0
3180.121321514923 2296.9367659705076
3180.0 2298.0
3179.150758019326 2299.348922474468
3178.0 2300.0
3176.9741303691208 2298.9696991826836
3176.0 2298.0
3175.00445976595 2298.8328824294313
3174.0 2300.0
3172.99911103518 2300.03300624073
3172.0 2300.0
3171.0008740229714 2300.9690801261886
3170.0 2302.0
3168.995644826993 2302.152513002139
3168.0 2302.0
3167.0252570150724 2302.1158418609784
3166.0 2302.0
3164.852813082576 2301.152435831994
3164.0 2300.0
3163.8578644894747 2298.969543147061
3164.0 2298.0
3163.9999999805773 2297.0303052856407
3164.0 2296.0
3164.142135627064 2294.848625139096
3164.0 2294.0
3163.1471862570424 2293.8779438797856
3162.0 2294.0
3160.9747468306814 2293.8837115821916
3160.0 2294.0
3159.00433275887 2294.8197866270666
3158.0 2296.0
3156.9992566161 2297.1975686554106
3156.0 2298.0
3155.0001275445325 2297.9948014404717
3154.0 2298.0
3152.999978116706 2298.833622701758
3152.0 2300.0
3151.00000375523 2301.00346234898
3150.0 2302.0
3148.9999993519123 2303.1456032043634
3148.0 2304.0
3147.0000001332965 2304.1229184248405
3146.0 2304.0
3144.99999984831 2304.1168862465925
3144.0 2304.0
3143.000000776845 2303.175764095605
3142.0 2302.0
3140.9999954906216 2300.8285291797793
3140.0 2300.0
3139.0000262794256 2299.85306082572
3138.0 2300.0
3136.9998468328254 2300.0531058659008
3136.0 2300.0
3135.000892723622 2299.828303978875
3134.0 2300.0
3132.9947968254423 2300.977070260849
3132.0 2302.0
3131.0303263237256 2302.3092744560317
3130.0 2302.0
3128.8232452322063 2301.167283002962
3128.0 2300.0
3128.0302022830338 2298.6870275261967
3128.0 2298.0
3126.995541069589 2298.7105518398585
3126.0 2300.0
3125.9965512994345 2301.0496614346525
3126.0 2302.0
3125.0251511338065 2302.9914795522272
3124.0 2304.0
3123.8525418977288 2305.001461251985
3124.0 2306.0
3123.8595974798236 2306.9997529358643
3124.0 2308.0
3124.9898732233314 2309.000021132828
3126.0 2310.0
3126.201163180189 2311.000120267168
3126.0 2312.0
3125.803147695534 2312.999257264166
3126.0 2314.0
3126.979950646607 2315.0043361478374
3128.0 2316.0
3128.317148424825 2316.9747258488105
3128.0 2318.0
3127.1171588044435 2319.1473087593013
3126.0 2320.0
3124.9798987485146 2320.141421595382
3124.0 2320.0
3123.0034487044704 2320.0041616684093
3122.0 2320.0
3120.9994090246655 2319.833608394163
3120.0 2320.0
3119.000097147538 2320.994187966613
3118.0 2322.0
3117.000008090109 2322.2012638061587
3116.0 2322.0
3114.999854311809 2321.7982291964336
3114.0 2322.0
3113.000866039036 2323.0093610152408
3112.0 2324.0
3110.994949453978 2324.1456047121205
3110.0 2324.0
3109.029437237098 2324.117010712036
3108.0 2324.0
3106.828427123432 2323.1523310156645
3106.0 2322.0
3106.000000022308 2320.969003193977
3106.0 2320.0
3105.171572742717 2319.0336498204733
3104.0 2318.0
3102.9705635213886 2316.8290978831837
3102.0 2316.0
3101.005046128953 2315.991762880426
3100.0 2316.0
3098.9991597048956 2315.2203248342594
3098.0 2314.0
3096.999995641677 2312.6862881140187
3096.0 2312.0
3095.000866445046 2312.661946481627
3094.0 2314.0
3092.9948056880494 2315.3420329962173
3092.0 2316.0
3091.0302994266585 2315.2858555410694
3090.0 2314.0
3088.8233977520013 2312.942833757368
3088.0 2312.0
3088.0293140613344 2311.057141914722
3088.0 2310.0
3087.0007178799933 2308.7143147543024
3086.0 2308.0
3085.966378658707 2308.656969559463
3086.0 2310.0
3085.2010101677643 2311.343867888919
3084.0 2312.0
3082.8275603347065 2311.279823107025
3082.0 2310.0
3081.8336278239985 2308.9771934689325
3082.0 2308.0
3082.170672721303 2306.857016079383
3082.0 2306.0
3081.14233584818 2305.880710054771
3080.0 2306.0
3078.9753121896138 2305.8587235919917
3078.0 2306.0
3077.005791014135 2306.9669483932785
3076.0 2308.0
3074.989941725574 2308.339586048337
3074.0 2308.0
3073.0545586324197 2306.9955353166997
3072.0 2306.0
3070.6827064799095 2305.687202051463
3070.0 2306.0
3070.849202488125 2306.8812523745223
3072.0 2308.0
3072.2220785913423 2309.025283701404
3072.0 2310.0
3071.81832596382 2310.9670454170555
3072.0 2312.0
3072.867965625736 2313.172443796263
3074.0 2314.0
3074.9738802817633 2313.9982918053656
3076.0 2314.0
3077.2887526836857 2314.8378053715433
3078.0 2316.0
3077.2936036161236 2316.974875965374
3076.0 2318.0
3074.949625619575 2319.312938836212
3074.0 2320.0
3073.0086426664293 2319.1474910173556
3072.0 2318.0
3070.998518381849 2317.802115059657
3070.0 2318.0
3069.000247042476 2318.0398186247057
3068.0 2318.0
3066.9999993632928 2317.9589731921114
3066.0 2318.0
3064.9997567777664 2318.2063422226274
3064.0 2318.0
3063.001459970108 2316.802973472126
3062.0 2316.0
3060.9914834015835 2316.9758169446177
3060.0 2318.0
3059.0496396203935 2317.342124860168
3058.0 2316.0
3056.7106788760566 2314.971433894375
3056.0 2314.0
3056.686287123266 2312.8292717735844
3058.0 2312.0
3059.171598384347 2312.0529354641185
3060.0 2312.0
3060.2841225706497 2310.853115441704
3060.0 2310.0
3059.1236661917555 2310.8283718856574
3058.0 2312.0
3056.973880278821 2312.1766532443535
3056.0 2312.0
3055.0330521353194 2312.1117086482245
3054.0 2312.0
3052.8278069092635 2311.1530948663017
3052.0 2310.0
3052.000106409102 2308.9697221539664
3052.0 2308.0
3051.171554636124 2307.028572209902
3050.0 2306.0
3048.970565774151 2304.858844586624
3048.0 2304.0
3047.00505071897 2303.8183602703557
3046.0 2304.0
3044.999129912032 2304.2309937912423
3044.0 2304.0
3043.000169808837 2302.7956769821926
3042.0 2302.0
3040.9998512349457 2302.9949443156033
3040.0 2304.0
3039.0007227814913 2303.2346571241883
3038.0 2302.0
3036.9958120761057 2301.597112939266
3036.0 2302.0
3035.0244047618753 2303.182665240215
3034.0 2304.0
3032.8577593526434 2303.3068956194434
3032.0 2302.0
3031.829039122267 2300.9759610431256
3032.0 2300.0
3032.1680059137543 2298.8373381218025
3032.0 2298.0
3031.1629253952096 2298.000010226059
3030.0 2298.0
3028.8544417149906 2297.1626005218423
3028.0 2296.0
3027.7104243148483 2295.024386642887
3028.0 2294.0
3028.8830123959224 2292.6910796208367
3030.0 2292.0
3030.9915013096197 2292.8291356320897
3032.0 2294.0
3033.1679797463585 2294.3341065866234
3034.0 2294.0
3034.0006202122304 2293.166224848172
3034.0 2292.0
3034.8282989802597 2290.668544324344
3036.0 2290.0
3037.0295859062144 2290.822509205763
3038.0 2292.0
3038.994185582457 2292.396400441078
3040.0 2292.0
3041.0053005990435 2290.799088147768
3042.0 2290.0
3042.974010823283 2290.809070672314
3044.0 2292.0
3045.1506344612594 2292.3464878183495
3046.0 2292.0
3046.122182409161 2291.1120024175893
3046.0 2290.0
3046.116271083775 2288.981497676115
3046.0 2288.0
3045.1801910881904 2286.9990115257224
3044.0 2286.0
3042.802582387084 2285.0244331695512
3042.0 2284.0
3042.004314589309 2282.85438945697
3042.0 2282.0
3041.1715300770643 2281.849230088629
3040.0 2282.0
3038.9665049483083 2282.0502300112566
3038.0 2282.0
3037.0294402330874 2281.849389843832
3036.0 2282.0
3034.856853653167 2282.853430925753
3034.0 2284.0
3033.8294378479113 2285.0300246016504
3034.0 2286.0
3034.166519259367 2286.966421464345
3034.0 2288.0
3033.1714465958867 2289.171446612281
3032.0 2290.0
3030.804801165312 2290.0048988619683
3030.0 2290.0
3029.9997464122453 2290.799160215908
3030.0 2292.0
3029.1967203612176 2293.200139842582
3028.0 2294.0
3026.8199314204476 2294.0000007286008
3026.0 2294.0
3025.8836911160984 2294.799855785816
3026.0 2296.0
3025.877921882963 2297.2008645565047
3026.0 2298.0
3026.848777586125 2297.994956875158
3028.0 2298.0
3029.0294126002864 2298.8293941925504
3030.0 2300.0
3030.974746812156 2301.0286779695407
3032.0 2302.0
3033.122106526778 2302.9985379902073
3034.0 2304.0
3034.292614027177 2304.980094089217
3034.0 2306.0
3033.1222093101605 2307.120897474493
3032.0 2308.0
3030.97413011186 2308.294521063826
3030.0 2308.0
3029.0330100186807 2307.1119761425525
3028.0 2306.0
3026.827809776059 2305.0336220808604
3026.0 2304.0
3026.0001313249677 2302.6862913722875
3026.0 2302.0
3025.1714022741353 2302.8486296854153
3024.0 2304.0
3022.971455030224 2304.221930515222
3022.0 2304.0
3020.999867544522 2303.819787223256
3020.0 2304.0
3019.0293397026453 2304.8593461452465
3018.0 2306.0
3016.8240942396083 2307.0241359052684
3016.0 2308.0
3016.0260948597065 2308.9958384231454
3016.0 2310.0
3015.019336602154 2311.00083355586
3014.0 2312.0
3013.8578855273718 2312.999160241694
3014.0 2314.0
3013.8333502336172 2315.004204993976
3014.0 2316.0
3015.142013070925 2316.975609794451
3016.0 2318.0
3015.3145713408353 2319.142136239319
3014.0 2320.0
3012.9705588840634 2320.1715727696355
3012.0 2320.0
3010.8620753547852 2319.828427142867
3010.0 2320.0
3009.8569889872256 2320.8578643731635
3010.0 2322.0
3009.995990721861 2323.0243866181536
3010.0 2324.0
3010.1670666816103 2324.995815917914
3010.0 2326.0
3009.001609188478 2327.000717874362
3008.0 2328.0
3007.8232781875204 2328.999876835913
3008.0 2330.0
3008.0587216863996 2331.0000211101624
3008.0 2332.0
3007.824391694081 2332.999996503112
3008.0 2334.0
3008.9949281491154 2334.999999871167
3010.0 2336.0
3010.20603941123 2337.0000042698875
3010.0 2338.0
3009.768835383506 2338.999974509508
3010.0 2340.0
3011.1809482877334 2341.000148673066
3012.0 2342.0
3011.1454748900933 2342.9991334520946
3010.0 2344.0
3009.946202371707 2345.0050506143652
3010.0 2346.0
3009.1773108796624 2346.970562861712
3008.0 2348.0
3006.989932350317 2349.171572215361
3006.0 2350.0
3004.8830950184383 2350.000003846121
3004.0 2350.0
3003.711497539053 2350.8284047079105
3004.0 2352.0
3004.847919747241 2353.0295679064184
3006.0 2354.0
3007.200983977499 2354.994187853582
3008.0 2356.0
3007.946176387765 2357.0053049720927
3008.0 2358.0
3009.1219576959143 2358.9739823138643
3010.0 2360.0
3009.32207743675 2361.150801144722
3008.0 2362.0
3006.945577683585 2362.121210817805
3006.0 2362.0
3005.004456461741 2362.1219339484496
3004.0 2362.0
3003.0276835459717 2361.1471854915
3002.0 2360.0
3000.829442262432 2358.9949531025527
3000.0 2358.0
2999.995662879437 2356.8830958931844
3000.0 2356.0
2999.1965804609454 2355.70647153834
2998.0 2356.0
2996.8248543548902 2356.8780748767754
2996.0 2358.0
2995.8542934097154 2359.0250792010083
2996.0 2360.0
2996.0493851868196 2360.9714499171732
2996.0 2362.0
2995.8493954693668 2363.1462212959505
2996.0 2364.0
2996.8542419969795 2364.151222307123
2998.0 2364.0
2999.0251525487574 2363.94644486131
3000.0 2364.0
3000.9948427104746 2364.1701085250197
3002.0 2364.0
3003.005791188394 2363.0329039885746
3004.0 2362.0
3004.970410159163 2361.6324675435326
3006.0 2362.0
3007.1717478566297 2363.172290750231
3008.0 2364.0
3007.999102701058 2363.3337879550822
3008.0 2362.0
3008.8336359370232 2360.824981519275
3010.0 2360.0
3010.9990816768045 2359.7163229292682
3012.0 2360.0
3013.1718740021515 2360.877080905115
3014.0 2362.0
3013.9696743102872 2363.021191640044
3014.0 2364.0
3015.010080136126 2364.995769254623
3016.0 2366.0
3015.9698448729578 2367.0041928322166
3016.0 2368.0
3017.170850626131 2368.979073752078
3018.0 2370.0
3017.0050513702595 2371.1213646553188
3016.0 2372.0
3016.798841152313 2372.292738316013
3018.0 2372.0
3018.201901715862 2371.122205448605
3018.0 2370.0
3017.9897485525153 2368.9740289923575
3018.0 2368.0
3017.859606969047 2367.03362059725
3018.0 2366.0
3018.8526096332034 2364.8242474241442
3020.0 2364.0
3021.024735231732 2364.0208948578847
3022.0 2364.0
3022.998978976404 2363.0503834285482
3024.0 2362.0
3024.9813909098466 2361.676804570825
3026.0 2362.0
3027.1126755645155 2362.888789146502
3028.0 2364.0
3028.3425557030596 2364.990460550166
3028.0 2366.0
3026.831990217127 2367.168447552501
3026.0 2368.0
3026.6655029941826 2367.9988541348266
3028.0 2368.0
3029.17499181778 2368.8384276385395
3030.0 2370.0
3030.284546099139 2370.970580033937
3030.0 2372.0
3029.11773158739 2373.33809215784
3028.0 2374.0
3027.0090643765243 2373.0008670190236
3026.0 2372.0
3024.8278821534677 2372.6567057280167
3024.0 2374.0
3024.0236427026707 2375.058898612876
3024.0 2376.0
3023.030261630509 2376.989902594728
3022.0 2378.0
3021.7947875142763 2379.0016858187573
3022.0 2380.0
3022.2010132838377 2380.99998249273
3022.0 2382.0
3020.9991327826997 2382.9984192248626
3020.0 2384.0
3019.8041900199646 2385.0095021580946
3020.0 2386.0
3020.175727097515 2386.9445678265674
3020.0 2388.0
3019.141447394947 2389.3230908825
3018.0 2390.0
3016.975588532803 2389.1168868784353
3016.0 2388.0
3015.005021408236 2387.9755878468904
3014.0 2388.0
3012.9942830177815 2387.029586040221
3012.0 2386.0
3011.029280485076 2385.846895911782
3010.0 2386.0
3008.8300340717606 2385.8890384890865
3008.0 2386.0
3007.9905150843592 2386.8188731536993
3008.0 2388.0
3007.226875422085 2389.1977225887185
3006.0 2390.0
3004.6482323831306 2389.9947913139895
3004.0 2390.0
3004.88373027913 2390.833529527347
3006.0 2392.0
3006.0493859420903 2393.0040315219294
3006.0 2394.0
3006.8199540683277 2395.142281341075
3008.0 2396.0
3009.0308896479446 2396.142280431621
3010.0 2396.0
3010.994708044006 2396.0040360691996
3012.0 2396.0
3013.0008620880203 2395.8335031531833
3014.0 2396.0
3015.0001194278725 2396.994945011703
3016.0 2398.0
3016.998421344744 2398.1968267765997
3018.0 2398.0
3019.009352503662 2397.8240943287
3020.0 2398.0
3020.945463633285 2398.8586072512007
3022.0 2400.0
3023.31786569663 2401.024262164094
3024.0 2402.0
3023.1473421869364 2402.9958197642354
3022.0 2404.0
3021.7980811817524 2405.0008192504947
3022.0 2406.0
3022.0641707225473 2406.9992647327954
3022.0 2408.0
3021.8168944829645 2409.0035923527334
3022.0 2410.0
3023.034462379668 2410.979181150804
3024.0 2412.0
3023.9763312390287 2413.121320742445
3024.0 2414.0
3025.107550186161 2414.2928943945303
3026.0 2414.0
3025.378367644007 2413.1213128903755
3024.0 2412.0
3022.6222439497965 2410.9792282632166
3022.0 2410.0
3022.888168657214 2409.003317530326
3024.0 2408.0
3024.0487441069204 2407.0008665548276
3024.0 2406.0
3024.819366701266 2404.9914831407114
3026.0 2404.0
3027.0350556854837 2403.0502346009052
3028.0 2402.0
3028.970299185831 2400.707109253859
3030.0 2400.0
3031.143149199529 2400.707109875942
3032.0 2402.0
3032.170805616993 2403.0502314904898
3032.0 2404.0
3031.832017098512 2404.991501181121
3032.0 2406.0
3032.8370917919374 2407.000761422786
3034.0 2408.0
3035.145432149864 2409.003930282164
3036.0 2410.0
3036.290315308879 2410.9756568842295
3036.0 2412.0
3035.1126759968647 2413.142128412461
3034.0 2414.0
3033.033628709936 2414.1715726410102
3032.0 2414.0
3030.6855517435215 2413.828435741482
3030.0 2414.0
3030.853060828935 2414.8578129101015
3032.0 2416.0
3032.1960832828668 2417.024686797911
3032.0 2418.0
3031.970439473865 2418.994066302436
3032.0 2420.0
3031.981279873943 2421.010915387477
3032.0 2422.0
3032.141881282475 2422.9404413727043
3032.0 2424.0
3031.167432431208 2425.346436376297
3030.0 2426.0
3028.853524130279 2424.9809403695162
3028.0 2424.0
3027.71142278712 2424.7679214066084
3028.0 2426.0
3028.8779391470016 2426.4115311908354
3030.0 2426.0
3031.0209423308734 2424.7628914483794
3032.0 2424.0
3032.9964068677587 2425.0111201188865
3034.0 2426.0
3035.0006164625756 2425.170387838301
3036.0 2424.0
3036.9998943567903 2423.9665528513106
3038.0 2424.0
3039.0000173966837 2423.030295053837
3040.0 2422.0
3041.0000012631085 2421.8516768256677
3042.0 2422.0
3042.999975024666 2421.8596439921566
3044.0 2422.0
3045.0001485888965 2422.9904592213916
3046.0 2424.0
3046.999133441954 2424.1976006794926
3048.0 2424.0
3049.005050759377 2423.8239367016545
3050.0 2424.0
3050.970562001785 2424.858779110583
3052.0 2426.0
3053.171577229915 2427.0233886348497
3054.0 2428.0
3053.999974618725 2429.00088908032
3054.0 2430.0
3054.8285750577334 2430.9712768832314
3056.0 2432.0
3057.028575034874 2433.171449620293
3058.0 2434.0
3058.999974733022 2434.0000253950107
3060.0 2434.0
3060.9715765669944 2434.8283980096417
3062.0 2436.0
3063.1705658650126 2437.029586547138
3064.0 2438.0
3064.0050282429293 2438.9940827075316
3064.0 2440.0
3064.7992646774114 2441.0059172076726
3066.0 2442.0
3067.1993836926017 2442.970414046432
3068.0 2444.0
3068.0044331669783 2445.1715985137357
3068.0 2446.0
3068.774017305528 2445.9999948711547
3070.0 2446.0
3071.351462999853 2446.828432259337
3072.0 2448.0
3071.1172046953543 2449.0294115728257
3070.0 2450.0
3069.9453088280216 2450.9950983037115
3070.0 2452.0
3069.210942336521 2452.999998604907
3068.0 2454.0
3066.789037152859 2455.0049100668484
3066.0 2456.0
3066.054834746331 2456.970540994004
3066.0 2458.0
3064.881954369158 2459.1718439691304
3064.0 2460.0
3064.6534390387187 2459.9983951912154
3066.0 2460.0
3067.197411398529 2460.837784883576
3068.0 2462.0
3068.1620925701095 2462.974895507328
3068.0 2464.0
3067.830033180817 2465.312842072459
3068.0 2466.0
3068.857708344991 2465.1480520579216
3070.0 2464.0
3071.023716749236 2463.7988455800137
3072.0 2464.0
3072.9999911595914 2464.058874461997
3074.0 2464.0
3074.9763362932144 2463.847907648003
3076.0 2464.0
3077.1419910811233 2464.853679649985
3078.0 2466.0
3078.171717220048 2467.030014452087
3078.0 2468.0
3077.8277055985914 2468.966233637496
3078.0 2470.0
3078.8620491884044 2471.1725837229387
3080.0 2472.0
3080.9999992709827 2471.9982640248704
3082.0 2472.0
3083.1379551857 2472.837832127838
3084.0 2474.0
3084.172269614817 2474.9747432081003
3084.0 2476.0
3083.828427125398 2477.3137086235593
3084.0 2478.0
3084.857167632795 2477.143005050547
3086.0 2476.0
3087.0285670778303 2475.8282610731585
3088.0 2476.0
3088.9714299002226 2475.887428510501
3090.0 2476.0
3091.1428535208333 2476.8471678638343
3092.0 2478.0
3092.1714489747765 2479.0295643064946
3092.0 2480.0
3091.8284526305097 2480.9754462972
3092.0 2482.0
3092.8578352421655 2483.117757910307
3094.0 2484.0
3095.0245359164983 2484.31800624096
3096.0 2484.0
3096.9949492588466 2482.974204643934
3098.0 2482.0
3099.0057685304246 2481.8367658954376
3100.0 2482.0
3100.9704395586073 2482.0051999834427
3102.0 2482.0
3103.1715941179327 2482.132034203906
3104.0 2482.0
3103.999995733796 2481.2025947931184
3104.0 2480.0
3104.8284314792927 2478.6523970373846
3106.0 2478.0
3107.029415390449 2478.883022982576
3108.0 2480.0
3108.9950761780146 2480.049465067158
3110.0 2480.0
3111.0001275414634 2480.8201866144777
3112.0 2482.0
3113.0041585732033 2483.0294152459774
3114.0 2484.0
3114.974921019314 2485.0033219096604
3116.0 2486.0
3117.1463153109116 2486.9506532960604
3118.0 2488.0
3118.147187115217 2489.2927583139785
3118.0 2490.0
3117.970561997789 2489.29279682007
3118.0 2488.0
3118.02944089805 2486.950460765603
3118.0 2486.0
3117.8527926139113 2485.004438586312
3118.0 2484.0
3118.8538034184817 2483.022907716526
3120.0 2482.0
3121.0243868751995 2480.858115114535
3122.0 2480.0
3122.9998753303216 2479.8284015962645
3124.0 2480.0
3124.9763611428725 2480.1714753078786
3126.0 2480.0
3127.1419578124423 2479.1427465564648
3128.0 2478.0
3128.1718919824734 2476.9720453533337
3128.0 2476.0
3127.8266902927207 2475.024981323533
3128.0 2474.0
3128.8679662612026 2472.878066705466
3130.0 2472.0
3130.9655121400638 2471.7066184436717
3132.0 2472.0
3133.3389608984153 2472.8822226325065
3134.0 2474.0
3133.0007224694464 2475.00004576129
3132.0 2476.0
3132.656704284906 2477.1175027997533
3134.0 2478.0
3135.0590518211175 2478.294937440192
3136.0 2478.0
3136.9889847883915 2477.112872559097
3138.0 2476.0
3139.0070394485374 2475.0278272052274
3140.0 2474.0
3140.968778520385 2472.7201642095406
3142.0 2472.0
3143.18028942915 2472.651187537532
3144.0 2474.0
3143.949484904715 2475.372710565268
3144.0 2476.0
3145.122801142561 2475.112549070861
3146.0 2474.0
3145.313708239919 2473.9519950095655
3144.0 2474.0
3142.9949494179273 2473.175480871745
3142.0 2472.0
3140.716595252521 2470.9951197599644
3140.0 2470.0
3140.705479066946 2468.8538005684695
3142.0 2468.0
3143.0505303458035 2467.882076829218
3144.0 2468.0
3144.9913388582318 2467.853738456225
3146.0 2468.0
3147.0014365048046 2468.995492433435
3148.0 2470.0
3149.0000421129434 2470.173306943166
3150.0 2470.0
3150.9983108175365 2469.964665907569
3152.0 2470.0
3153.010092981838 2470.0386976114205
3154.0 2470.0
3154.941131291437 2469.803148423908
3156.0 2470.0
3157.34311926954 2471.1424118451305
3158.0 2472.0
3157.0001530913255 2471.3423805053117
3156.0 2470.0
3156.6559621825086 2468.8033051230022
3158.0 2468.0
3159.0640738136235 2467.8377887566785
3160.0 2468.0
3160.959594935749 2468.1699623369304
3162.0 2468.0
3163.17835657188 2467.1424372217407
3164.0 2466.0
3163.9702656329696 2464.9754143326254
3164.0 2464.0
3165.000049630302 2463.005076782504
3166.0 2462.0
3166.0294365852187 2460.9941249723497
3166.0 2460.0
3166.8233308583895 2459.0301733834012
3168.0 2458.0
3169.0305782644464 2456.8248347272447
3170.0 2456.0
3170.9931995549337 2456.02081825313
3172.0 2456.0
3173.010224405954 2455.050255753975
3174.0 2454.0
3174.945454009342 2453.677647223023
3176.0 2454.0
3177.3170515379934 2454.8838609078866
3178.0 2456.0
3177.1522367627003 2457.019187329658
3176.0 2458.0
3175.7695278858073 2459.001015114167
3176.0 2460.0
3176.2305959224577 2460.974721985341
3176.0 2462.0
3174.846896579448 2463.150652973787
3174.0 2464.0
3174.688024600853 2464.121360171936
3176.0 2464.0
3177.024955815433 2464.121185994598
3178.0 2464.0
3179.162240506551 2463.1515238604784
3180.0 2462.0
3180.001601145262 2460.9696708425317
3180.0 2460.0
3180.828152621879 2459.0304510843343
3182.0 2458.0
3183.0294831234687 2456.8476226514654
3184.0 2456.0
3184.99494863731 2455.883813006875
3186.0 2456.0
3187.0008250526753 2455.849499307288
3188.0 2456.0
3189.0001010466403 2457.0191911493966
3190.0 2458.0
3190.9985686674863 2458.035353796331
3192.0 2458.0
3193.0084869484454 2458.768686072619
3194.0 2460.0
3194.950509641841 2461.352529767956
3196.0 2462.0
3197.288455200509 2461.116135319647
3198.0 2460.0
3197.318759155107 2459.950658314162
3196.0 2460.0
3194.79898986885 2459.17991479538
3194.0 2458.0
3193.8873016317925 2456.9698529135576
3194.0 2456.0
3193.8772003403956 2455.0009677232724
3194.0 2454.0
3194.849496325834 2453.0243407468074
3196.0 2452.0
3197.0258217045985 2450.8529877958836
3198.0 2450.0
3198.995573446573 2449.857732477892
3200.0 2450.0
3201.000737615964 2450.000617336765
3202.0 2450.0
3203.0000008576435 2450.1385635015176
3204.0 2450.0
3204.999257238176 2449.1680016541304
3206.0 2448.0
3207.0044557133037 2446.853426573701
3208.0 2446.0
3208.9740084820032 2445.7114389036647
3210.0 2446.0
3211.1514933946783 2446.877940004313
3212.0 2448.0
3212.11703114993 2449.020921070459
3212.0 2450.0
3212.146319705744 2450.996533572934
3212.0 2452.0
3211.005050615606 2452.9998774919377
3210.0 2454.0
3209.8233766006224 2455.0042014754426
3210.0 2456.0
3210.0546897806607 2456.9749136554083
3210.0 2458.0
3209.848484715413 2459.146316592106
3210.0 2460.0
3210.854401926863 2460.147186791954
3212.0 2460.0
3213.025103723413 2459.97056265617
3214.0 2460.0
3214.994975732663 2460.029437271025
3216.0 2460.0
3217.005041880612 2459.852813717681
3218.0 2460.0
3218.9747729836663 2460.853680422888
3220.0 2462.0
3221.146320217389 2463.0251037449916
3222.0 2464.0
3222.1473057119993 2464.9956971071642
3222.0 2466.0
3221.9698455106172 2467.0007136120253
3222.0 2468.0
3222.0336212242983 2469.000021220685
3222.0 2470.0
3221.828427143594 2470.999159063863
3222.0 2472.0
3222.995815914137 2473.0050243961387
3224.0 2474.0
3224.196677371585 2474.970694559306
3224.0 2476.0
3223.8241198563564 2477.1708082480236
3224.0 2478.0
3224.858603490281 2478.0044559525527
3226.0 2478.0
3227.0242592019604 2478.802456036662
3228.0 2480.0
3228.99584129796 2481.180807827477
3230.0 2482.0
3231.000693010282 2482.1126969984743
3232.0 2482.0
3233.0000006403498 2482.143010181677
3234.0 2482.0
3234.9993031476197 2481.0292419114685
3236.0 2480.0
3237.0041804739326 2479.6815383495123
3238.0 2480.0
3238.9756140087866 2480.881527991456
3240.0 2482.0
3241.1421354733484 2483.029293701751
3242.0 2484.0
3242.171573151124 2484.942709798038
3242.0 2486.0
3241.8284256199086 2487.3144475100253
3242.0 2488.0
3242.8578731294265 2487.1706051418114
3244.0 2486.0
3245.0243356035344 2485.661921639105
3246.0 2486.0
3246.996113249368 2486.8578650235586
3248.0 2488.0
3248.9989849002573 2489.190888219543
3250.0 2490.0
3251.009977349089 2489.9968056591842
3252.0 2490.0
3252.9411510052096 2490.8282778253515
3254.0 2492.0
3255.343116619655 2493.0335273887076
3256.0 2494.0
3255.000149276863 2494.9705578424037
3254.0 2496.0
3254.6559877191694 2497.1431255568714
3256.0 2498.0
3257.0639244081212 2498.1706888163694
3258.0 2498.0
3258.960465832103 2497.832741544914
3260.0 2498.0
3261.1732805992615 2498.8328619141494
3262.0 2500.0
3261.9998505723297 2501.1700869701917
3262.0 2502.0
3262.827615966759 2502.146616264703
3264.0 2502.0
3265.034453627114 2501.950215441594
3266.0 2502.0
3266.965662270557 2502.1520910857334
3268.0 2502.0
3269.1715727495466 2501.1372380440066
3270.0 2500.0
3270.004901232165 2499.024480650227
3270.0 2498.0
3270.7990198574635 2496.7158780546342
3272.0 2496.0
3273.2009796230536 2496.6802510219704
3274.0 2498.0
3273.995102404215 2499.202615813544
3274.0 2500.0
3274.82840595166 2500.104054096768
3276.0 2500.0
3277.0344618858276 2500.1730596058514
3278.0 2500.0
3278.9648227333764 2498.857588268125
3280.0 2498.0
3281.176601713918 2498.6814107854007
3282.0 2500.0
3281.9755669831184 2501.0539470194735
3282.0 2502.0
3282.9699963873745 2502.9949070977596
3284.0 2504.0
3284.2044546926336 2504.976610393973
3284.0 2506.0
3283.8032754568203 2507.145430538409
3284.0 2508.0
3284.9758925664437 2508.150806375575
