291 227
2995.9500729465008 2281.9075561679642
3286.046078295265 2508.0906412356585
1.0 1.0
3286.0 2508.0
3285.802287921522 2507.0922305898985
3285.5503273411014 2506.147568943837
3285.244118258739 2505.166015061817
3284.8836606744353 2504.1475689438375
3284.468954588189 2503.092230589899
3284.0 2502.0
3283.4767969098684 2500.8708771741426
3282.8993453177955 2499.704862112326
3282.2676452237806 2498.5019548145497
3281.5764684133696 2497.4097242246517
3280.820586672109 2496.575739286468
3280.0 2496.0
3279.1147083970413 2495.682506365247
3278.1647118632336 2495.6232583822084
3277.1500103985763 2495.8222560508857
3276.1019732897907 2496.0607523749213
3275.051969823599 2496.1200003579593
3274.0 2496.0
3272.946063818994 2495.700751301043
3271.8901612805803 2495.2222542610884
3270.8322923847613 2494.5645088801366
3269.8116918478827 2493.7813170813765
3268.867594386296 2492.9264807879977
3268.0 2492.0
3267.2089086889946 2491.0018747173835
3266.4943204532797 2489.932104940148
3265.8562352928566 2488.790690668294
3265.250097845131 2487.695789581263
3264.6313527475127 2486.765559358499
3264.0 2486.0
3263.3560396025937 2485.399111505768
3262.699471555293 2484.9628938758015
3262.0302958580987 2484.6913471101016
3261.3543877479933 2484.4883898754897
3260.6776224619607 2484.2579408387896
3260.0 2484.0
3259.321520362111 2483.7145673591217
3258.642183548294 2483.4016429161543
3257.9619895585492 2483.061226671098
3257.2902423335713 2482.707204499131
3256.636245814055 2482.3534622754314
3256.0 2482.0
3255.3815048914057 2481.646817672836
3254.7807604882737 2481.293915293939
3254.197766790603 2480.94129286331
3253.5708249172426 2480.6017164630566
3252.8382359870425 2480.2879521752866
3252.0 2480.0
3251.056116956118 2479.737859937197
3250.0065868553947 2479.5015319868767
3248.8514096978315 2479.291016149041
3247.729252607417 2479.015830055862
3246.7787827081393 2478.585491339515
3246.0 2478.0
3245.3929044829983 2477.259356037317
3244.9574961571343 2476.3635594514653
3244.6937750224083 2475.312610242446
3244.4981038827023 2474.1921920906607
3244.2668455418993 2473.0879886765124
3244.0 2472.0
3243.6975672570034 2470.928226061125
3243.359547312909 2469.8726668598856
3242.9859401677186 2468.833322396284
3242.6154574297016 2467.831017400174
3242.2868107071286 2466.8865766014133
3242.0 2466.0
3241.755025308316 2465.1712875959356
3241.551886632076 2464.400439389219
3241.3905839712797 2463.687455379851
3241.142484872421 2463.0439257305156
3240.6789568819954 2462.481440603899
3240.0 2462.0
3239.1056142264365 2461.5996039188185
3237.995799561304 2461.280252360355
3236.670556004604 2461.0419453246095
3235.4185222246574 2460.794317105617
3234.52833688979 2460.4470019974146
3234.0 2460.0
3233.833511555288 2459.4533111133746
3234.0288715556553 2458.8069353375377
3234.5860800011 2458.060872672491
3235.2352706685224 2457.3012827468892
3235.7065773348227 2456.6143251893927
3236.0 2456.0
3236.1155386640557 2455.458307178711
3236.0531933269876 2454.989246725526
3235.8129639887984 2454.5928186404453
3235.392075986432 2454.2868753019316
3234.7877546568316 2454.0892690884502
3234.0 2454.0
3233.028812015936 2454.0190680365813
3231.8741907046397 2454.1464731981937
3230.536136066111 2454.3822154848385
3229.301162301779 2454.533020997074
3228.4557836130757 2454.4056158354615
3228.0 2454.0
3227.933811462551 2453.316173490691
3228.257218000729 2452.3541363075337
3228.9702196145363 2451.1138884505285
3229.6898390917786 2449.848332048961
3230.0330992202666 2448.810369232118
3230.0 2448.0
3229.590541430978 2447.417224352607
3228.8047235132017 2447.062042289938
3227.6425462466705 2446.934453811994
3226.337580925323 2446.821431153606
3225.1233988431 2446.5099465496087
3224.0 2446.0
3222.9673843960236 2445.2915915047806
3222.0255520311703 2444.3847210639506
3221.1745029054414 2443.2793886775103
3220.5068975785025 2442.111969918289
3220.1153966100223 2441.0188403591196
3220.0 2440.0
3220.160707748437 2439.055448840931
3220.5975198553306 2438.1851868819126
3221.310436320684 2437.3892141229453
3222.1765891592177 2436.7289715588786
3223.073110385657 2436.2659001845636
3224.0 2436.0
3224.957258002248 2435.931271005187
3225.9448843924 2436.059713200126
3226.962879170457 2436.3853265848174
3227.9891230217454 2436.8475340617706
3229.0014966315935 2437.385758533498
3230.0 2438.0
3230.9846331269664 2438.6902584612762
3231.9553960124904 2439.456533917326
3232.9122886565747 2440.298826368151
3233.888672710308 2441.0747129593856
3234.917909824784 2441.6417708366694
3236.0 2442.0
3237.1349432359584 2442.1494004493793
3238.3227395326567 2442.0899721848054
3239.563388890097 2441.82171520628
3240.6788407164036 2441.370854848581
3241.4910444197058 2440.763616446488
3242.0 2440.0
3242.205707457288 2439.0800055091177
3242.1081667915687 2438.0036329738414
3241.707378002844 2436.7708823941703
3241.1493941023755 2435.5890468380167
3240.580268101428 2434.665419373294
3240.0 2434.0
3239.408589798092 2433.5927887181356
3238.806037495704 2433.443785527701
3238.1923430928377 2433.552990428697
3237.5359057804503 2433.7615307899814
3236.805124749505 2433.910533980416
3236.0 2434.0
3235.1205315319357 2434.0299288487336
3234.166719345312 2434.000320526616
3233.13856344013 2433.9111750336488
3232.0796156593624 2433.841768422092
3231.0334278459864 2433.87137674421
3230.0 2434.0
3228.979332121404 2434.2276381894635
3227.9714242101977 2434.5542913126
3226.976276266383 2434.9799593694106
3225.986400263371 2435.4100808996845
3224.994308174577 2435.7500944432145
3224.0 2436.0
3223.003475739641 2436.159797570041
3222.004735393499 2436.2294871533372
3221.0037789615744 2436.20906874989
3220.0019827604106 2436.142190624244
3219.000723106553 2436.0725010409474
3218.0 2436.0
3216.9998134407524 2435.924687501402
3216.000163428809 2435.846563545152
3215.001049964172 2435.765628131252
3214.0017031741627 2435.7367753548506
3213.0013531861055 2435.8148993111004
3212.0 2436.0
3210.997643615846 2436.29207742155
3209.994284033644 2436.6911315757498
3208.9899212533946 2437.1971624626003
3207.9877981946115 2437.659379468873
3206.991157776814 2437.92699198134
3206.0 2438.0
3205.01432486417 2437.878403524855
3204.034132369323 2437.5622025559032
3203.059422515462 2437.051397093146
3202.0715076581632 2436.529170054134
3201.0517001530097 2436.1787043564186
3200.0 2436.0
3198.9164071991345 2435.9930569848784
3197.800921750413 2436.1578753110525
3196.653543653836 2436.4944549785246
3195.5831558564064 2436.9433779841015
3194.698641305128 2437.445226324593
3194.0 2438.0
3193.487231941023 2438.607699010321
3193.1603371281967 2439.2683233555563
3193.0193155615216 2439.981873035707
3192.874001647841 2440.6994509301444
3192.534229794001 2441.3721599182422
3192.0 2442.0
3191.2713122658392 2442.5829711754177
3190.348166591517 2443.1210734444953
3189.2305629770344 2443.614306807234
3188.061723145433 2443.971027546142
3186.9848688197553 2444.099591943731
3186.0 2444.0
3185.107116686168 2443.67225171495
3184.306218878258 2443.11634708858
3183.597306576272 2442.3322861208912
3182.97788170178 2441.474383793004
3182.445446176356 2440.6969550860404
3182.0 2440.0
3181.6415431727105 2439.383518534883
3181.370075694489 2438.8475106906894
3181.1855975653352 2438.3919764674197
3180.9598755327734 2438.071558584723
3180.5646763443283 2437.9408997622495
3180.0 2438.0
3179.2658464997885 2438.2488592979735
3178.362215843694 2438.68747765617
3177.2891080317168 2439.31585507459
3176.1517539904685 2439.8740424764346
3175.0553846465627 2440.1020907849047
3174.0 2440.0
3172.9856000507793 2439.5677701217205
3172.0121847989017 2438.8054011500662
3171.079754244367 2437.712893085038
3170.351822746639 2436.4619643344454
3169.991904665183 2435.224333306099
3170.0 2434.0
3170.3761087510893 2432.7889644161464
3171.1202309184505 2431.59122655454
3172.232366502085 2430.40678641518
3173.515087307477 2429.354171516891
3174.7709651401155 2428.551909378498
3176.0 2428.0
3177.2021918871296 2427.6984433813986
3178.3775408015053 2427.6472395226924
3179.5260467431267 2427.8463884238827
3180.557653408497 2428.079673230876
3181.3823044941223 2428.130877089582
3182.0 2428.0
3182.4107399261316 2427.68704196213
3182.614524272516 2427.1920029759717
3182.611353039155 2426.5148830415264
3182.47232557487 2425.7233446534074
3182.268541228485 2424.8850503062326
3182.0 2424.0
3181.6667018894136 2423.068193734711
3181.2686468967268 2422.0896315103646
3180.8058350219408 2421.0643133269614
3180.3861709200564 2420.024703293122
3180.1175592460763 2419.003265517468
3180.0 2418.0
3180.0334931818284 2417.014906740717
3180.2180387915605 2416.0479857396185
3180.553636829198 2415.099236996706
3180.9884266825684 2414.3506578100805
3181.4705477395028 2413.984245477846
3182.0 2414.0
3182.576783464061 2414.397921376544
3183.2008981316853 2415.1780096074776
3183.8723440028734 2416.3402646928016
3184.572157873422 2417.6491276241686
3185.2813765391315 2418.869039393235
3186.0 2420.0
3186.728028256028 2421.0420094444626
3187.4654613072153 2421.9950677266243
3188.2122991535625 2422.8591748464846
3188.911959410229 2423.532354222681
3189.507859692375 2423.912629273853
3190.0 2424.0
3190.3883803331046 2423.7944664011216
3190.673000691688 2423.296028477218
3190.8538610757505 2422.5046862282898
3190.8449745540906 2421.6011914841856
3190.5603541955074 2420.766296074756
3190.0 2420.0
3189.1639119675683 2419.3023032599176
3188.052090098213 2418.6732058545094
3186.6645343919336 2418.1127077837755
3185.3515265985575 2417.527163538869
3184.4633484679134 2416.822927610944
3184.0 2416.0
3183.9614811948186 2415.058380706038
3184.347792052368 2413.998069729056
3185.158932572649 2412.8190670690565
3186.156976965675 2411.6802717270434
3187.103999441458 2410.740582704025
3188.0 2410.0
3188.8449786412993 2409.4585236149687
3189.6389353653562 2409.11615354893
3190.3818701721716 2408.9728898018866
3191.0399449407264 2408.835650543311
3191.5793215500016 2408.511353942683
3192.0 2408.0
3192.301980290718 2407.3015887152624
3192.4852624221576 2406.416120088471
3192.5498463943195 2405.343594119625
3192.4922422788536 2404.4169361241957
3192.308960147414 2403.969071417654
3192.0 2404.0
3191.5653618366114 2404.509721871233
3191.005045657248 2405.498237031354
3190.3190514619114 2406.965545480363
3189.562156941705 2408.4405104892903
3188.7891397877343 2409.4519953291697
3188.0 2410.0
3187.194737578501 2410.0845245017813
3186.373352523239 2409.705568834514
3185.535844834213 2408.8631329981977
3184.8014827375832 2407.8288898289484
3184.2895344595127 2406.8745121628826
3184.0 2406.0
3183.932879359046 2405.205353340301
3184.08817253665 2404.490572183785
3184.4658795328123 2403.8556565304525
3184.962279966127 2403.252817203686
3185.4736534551903 2402.634265026868
3186.0 2402.0
3186.5413196005575 2401.350022123081
3187.097612256862 2400.6843313961112
3187.668877968914 2400.0029278190905
3188.3137263545404 2399.3208736156053
3189.090767031569 2398.6532310092416
3190.0 2398.0
3191.041425259832 2397.36118058788
3192.2150428110663 2396.7367727728815
3193.520852653703 2396.1267765550047
3194.710917462183 2395.488607769349
3195.537299910949 2394.7796822510145
3196.0 2394.0
3196.099017729337 2393.149561016307
3195.834353098959 2392.228365299934
3195.2060061088678 2391.236412850882
3194.5318799834713 2390.1919242127447
3194.129877947182 2389.113119929118
3194.0 2388.0
3194.142246141924 2386.8525644253923
3194.556616372955 2385.6708132052936
3195.2431106930926 2384.4547463397057
3196.0978026369867 2383.359846954182
3197.0167657392894 2382.541598174281
3198.0 2382.0
3199.0475054191174 2381.7350524313415
3200.159281996643 2381.7467554683035
3201.335329732577 2382.0351091108873
3202.43685975016 2382.3156607288292
3203.325083172634 2382.303957691867
3204.0 2382.0
3204.461610232256 2381.4037876532284
3204.709913869404 2380.5153206515524
3204.744910911443 2379.334598994972
3204.6143721953836 2378.0795220061755
3204.366068558236 2376.967989007851
3204.0 2376.0
3203.516166520676 2375.175554982621
3202.9145681202635 2374.4946539557145
3202.1952047987634 2373.9572969192805
3201.432462633093 2373.4294294563397
3200.700727700172 2372.776997149913
3200.0 2372.0
3199.3302795325762 2371.0984380066006
3198.6915662979018 2370.0723111697157
3198.0838602959766 2368.9216194893443
3197.6797408949446 2367.7883457002295
3197.6517874629526 2366.8144725371144
3198.0 2366.0
3198.724378506087 2365.3449280888844
3199.8249229812127 2364.8492568037686
3201.301633425378 2364.512986144653
3202.7113142194594 2364.284940786725
3203.6107697443335 2364.113945405174
3204.0 2364.0
3203.8790049864588 2363.9431045712026
3203.2477847037107 2363.9432591187815
3202.106339151755 2364.0004636427375
3200.7190404549647 2364.057565134973
3199.350260737713 2364.0574105873948
3198.0 2364.0
3196.668258241825 2363.8853333727902
3195.355035463188 2363.7134107057645
3194.060331664091 2363.4842319989243
3192.97444305075 2363.1474461812113
3192.2876658293867 2362.65270218157
3192.0 2362.0
3192.1114455625902 2361.189339636501
3192.622002517157 2360.220721091073
3193.531670863701 2359.0941443637166
3194.5454123516442 2357.946646666645
3195.3681887304115 2356.9152652120733
3196.0 2356.0
3196.4408461604125 2355.200851030426
3196.690727211647 2354.5178183033513
3196.7496431537047 2353.9509018187755
3196.641971728272 2353.3948960411385
3196.3920906770372 2352.74459543488
3196.0 2352.0
3195.4656996971607 2351.161109736498
3194.789189768518 2350.2279246443745
3193.970470214074 2349.2004447236295
3193.158312834279 2348.1284215309665
3192.501489429588 2347.0616066230905
3192.0 2346.0
3191.653844545515 2344.943601661696
3191.4630230661323 2343.892411608178
3191.4275355618533 2342.846429839447
3191.5192623771622 2341.8345747730605
3191.7100838565448 2340.8857648265785
3192.0 2340.0
3192.389010807529 2339.177280293326
3192.8771162791313 2338.4176057065556
3193.4643164148074 2337.7209762396897
3194.1705573471922 2337.0863520528924
3195.0157852089237 2336.512693306329
3196.0 2336.0
3197.1232017204225 2335.548272133904
3198.38539037019 2335.1575097080427
3199.7865659493036 2334.827712722415
3201.012949095238 2334.536201798472
3201.7507604454704 2334.2602975576674
3202.0 2334.0
3201.7606677588265 2333.755309125469
3201.0327637219493 2333.526224934075
3199.81628788937 2333.312747425819
3198.4184147480414 2333.0297704896025
3197.146318784918 2332.592188014329
3196.0 2332.0
3194.979458393286 2331.2532064466136
3194.084693964777 2330.351807354171
3193.315706714474 2329.2958027226714
3192.698784638731 2328.1740641528004
3192.260215733907 2327.0754632452436
3192.0 2326.0
3191.918137437011 2324.94767441707
3192.014628044939 2323.9184864964536
3192.289471823786 2322.9124362381517
3192.7222107529014 2322.148066815815
3193.29238681164 2321.843921403098
3194.0 2322.0
3194.845050317982 2322.6163026065215
3195.8275377655855 2323.692829222661
3196.947462342812 2325.2295798484206
3198.0790619549684 2326.7153127300858
3199.0965745073645 2327.638786113946
3200.0 2328.0
3200.7893384328745 2327.7989543882486
3201.464589805988 2327.0356492786905
3202.0257541193423 2325.7100846713274
3202.581195295064 2324.226723470335
3203.2392772552826 2322.990028579893
3204.0 2322.0
3204.8633635292135 2321.2566377306566
3205.8293678429245 2320.7599417718625
3206.898012941134 2320.509912123618
3207.9893218302013 2320.368790892347
3209.0233175164904 2320.1988201844742
3210.0 2320.0
3210.9193692807303 2319.7723303389234
3211.781425358681 2319.5158112012446
3212.5861682338536 2319.2304425869643
3213.260651501502 2318.8938645089142
3213.731928756885 2318.4837169799257
3214.0 2318.0
3214.0648652308496 2317.4427135691367
3213.926524449432 2316.811857687335
3213.584977655747 2316.107432354596
3213.113435827452 2315.3791331652797
3212.5851099422034 2314.676655713748
3212.0 2314.0
3211.358106000843 2313.3491660240365
3210.6594279447318 2312.724153785857
3209.903965831666 2312.124963285462
3209.1698446448963 2311.498003166075
3208.5351893676752 2310.7896820709207
3208.0 2310.0
3207.5642765418725 2309.128956953312
3207.2280189932917 2308.176552930856
3206.9912273542595 2307.142787932634
3206.756385192057 2306.0772922827146
3206.4259760739715 2305.02969630517
3206.0 2304.0
3205.478456970145 2302.9882033672047
3204.8613469844045 2301.9943064067834
3204.148670042781 2301.0183091187373
3203.4029553138716 2300.0382431376383
3202.686731966278 2299.0321400980592
3202.0 2298.0
3201.342759415037 2296.9418228434615
3200.715010211389 2295.857608628443
3200.116752389057 2294.747357354945
3199.492549591379 2293.6932488914586
3198.786965461693 2292.7774631064767
3198.0 2292.0
3197.1316532062997 2291.360859572027
3196.181925080592 2290.8600418225587
3195.1508156228774 2290.497546751595
3194.0861915823007 2290.2467079580542
3193.0359197080084 2290.080859040856
3192.0 2290.0
3190.978432458276 2290.0041308354857
3189.9712170828366 2290.0932515473137
3188.978353873681 2290.2673621354843
3187.990300914818 2290.3820589157685
3186.997516290258 2290.292938203941
3186.0 2290.0
3184.997752044044 2289.503244303946
3183.9907724223895 2288.8026711157786
3182.979061135038 2287.898280435499
3181.9720029287887 2287.016494102886
3180.978982550443 2286.38373395772
3180.0 2286.0
3179.0350552774607 2285.865292229727
3178.0841483828235 2285.9796106469003
3177.147279316091 2286.342955251521
3176.177681512448 2286.8523098002474
3175.1285884070853 2287.4046580497406
3174.0 2288.0
3172.7919162911935 2288.638335651026
3171.504337280666 2289.3196650028176
3170.1372629684174 2290.0439880553763
3168.961907996519 2290.7585359845175
3168.2494870070477 2291.410539966059
3168.0 2292.0
3168.2134469753773 2292.5269160863404
3168.8898279331793 2292.9912882250806
3170.029142873407 2293.3931164162213
3171.3842038417656 2293.707585403756
3172.7078228839637 2293.909879931683
3174.0 2294.0
3175.260735189876 2293.9779456087076
3176.4900284535897 2293.843716757806
3177.687879791143 2293.597313447295
3178.7328689528863 2293.440396037385
3179.503575689172 2293.574624888287
3180.0 2294.0
3180.2221418853696 2294.7165213725243
3180.1700013452805 2295.7241890058594
3179.8435783797345 2297.023002900007
3179.3296935520248 2298.316705038597
3178.715167425447 2299.3090374052613
3178.0 2300.0
3177.184191275685 2300.3895928228126
3176.2677412525018 2300.477815873699
3175.25064993045 2300.2646691526606
3174.1778586238534 2299.9927070643635
3173.0943086470375 2299.904484013477
3172.0 2300.0
3170.894932682742 2300.2792550239333
3169.779106695263 2300.7422490852764
3168.6525220375647 2301.38898218403
3167.603154704851 2301.9492747974427
3166.7189806923298 2302.1529474027666
3166.0 2302.0
3165.446212627862 2301.490432589144
3165.0576185759155 2300.6242451701974
3164.8342178441617 2299.4014377431618
3164.6476575914826 2298.0894219287566
3164.3695849767623 2296.9556093477026
3164.0 2296.0
3163.538902661197 2295.222593885649
3162.9862929603514 2294.623391004649
3162.3421708974656 2294.202391357001
3161.622010857364 2293.958638074463
3160.841287224876 2293.8911742887963
3160.0 2294.0
3159.098149182737 2294.2851152080743
3158.1357347730855 2294.7465199130193
3157.1127567710473 2295.3842141148343
3156.064721708776 2296.1587496244642
3155.027136118427 2297.0306782528532
3154.0 2298.0
3152.9833133534944 2299.0667148659063
3151.9770761789114 2300.230822850571
3150.9812884762505 2301.492323953994
3149.989658889978 2302.6444197343076
3148.9958960645613 2303.480311749643
3148.0 2304.0
3147.001970696295 2304.203484485379
3146.0018081534445 2304.09076520578
3144.9995123714507 2303.661842161203
3143.997324951356 2303.085843080802
3142.997487494206 2302.531895693735
3142.0 2302.0
3141.004862468739 2301.4901559995983
3140.012074900421 2301.0023636925284
3139.021637295048 2300.536623078792
3138.0263914018865 2300.173855114212
3137.019178970204 2299.9949807546154
3136.0 2300.0
3134.968854491276 2300.1889128503676
3133.9257424440298 2300.561719305716
3132.8706638582635 2301.1184193660483
3131.844326637327 2301.648804011702
3130.887438684573 2301.942664223019
3130.0 2302.0
3129.182010583609 2301.8208113426435
3128.4334704353996 2301.4050982509507
3127.754379555372 2300.752860724921
3127.1298709963726 2300.1555430377975
3126.5450778112486 2299.904589462824
3126.0 2300.0
3125.4946375626264 2300.4417746493255
3125.0289904991278 2301.2299134108007
3124.6030588095055 2302.3644162844257
3124.2653362733254 2303.6401599837336
3124.064316670157 2304.8520212222584
3124.0 2306.0
3124.0723862628547 2307.084096316958
3124.28147545872 2308.1043101731325
3124.6272675875975 2309.0606415685243
3125.0558891414526 2310.0034970597985
3125.513466612254 2310.983283203624
3126.0 2312.0
3126.515489304691 2313.053647448926
3127.059934526327 2314.1442255504016
3127.6333356649093 2315.2717343044287
3128.065995544622 2316.3388576574707
3128.1882169896526 2317.248279555995
3128.0 2318.0
3127.501344575664 2318.5940189894873
3126.6922507166455 2319.0303365244554
3125.5727184229445 2319.3089526049057
3124.325915368588 2319.518912550932
3123.135009227607 2319.7492616826303
3122.0 2320.0
3120.9208876857665 2320.2711275030415
3119.897672284907 2320.5626441917548
3118.9303537974224 2320.8745500661394
3117.9785122438434 2321.2143337036036
3117.0017276447024 2321.589483681558
3116.0 2322.0
3114.9733293097356 2322.4458826589307
3113.921715573909 2322.9271316583504
3112.845158792521 2323.4437469982595
3111.80301116835 2323.8617518941096
3110.8546249041765 2324.047169561357
3110.0 2324.0
3109.2391364558207 2323.7202432100394
3108.5720342716386 2323.207899191474
3107.9986934474537 2322.462967944306
3107.4256429682787 2321.6151549317356
3106.7594118191278 2320.794165616968
3106.0 2320.0
3105.1474075108963 2319.232658080834
3104.201634351816 2318.492139859469
3103.1626805227597 2317.7784453359054
3102.0875754664235 2317.11398518214
3101.0333486255035 2316.521170070172
3100.0 2316.0
3098.9875295899133 2315.5504749716247
3097.9959373952433 2315.172594985045
3097.02522341599 2314.866360040263
3096.048904233182 2314.5898228643105
3095.0404964278528 2314.3010361842234
3094.0 2314.0
3092.927414949624 2313.6867143116415
3091.8227412767255 2313.361179119147
3090.6859789813043 2313.0233944225174
3089.618999134482 2312.6804109653285
3088.7236728073804 2312.339279491156
3088.0 2312.0
3087.4479807123403 2311.6625724918604
3087.0676149444016 2311.3269969667376
3086.8589026961845 2310.9932734246313
3086.68154540437 2310.661044677051
3086.3952445056425 2310.3299535355077
3086.0 2310.0
3085.4958118874442 2309.671184070528
3084.8826801679743 2309.3435057470924
3084.160604841591 2309.016965029693
3083.4028395504088 2308.686654305695
3082.6826379365457 2308.3476659624644
3082.0 2308.0
3081.3549257407717 2307.643656418303
3080.747415158861 2307.2786352173725
3080.1774682542687 2306.904936397209
3079.568083959838 2306.55236282211
3078.8422612084155 2306.250717356374
3078.0 2306.0
3077.041300334592 2305.8002107529887
3075.9661622121903 2305.6513496153398
3074.774585632797 2305.553416587053
3073.6331011350035 2305.554724317199
3072.708239257405 2305.7035854548485
3072.0 2306.0
3071.508383362789 2306.443967952655
3071.2333893457726 2307.035489312812
3071.17501794895 2307.7745640804724
3071.299975896805 2308.563735719139
3071.5749699138223 2309.3055476923146
3072.0 2310.0
3072.5750661553393 2310.6470926421953
3073.3001683798393 2311.246825618899
3074.1753066735014 2311.7991989301127
3075.011487928607 2312.3961947013013
3075.6197190374405 2313.1297950579306
3076.0 2314.0
3076.1523308162873 2315.00680952751
3076.076711486301 2316.150223640461
3075.773142010042 2317.430242338852
3075.2977631982176 2318.614651628609
3074.7067158615373 2319.471237515659
3074.0 2320.0
3073.1776156136066 2320.200939081633
3072.239562702355 2320.074054760558
3071.1858412662477 2319.6193470367753
3070.090821770974 2319.027006638153
3069.028874682225 2318.487224292561
3068.0 2318.0
3067.0041977243 2317.565333760469
3066.0414678551238 2317.1832255739682
3065.1118103924728 2316.8536754404977
3064.1573061759386 2316.5566418758053
3063.1200360451144 2316.2720833956396
3062.0 2316.0
3060.7971980405955 2315.740391688887
3059.511630166901 2315.4932584622993
3058.1432963789166 2315.258600320239
3056.9653411733952 2314.9664754403475
3056.25090904709 2314.5469420002673
3056.0 2314.0
3056.2126140321266 2313.3256494395437
3056.8887511434687 2312.5238903188997
3058.0284113340267 2311.5947226380677
3059.161757894801 2310.75561659322
3059.818954116792 2310.224042380531
3060.0 2310.0
3059.7048955444243 2310.0834894516265
3058.933640750065 2310.4745107354115
3057.686235616923 2311.173063851355
3056.2863336800197 2311.8331583336635
3055.0575884743785 2312.108803716545
3054.0 2312.0
3053.1135682568834 2311.506747184028
3052.398293245029 2310.629045268629
3051.854174964437 2309.3668942538034
3051.342462247303 2308.0232111825767
3050.724403925825 2306.9009130979757
3050.0 2306.0
3049.1692504698312 2305.32047188865
3048.2321553353167 2304.862328763925
3047.1887145964574 2304.6255706258253
3046.1033372806073 2304.47201901532
3045.040432415122 2304.2634954733785
3044.0 2304.0
3042.982040035243 2303.6815325951848
3041.9865525208493 2303.3080932589323
3041.013537456821 2302.879681991244
3040.037514069054 2302.4780080588343
3039.0330015834465 2302.18478072842
3038.0 2302.0
3036.938509318713 2301.923665873575
3035.848529539586 2301.955778349144
3034.730060662619 2302.0963374267094
3033.6715783050695 2302.215488187227
3032.761558084197 2302.183375711658
3032.0 2302.0
3031.3869040524796 2301.665361052255
3030.922270241635 2301.1794588684215
3030.606098567467 2300.542293448501
3030.3774605449726 2299.7846183733577
3030.17542768915 2298.937187223857
3030.0 2298.0
3029.8511774775216 2296.9730567017855
3029.7289601217153 2295.856357329214
3029.6333479325813 2294.6499018822856
3029.619213980651 2293.5212460170715
3029.741431336457 2292.637945389643
3030.0 2292.0
3030.3949199712793 2291.607409848143
3030.9261912502952 2291.460174934072
3031.5938138370475 2291.5582952577865
3032.3517000155666 2291.754572190882
3033.1537620698846 2291.9018071049527
3034.0 2292.0
3034.890413805914 2292.049150876023
3035.8250034876246 2292.0492597330217
3036.8037690451347 2292.0003265709965
3037.826141481503 2291.9513208376384
3038.8915517997916 2291.9512119806395
3040.0 2292.0
3041.1514860821285 2292.09768489572
3042.346010046177 2292.244266667798
3043.583571892146 2292.4397453162364
3044.6914510954157 2292.537502783288
3045.496927131367 2292.3909210112092
3046.0 2292.0
3046.200669701315 2291.3647397496597
3046.098936235311 2290.4851402601885
3045.694799601989 2289.361201531587
3045.136263057114 2288.156995795966
3044.571329856451 2287.036595285437
3044.0 2286.0
3043.4222734877626 2285.047209939655
3042.838150319736 2284.1782251044024
3042.2476304959227 2283.393045494242
3041.6020816730143 2282.742744663138
3040.8528715077073 2282.2783961650575
3040.0 2282.0
3039.043467149892 2281.9075561679642
3037.9832729573845 2282.001064668951
3036.8194174224773 2282.2805255029607
3035.6956913492413 2282.7198695585344
3034.755885541749 2283.293027724214
3034.0 2284.0
3033.4280347239937 2284.8407863858915
3033.0399897137304 2285.8153868818895
3032.835864969211 2286.9238014879934
3032.6682146759777 2288.049149096765
3032.389593019574 2289.0745486007677
3032.0 2290.0
3031.4994356172565 2290.8255032944635
3030.8878998713417 2291.551058484157
3030.1653927622574 2292.176665569081
3029.406131706004 2292.7630136386533
3028.6843341185854 2293.370791782293
3028.0 2294.0
3027.353129350249 2294.650638291774
3026.7437221693317 2295.322706657615
3026.1717784572493 2296.0162050975237
3025.783883976888 2296.706102404649
3025.726624491139 2297.3673673721414
3026.0 2298.0
3026.6040105034717 2298.604000288226
3027.538656001554 2299.179368236819
3028.803936494248 2299.726103845778
3030.1127866548863 2300.333705266787
3031.1781411568036 2301.091670651528
3032.0 2302.0
3032.578363184475 2303.0586933122045
3032.913230710229 2304.2677505881397
3033.0046025772617 2305.6271718278076
3032.8727294271253 2306.8472215501843
3032.537861901371 2307.6381642742485
3032.0 2308.0
3031.2591437230108 2307.932728727439
3030.315293070404 2307.4363504565654
3029.1684480421804 2306.510865187379
3027.984170115694 2305.4718543209974
3026.928020768301 2304.6348992585376
3026.0 2304.0
3025.2001078107924 2303.567156545384
3024.5283442006767 2303.33636889469
3023.984709169655 2303.3076370479184
3023.4444721009318 2303.4327636349426
3022.7829023777135 2303.6635512856365
3022.0 2304.0
3021.0957649677916 2304.4421097780332
3020.0701972810875 2304.9898806197357
3018.9232969398895 2305.6433125251087
3017.7934417231595 2306.37600831379
3016.819009409863 2307.161570805421
3016.0 2308.0
3015.33641349357 2308.891295897529
3014.828249890572 2309.8354584980057
3014.4755091910083 2310.832487801432
3014.2393220045533 2311.866742037873
3014.080818940884 2312.922579437396
3014.0 2314.0
3013.9968651819017 2315.099003725686
3014.0714144865888 2316.219590614453
3014.223647914061 2317.361760666302
3014.326181805075 2318.4235394589723
3014.251632500389 2319.302952570205
3014.0 2320.0
3013.5712843039096 2320.5146817483574
3012.9654854121177 2320.846997815276
3012.1826033246252 2320.9969482007573
3011.3591427205483 2321.1475767638476
3010.6316082790067 2321.481927363596
3010.0 2322.0
3009.4643178835286 2322.7017946730616
3009.024561929591 2323.5873113827797
3008.6807321381893 2324.6565501291557
3008.4078507605223 2325.8021110690515
3008.1809400477932 2326.9165943593334
3008.0 2328.0
3007.865030617144 2329.0523279910512
3007.7760318992237 2330.0735783324876
3007.7330038462405 2331.0637510243096
3007.74930827187 2332.0397568218395
3007.838306989791 2333.018506480403
3008.0 2334.0
3008.2343873024997 2334.984237380629
3008.5414688972887 2335.9712186222914
3008.921244784369 2336.9609437249874
3009.318521830477 2337.9593479999075
3009.678106902354 2338.9723667582452
3010.0 2340.0
3010.2842011234143 2341.0422477251714
3010.5307102725965 2342.0991099337593
3010.739527447548 2343.1705866257653
3010.7840051897106 2344.2041551787115
3010.5374960405284 2345.147292970123
3010.0 2346.0
3009.1715170681273 2346.7622762683422
3008.0520472449084 2347.434121775149
3006.6415905303447 2348.015536520422
3005.3107803645926 2348.5934987056007
3004.430250187812 2349.2549865321266
3004.0 2350.0
3004.020029801159 2350.82853910922
3004.490339591288 2351.7406038597874
3005.410929370387 2352.7361942517027
3006.4624237338444 2353.790408143239
3007.3254472770486 2354.8783433926715
3008.0 2356.0
3008.4860819026985 2357.155377965225
3008.7836929851437 2358.344477288346
3008.892833247336 2359.5672979693636
3008.803566121231 2360.664052434967
3008.5059550387864 2361.4749531118455
3008.0 2362.0
3007.2857010048733 2362.23919309943
3006.3630580534054 2362.1925324101353
3005.2320711455973 2361.8600179321165
3004.0495128721004 2361.336388358072
3002.972155823568 2360.7163823806995
3002.0 2360.0
3001.133045401395 2359.187241215973
3000.371292027755 2358.278106028618
2999.7147398790785 2357.2725944379363
2999.1215788683844 2356.4287285277123
2998.549998908692 2356.0045303817337
2998.0 2356.0
2997.4715821423083 2356.415137382511
2996.9647453356174 2357.2499425292663
2996.4794895799278 2358.5044154402676
2996.1099028064764 2359.8690182534306
2995.9500729465008 2361.034213106675
2996.0 2362.0
2996.2596839669754 2362.7663789334065
2996.7291248474266 2363.333349906893
2997.408322641353 2363.700912920461
2998.2190042927564 2363.9127175072595
2999.082896745639 2364.0124132004394
3000.0 2364.0
3000.9703140558395 2363.8754779059414
3001.993838913157 2363.638846918263
3003.0705745719542 2363.2901070369667
3004.1316269925387 2362.8768989252326
3005.10810213522 2362.446863246244
3006.0 2362.0
3006.807320586877 2361.536309186501
3007.5300638958506 2361.0557908057467
3008.1682299269223 2360.5584448577383
3008.7690115297883 2360.1592222746763
3009.379601554148 2359.973073988764
3010.0 2360.0
3010.630206867345 2360.2400003083853
3011.2702221561817 2360.6930749139196
3011.920045866512 2361.3592238166034
3012.587637162061 2362.167767426708
3013.280955206558 2363.048026154507
3014.0 2364.0
3014.7447715423896 2365.023688963187
3015.515269833725 2366.1190930440675
3016.311494874008 2367.2862122426427
3017.0384988311775 2368.38972872063
3017.601333873175 2369.2943246397494
3018.0 2370.0
3018.234497211653 2370.506754801382
3018.304825508133 2370.814589043896
3018.210984889442 2370.9235027275417
3018.070258739763 2370.8271935828443
3017.9999304432827 2370.519359340331
3018.0 2370.0
3018.0704674099156 2369.2691155618527
3018.211332673029 2368.326706025888
3018.4225957893414 2367.1727713921073
3018.762170952466 2365.980443115636
3019.287972356019 2364.9228526516
3020.0 2364.0
3020.8982538844084 2363.211885160835
3021.9827340092456 2362.558508134106
3023.2534403745112 2362.0398689198128
3024.4678266565506 2361.7345921677834
3025.383346531714 2361.721302527846
3026.0 2362.0
3026.317787061408 2362.5706845842465
3026.336707715939 2363.433356280584
3026.0567619635935 2364.5880150890143
3025.7642024415595 2365.8342260998857
3025.745281787029 2366.9715544035475
3026.0 2368.0
3026.528357080474 2368.919562889243
3027.33035302845 2369.7302430712766
3028.4059878439293 2370.4320405461012
3029.3914031385348 2371.0378290106805
3029.9227405238926 2371.5604821619804
3030.0 2372.0
3029.62318156686 2372.3563825247397
3028.7922852244706 2372.6296297361996
3027.507310972833 2372.81974163438
3026.109600949454 2373.049910947142
3024.9404972918433 2373.4433304023487
3024.0 2374.0
3023.288109073924 2374.719919740096
3022.804824513615 2375.6030896226357
3022.550146319074 2376.649509647621
3022.3954356091826 2377.7738164175785
3022.212053502825 2378.8906465350387
3022.0 2380.0
3021.7592751007082 2381.1018768124636
3021.4898788049486 2382.1962769724287
3021.1918111127234 2383.283200479896
3020.851118728781 2384.3071905473857
3020.4538483578735 2385.212790387421
3020.0 2386.0
3019.489573655161 2386.6688193851232
3018.9225693233566 2387.219248542791
3018.2989870045876 2387.651287473004
3017.6089631292425 2387.9385958536595
3016.8426341277136 2388.0548333626584
3016.0 2388.0
3015.0810607461026 2387.7740957656843
3014.0858163660214 2387.3771206597107
3013.0142668597555 2386.809074682081
3011.9395469402098 2386.283456552877
3010.934791320292 2386.0137649921835
3010.0 2386.0
3009.135172979335 2386.242161576327
3008.3403102582965 2386.7402497211633
3007.615411836885 2387.49426443451
3006.9759774517206 2388.360664829077
3006.4375068394256 2389.1959100175736
3006.0 2390.0
3005.6634569334433 2390.772934776356
3005.427877639756 2391.5147143466415
3005.293262118938 2392.2253387108576
3005.315699460578 2392.885887805993
3005.551278754265 2393.477441569041
3006.0 2394.0
3006.6618631977813 2394.4535630988703
3007.5368683476104 2394.8381308656512
3008.625015449487 2395.1537033003447
3009.7964924514768 2395.4351194460714
3010.921487301648 2395.717218345957
3012.0 2396.0
3013.0320305465325 2396.2834644082004
3014.017578941245 2396.567611570558
3014.9566451841392 2396.8524414870735
3015.9053458305575 2397.170062184239
3016.9197974358444 2397.5525816885483
3018.0 2398.0
3019.1459535230233 2398.512317118595
3020.3576580049153 2399.0895330443327
3021.635113445676 2399.7316477772138
3022.7714325651746 2400.43339633738
3023.5597280832826 2401.1895137449756
3024.0 2402.0
3024.0922483153254 2402.8648551024526
3023.8364730292597 2403.784079052334
3023.232674141804 2404.757671849645
3022.577169889502 2405.7851153470338
3022.166278508901 2406.865891397152
3022.0 2408.0
3022.078334362799 2409.187441155577
3022.4012815972983 2410.4282148638827
3022.9688417034986 2411.7223211249184
3023.543325875587 2412.855911580416
3023.8870453077543 2413.61513787211
3024.0 2414.0
3023.8821899523227 2414.010497964086
3023.5336151647243 2413.6466317643676
3022.954275637204 2412.908401400846
3022.385097079193 2411.9683040593577
3022.067005200125 2410.9988369257426
3022.0 2410.0
3022.184081478816 2408.9717932821295
3022.6192496365748 2407.9142167721316
3023.3055044732755 2406.8272704700066
3024.1460916492483 2405.77870850788
3025.0442568248236 2404.8362850178783
3026.0 2404.0
3027.013321174779 2403.269853454247
3028.0842203491593 2402.6458453806176
3029.2126975231417 2402.127975779113
3030.2939085808703 2401.8038893378052
3031.22300940649 2401.7612307447675
3032.0 2402.0
3032.6248803614008 2402.520197103502
3033.097650490693 2403.3218220552735
3033.4183103878763 2404.404874855316
3033.646012421086 2405.6201776875096
3033.839908958461 2406.8185527357377
3034.0 2408.0
3034.1262855457026 2409.1645194802973
3034.2187655955695 2410.312111176628
3034.277440149601 2411.442775088994
3034.2744613370537 2412.4750445371383
3034.181981287187 2413.3274528408074
3034.0 2414.0
3033.7285174754934 2414.492686014716
3033.3675337136665 2414.8055108849567
3032.9170487145198 2414.938474610721
3032.4849973343685 2415.0851106452137
3032.1793144295284 2415.43895244164
3032.0 2416.0
3031.9470540457837 2416.768253320293
3032.0204765668773 2417.7437124025187
3032.2202675632834 2418.9263772466784
3032.3711102122925 2420.1254027026866
3032.297687691199 2421.1499436204613
3032.0 2422.0
3031.4780471386985 2422.675571841304
3030.731829107292 2423.176659144374
3029.761345905782 2423.5032619092085
3028.8438969474314 2423.718028694219
3028.2567816455044 2423.883608057816
3028.0 2424.0
3028.0735520109174 2424.067204520771
3028.477437678259 2424.0852216201283
3029.2116570020235 2424.0540512980724
3030.121063658671 2424.0108695764447
3031.0505113246627 2423.992852477087
3032.0 2424.0
3032.9695296846808 2424.032312145183
3033.9591003787064 2424.0897889126354
3034.9687120820763 2424.1724303023584
3035.9852766560957 2424.2167538471126
3036.995705962071 2424.1592770796606
3038.0 2424.0
3038.9981587698844 2423.738922608133
3039.990182271724 2423.3760449040587
3040.976070505518 2422.911366887777
3041.9672764047523 2422.4663851186565
3042.9752529029133 2422.162596156064
3044.0 2422.0
3045.0415176960128 2421.978596650464
3046.0998059909516 2422.0983861074565
3047.1748648848175 2422.359368370978
3048.2110649153897 2422.762713218726
3049.152776620451 2423.3095904284
3050.0 2424.0
3050.7527350540377 2424.8339419335252
3051.410981782564 2425.811416228976
3051.9747401855784 2426.9324228863534
3052.5441118806866 2428.0684466800963
3053.219198485494 2429.0909723846453
3054.0 2430.0
3054.8865164242056 2430.795529526161
3055.8787477581095 2431.4775609631274
3056.9766940017134 2432.0460943109
3058.0798193560468 2432.6043844784726
3059.087588022143 2433.2556863748396
3060.0 2434.0
3060.8170552896195 2434.837325353955
3061.538753891 2435.7676624367027
3062.1650958041428 2436.7910112482455
3062.7547497608093 2437.860802004622
3063.366384492762 2438.930464921874
3064.0 2440.0
3064.655596282524 2441.0694072390015
3065.333173340334 2442.138686638877
3066.03273117343 2443.2078381996284
3066.72501541243 2444.230803493795
3067.3807716879533 2445.161524093919
3068.0 2446.0
3068.5827003485692 2446.746231212038
3069.1288727336614 2447.400217730033
3069.6385171552774 2447.9619595539853
3070.0062688757203 2448.5321548103852
3070.1267631572946 2449.2115016257235
3070.0 2450.0
3069.6259794038365 2450.8976499332152
3069.0047013688045 2451.9044514253683
3068.136165894904 2453.02040447646
3067.2373713332463 2454.131823199449
3066.5253160349457 2455.1250217072966
3066.0 2456.0
3065.6614232284105 2456.7567580775617
3065.509585720177 2457.3952959399803
3065.5444874752993 2457.9156135872563
3065.6806142359105 2458.454683770697
3065.8324517441442 2459.149479241612
3066.0 2460.0
3066.1832590034787 2461.006246045861
3066.382228754579 2462.168217379195
3066.5969092533023 2463.485914000003
3066.901165473513 2464.6956297319207
3067.368862389079 2465.533658398587
3068.0 2466.0
3068.794578306275 2466.094654536161
3069.7525973079046 2465.8176220070704
3070.8740570048894 2465.168902412727
3072.02350403412 2464.4826489488887
3073.0654850324904 2464.0930148113134
3074.0 2464.0
3074.827048936648 2464.203604514949
3075.546631842436 2464.70382835616
3076.158748717363 2465.500671523634
3076.7355880995415 2466.4084765747443
3077.349338527087 2467.2415860668666
3078.0 2468.0
3078.687572518279 2468.683718374144
3079.412056081924 2469.2927411892997
3080.1734506909365 2469.8270684454674
3080.8963007019624 2470.3998249359747
3081.5051504716507 2471.1241354541526
3082.0 2472.0
3082.380849287012 2473.027418573517
3082.6476983326856 2474.2063911747036
3082.800547137021 2475.5369178035608
3082.997718799796 2476.748129364959
3083.397536420789 2477.5691567637723
3084.0 2478.0
3084.8051095374276 2478.0406590736416
3085.8128650330736 2477.691133984698
3087.0232664869372 2476.951424733169
3088.2284976103697 2476.2225099853795
3089.2207421147245 2475.9053684076566
3090.0 2476.0
3090.566271266197 2476.506404762409
3090.919555913314 2477.4245826948845
3091.0598539413536 2478.754533797426
3091.186851093536 2480.1390329449837
3091.5002331130854 2481.2208550125083
3092.0 2482.0
3092.686151754281 2482.476467907458
3093.558688375928 2482.6502587348823
3094.617609864941 2482.5213724822743
3095.761506939523 2482.2766256780487
3096.8889703178756 2482.1028348506243
3098.0 2482.0
3099.0945959858955 2481.968121126176
3100.172758275561 2482.0071982291515
3101.234486868999 2482.1172313089282
3102.244107269325 2482.2012129867203
3103.165944979659 2482.1621358837447
3104.0 2482.0
3104.746272330349 2481.714805335487
3105.4047619707044 2481.3065518902054
3105.9754689210677 2480.775239664156
3106.551627222305 2480.293874179404
3107.226470915283 2480.0354609580195
3108.0 2480.0
3108.872214476458 2480.1874913053466
3109.843114344656 2480.5979348740584
3110.912699604595 2481.2313307061368
3112.0016849524013 2482.0355419368507
3113.0307850842037 2482.9584317014724
3114.0 2484.0
3114.9093296997917 2485.1602468324345
3115.7587741835778 2486.4391721987763
3116.5483334513597 2487.836776099025
3117.216040841061 2489.0484297550447
3117.699929690608 2489.769504388704
3118.0 2490.0
3118.116251769237 2489.739916588934
3118.048684998318 2488.9892541555064
3117.797299687246 2487.748012699716
3117.5909588901177 2486.340546199545
3117.6585256610365 2485.091208632973
3118.0 2484.0
3118.6153819070096 2483.0669203006273
3119.5046713820648 2482.2919695348533
3120.6678684251656 2481.675147702679
3121.9048724848963 2481.1305152699097
3123.015583009841 2480.57213270235
3124.0 2480.0
3124.8581234553726 2479.41411716286
3125.5899533759593 2478.8144841909293
3126.1954897617607 2478.2011010842093
3126.7575839782808 2477.5430288476646
3127.359087391028 2476.8093284862616
3128.0 2476.0
3128.680321805198 2475.1150433888806
3129.400052806622 2474.154458652902
3130.1591930042723 2473.118245792066
3130.8829569787504 2472.2779783107703
3131.49655931066 2471.905229713415
3132.0 2472.0
3132.393279046771 2472.562289170525
3132.676396450973 2473.59209722499
3132.8493522126055 2475.089424163396
3133.0557852603256 2476.5668790654904
3133.439334522791 2477.5370710110255
3134.0 2478.0
3134.7377816919534 2477.9556660324133
3135.652679598651 2477.4040691082664
3136.744693720094 2476.3452092275593
3137.8934425704033 2475.209636185172
3138.978544663706 2474.427899775985
3140.0 2474.0
3140.9578085792864 2473.9259368572148
3141.8519704015634 2474.205710347631
3142.682485466834 2474.839320471248
3143.361337095029 2475.508637156809
3143.800508606085 2475.8955303330604
3144.0 2476.0
3143.9598112767762 2475.8220461576284
3143.6799424364117 2475.3616688059456
3143.1603934789073 2474.6188679449524
3142.6052015260902 2473.7385408739688
3142.218403699788 2472.865584892318
3142.0 2472.0
3141.9499904267263 2471.1417861970144
3142.0683749799673 2470.290943483361
3142.3551536597242 2469.44747185904
3142.7852315262076 2468.7267842660435
3143.3335136396336 2468.2442936463635
3144.0 2468.0
3144.784690607308 2467.993903326953
3145.6875854615573 2468.226003627223
3146.708684562748 2468.696300900809
3147.794520427772 2469.234086863104
3148.8916255735235 2469.6686532295016
3150.0 2470.0
3151.1196437072026 2470.2281271746006
3152.2505566951313 2470.3530347533024
3153.392738963786 2470.3747227361073
3154.4476459071548 2470.313138999776
3155.316732919226 2470.1882314210734
3156.0 2470.0
3156.497447149476 2469.748444736554
3156.809074367654 2469.433565630737
3156.9348816545353 2469.055362682549
3157.075159684852 2468.6648569160157
3157.430199133341 2468.3130693551666
3158.0 2468.0
3158.78456228483 2467.7256488505163
3159.78388598783 2467.4900159067156
3160.997971109002 2467.2931011685982
3162.212507094839 2467.031052837459
3163.213183391839 2466.6000191145927
3164.0 2466.0
3164.572956919323 2465.2309954936804
3164.9320541498073 2464.293005595634
3165.0772916914543 2463.186030305861
3165.205353301666 2462.0377149481187
3165.512922737849 2460.9757048461647
3166.0 2460.0
3166.666585088122 2459.1106004096227
3167.5126780022124 2458.3075060750343
3168.538278742274 2457.5907169962347
3169.6664842062737 2456.9648796960487
3170.8203912921826 2456.434640697304
3172.0 2456.0
3173.2053103297258 2455.6609576041365
3174.43632228136 2455.417513509713
3175.6930358549025 2455.2696677167314
3176.795741460689 2455.2841179866973
3177.564729509055 2455.527562081121
3178.0 2456.0
3178.101552933524 2456.7014317433363
3177.8693883096266 2457.6318573111284
3177.3035061283094 2458.7912767033777
3176.6701781407005 2459.9970790504317
3176.235676097931 2461.066653482639
3176.0 2462.0
3175.963149846908 2462.797118602514
3176.125125638654 2463.458009290181
3176.48592737524 2463.982672063002
3176.960967472883 2464.288963266267
3177.4656583478036 2464.2947392452666
3178.0 2464.0
3178.563992429473 2463.4047455304685
3179.157635636222 2462.5089758366717
3179.7809296202486 2461.3126909186094
3180.452905910886 2460.046919129745
3181.1925960374697 2458.942688823542
3182.0 2458.0
3182.875117798477 2457.218852659119
3183.8179494328997 2456.5992468008985
3184.8284949032695 2456.14118242534
3185.877152617356 2455.8739663997058
3186.9343209829335 2455.826905591259
3188.0 2456.0
3189.074189668556 2456.3932496259285
3190.1568899886006 2457.006654469045
3191.248100960136 2457.8402145293494
3192.2841783849735 2458.70928247202
3193.201478064929 2459.429210962237
3194.0 2460.0
3194.6797441901886 2460.4216495853093
3195.240710635493 2460.6941597181644
3195.682899335916 2460.8175303985663
3195.973332628356 2460.7592276570635
3196.079032849718 2460.4867175242084
3196.0 2460.0
3195.7362340792033 2459.299075084438
3195.2877350873277 2458.383942777523
3194.6545030243733 2457.2546030792546
3194.0980480671133 2456.068684918929
3193.879880392323 2454.983817225845
3194.0 2454.0
3194.4584068901468 2453.1172332413953
3195.2551010627617 2452.33551695003
3196.3900825178457 2451.654851125906
3197.6606011911854 2451.0508850515794
3198.863907018571 2450.4992680096116
3200.0 2450.0
3201.0688801354736 2449.5530810227465
3202.0705474249908 2449.158511077849
3203.005001868553 2448.8162901653104
3203.9383447857695 2448.514893660479
3204.9366774962523 2448.2427969387095
3206.0 2448.0
3207.128312297014 2447.7865028443503
3208.3216143872933 2447.602305471761
3209.5799062708384 2447.4474078822327
3210.7093300941965 2447.4153085410967
3211.5160280039177 2447.5995059136862
3212.0 2448.0
3212.1612460824444 2448.61679080004
3211.9997662512505 2449.4498783138038
3211.51556050642 2450.499262541294
3210.916785760162 2451.6599217596067
3210.4115989246884 2452.8268342458427
3210.0 2454.0
3209.681988986097 2455.17941902208
3209.4575658829785 2456.365091312082
3209.3267306906455 2457.557016870007
3209.3455109003903 2458.625160901263
3209.5699340035094 2459.439488611261
3210.0 2460.0
3210.6357088898635 2460.3066950674806
3211.4770606731 2460.359573813703
3212.5240553497088 2460.158636238667
3213.67681550416 2459.922446166149
3214.835463720924 2459.8695674199266
3216.0 2460.0
3217.170424341388 2460.313743906368
3218.3467367450885 2460.810799139031
3219.528937211102 2461.4911656979903
3220.5935960746474 2462.284606546284
3221.417283670947 2463.120884646955
3222.0 2464.0
3222.3417450618076 2464.921952605421
3222.4425188563673 2465.8867424632176
3222.3023213836823 2466.8943695733906
3222.094941381289 2467.925470111698
3221.994167586729 2468.9606802539015
3222.0 2470.0
3222.1124386211036 2471.043429349994
3222.3314834500384 2472.0909683038835
3222.657134486806 2473.142616861668
3223.0589778598387 2474.1625727835267
3223.50659969757 2475.1150338296375
3224.0 2476.0
3224.539178767128 2476.817471294615
3225.1241359989544 2477.5674477134817
3225.75487169548 2478.249929256601
3226.4400803485646 2478.8768709649194
3227.188456450072 2479.4602278793864
3228.0 2480.0
3228.8747109983506 2480.496187326762
3229.8125894451223 2480.9487898596717
3230.813635340316 2481.357807598729
3231.8560956043284 2481.6873125380685
3232.9182171575562 2481.901376671826
3234.0 2482.0
3235.1014441316593 2481.9831825225915
3236.222549552534 2481.8509242396
3237.3633162626247 2481.603225151026
3238.423346025465 2481.4436982511124
3239.3022406045907 2481.575956534104
3240.0 2482.0
3240.5166242116948 2482.7158286488
3240.8521132396727 2483.7234424805056
3241.006467083936 2485.0228414951152
3241.159383798435 2486.317164621921
3241.4905614371237 2487.3095507902162
3242.0 2488.0
3242.6876994870654 2488.388512251272
3243.553659898319 2488.4750875440327
3244.597881233761 2488.2597258782826
3245.7314622950335 2487.9866473506913
3246.8655018837803 2487.9000720579306
3248.0 2488.0
3249.1349566436925 2488.2864311768994
3250.270371814858 2488.759365588629
3251.406245513498 2489.4188032351894
3252.45184243136 2490.207395718374
3253.3164272601944 2491.0677946399774
3254.0 2492.0
3254.502560650778 2493.004011798441
3254.824109212527 2494.079830035301
3254.9646456852497 2495.2274547105803
3255.1130386723603 2496.3245338946185
3255.4581567772775 2497.248715657759
3256.0 2498.0
3256.738568340529 2498.578386921342
3257.673861798863 2498.983876421784
3258.8058803750046 2499.216468501328
3259.9810366455877 2499.4009564694647
3261.0457431872537 2499.6621336356893
3262.0 2500.0
3262.843807083828 2500.4145555623973
3263.5771644387355 2500.9058003228806
3264.2000720647256 2501.4737342814515
3264.7785192318865 2501.936393955254
3265.3784952103124 2502.1118158614377
3266.0 2502.0
3266.6430336009507 2501.6009463709424
3267.307596013164 2500.914654974264
3267.9936872366416 2499.941125809966
3268.68118129642 2498.9806797990077
3269.34995221754 2498.333637862353
3270.0 2498.0
3270.6313246438003 2497.9797662119495
3271.243926148942 2498.272936498201
3271.837804515424 2498.8795108587556
3272.4677263229228 2499.5128605840305
3273.188458151115 2499.8863569644454
3274.0 2500.0
3274.9023518695785 2499.8537896906946
3275.8955137598487 2499.4477260365284
3276.9794856708136 2498.7818090375026
3278.0680163215966 2498.164378919031
3279.074854431326 2497.9037759065304
3280.0 2498.0
3280.8434530276195 2498.453051199439
3281.605213514184 2499.2629295048487
3282.285281459695 2500.4296349162287
3282.9019535252723 2501.723088124002
3283.473526372041 2502.913209818593
3284.0 2504.0
3284.4813744091484 2504.9834586682246
3284.917649599487 2505.863585823265
3285.3088255710168 2506.640381465124
3285.6313736378756 2507.274870114733
3285.861765114204 2507.728076293025
3286.0 2508.0
3286.046078295265 2508.0906412356585
3286.0 2508.0
3286.0 2508.0
