292 228
2994.514605784975 2281.4834373418025
3286.0 2508.0
1.0 1.0
3286.0 2508.0
3250.427455543749 2476.0171066015632
3228.0 2454.0
3218.717633368752 2441.9486801953094
3220.0 2438.0
3229.2667442437405 2440.290812226579
3240.0 2442.0
3245.6819011688067 2436.3064464452123
3240.0 2432.0
3216.641848743422 2437.8705091021448
3190.0 2444.0
3174.467006370664 2440.470498941919
3170.0 2434.0
3176.556113032595 2431.306497246344
3184.0 2428.0
3182.196315433766 2419.690517580019
3180.0 2414.0
3186.2659943648096 2418.5503972735432
3192.0 2424.0
3188.2077183773754 2421.007098778724
3184.0 2414.0
3188.487695370938 2407.407010054116
3194.0 2404.0
3192.8661093969945 2406.550840896579
3188.0 2410.0
3182.315648247095 2409.2879445664103
3182.0 2404.0
3193.240001120438 2393.7214917049596
3204.0 2382.0
3202.244345030278 2372.383105203835
3198.0 2366.0
3201.2939286978935 2363.9798770720336
3204.0 2364.0
3197.9920827823585 2363.737632363963
3192.0 2362.0
3194.7535746079548 2357.5943287441887
3198.0 2352.0
3193.4864695699143 2346.696395170905
3190.0 2342.0
3196.32760797256 2338.227300230382
3202.0 2334.0
3196.547882594724 2327.939803446805
3190.0 2324.0
3192.385096459098 2326.1338790887885
3200.0 2328.0
3209.1415386506887 2323.256922020466
3214.0 2314.0
3208.765671636769 2302.324588788416
3198.0 2292.0
3186.2644315287 2286.795545249038
3176.0 2286.0
3169.647739191035 2288.902139717359
3168.0 2292.0
3171.849133325092 2291.791616446809
3178.0 2292.0
3183.257460858411 2296.348161601788
3178.0 2300.0
3152.6061015244422 2298.119413942466
3128.0 2298.0
3125.1059299949347 2306.935354743419
3128.0 2318.0
3120.75831850595 2324.268457597021
3108.0 2324.0
3094.3441589693666 2315.4538996744545
3082.0 2306.0
3073.176727677852 2303.008144356252
3070.0 2306.0
3074.5954749635216 2314.497234188034
3074.0 2320.0
3055.2504225410175 2314.0084505155446
3034.0 2304.0
3025.901989790372 2297.4520627186967
3028.0 2294.0
3037.3376387167505 2293.279173172275
3046.0 2292.0
3046.072177909125 2286.872898247654
3042.0 2282.0
3038.2292938285004 2281.4834373418025
3034.0 2284.0
3028.5520591198747 2288.226477701533
3026.0 2294.0
3030.458351452252 2301.1576964489996
3034.0 2306.0
3028.6978321666134 2304.827343604469
3020.0 2304.0
3013.354655548068 2309.878241924186
3010.0 2320.0
3011.1742345449784 2331.903204850413
3012.0 2342.0
3007.5999371820626 2346.7025289733365
3004.0 2350.0
3007.226142362646 2355.8816213095674
3010.0 2360.0
3005.0432086420633 2358.007743169259
2998.0 2356.0
2994.514605784975 2360.0719196748796
2996.0 2364.0
3003.8691566480866 2361.5607387814653
3012.0 2360.0
3014.2704543265054 2366.5636476363306
3016.0 2372.0
3022.50811739288 2367.0573754005513
3028.0 2364.0
3026.680841316215 2375.0920999603613
3020.0 2388.0
3009.406834709834 2390.3900248372815
3004.0 2390.0
3012.8781504247827 2394.5677510159508
3024.0 2402.0
3025.32426274147 2410.2034690670143
3024.0 2414.0
3027.176273126399 2408.211434581964
3032.0 2402.0
3035.6180985001365 2404.527923441203
3036.0 2412.0
3031.115135872784 2420.621024770822
3028.0 2426.0
3033.6910862631644 2423.745927933868
3044.0 2422.0
3054.7383465482317 2428.9034076259713
3064.0 2438.0
3069.878834447446 2442.833626310302
3072.0 2448.0
3069.9886467670945 2458.094834512216
3068.0 2466.0
3070.18928494999 2464.597366616403
3076.0 2464.0
3084.875643532966 2474.320965789364
3094.0 2484.0
3100.556853852212 2481.4768386474107
3106.0 2478.0
3111.7832333537617 2484.8180023261702
3118.0 2490.0
3124.743746025222 2481.6151473955692
3130.0 2472.0
3131.754290494911 2473.491113300415
3134.0 2478.0
3140.7305110053157 2477.4381728019416
3146.0 2474.0
3143.862643473195 2469.8798498879346
3142.0 2468.0
3148.0936281555128 2471.2827278704517
3158.0 2472.0
3167.5755875937284 2462.4237828893547
3174.0 2454.0
3174.452846282118 2458.1745747934174
3174.0 2464.0
3177.707334713562 2460.5287683501383
3184.0 2456.0
3191.3031454365077 2458.652815105752
3196.0 2462.0
3194.4737926673906 2459.5543410153496
3194.0 2454.0
3201.854098559149 2448.0211388021507
3210.0 2446.0
3210.4016159777157 2452.3188261717487
3210.0 2460.0
3215.73620557456 2462.0659041673593
3222.0 2464.0
3223.1811505749274 2471.285748824096
3224.0 2478.0
3229.1768909758794 2478.219602888067
3238.0 2480.0
3249.7575035697982 2491.396633847504
3262.0 2502.0
3272.2780876053293 2501.4005940269117
3280.0 2498.0
3284.573970798223 2500.1998019910297
3286.0 2508.0
3286.0 2508.0
