2814.0 1474.0
2845.707621239661 1478.9905257681307
2852.0 1472.0
2844.1937127575716 1459.4350699714741
2834.0 1448.0
2831.1812450741954 1442.6971869779122
2834.0 1442.0
2837.9564763131216 1442.2345467627129
2840.0 1440.0
2838.1377848537563 1435.0728381702922
2836.0 1428.0
2838.0783699122526 1419.7425717676813
2844.0 1416.0
2851.8228010077487 1416.9705096600953
2858.0 1420.0
2859.91500662774 1426.954318580042
2862.0 1432.0
2869.2623322363047 1429.6792638729398
2880.0 1428.0
2890.32795904104 1432.6799321451658
2898.0 1436.0
2902.66154765693 1431.8288049828057
2904.0 1428.0
2903.082479316569 1431.3248196443226
2904.0 1436.0
2906.333053740472 1437.157558015594
2908.0 1436.0
2909.645596369016 1432.5588171350284
2906.0 1428.0
2894.22343085246 1424.491980524594
2886.0 1422.0
2889.3508844077305 1420.6303537088584
2894.0 1420.0
2890.5769980072205 1419.0247131667634
2884.0 1416.0
2880.941323138094 1409.2918908994866
2886.0 1404.0
2901.1912983020397 1405.8133367811886
2916.0 1408.0
2920.301708265164 1403.1297818302812
2920.0 1398.0
2922.8258652340714 1399.8091995959019
2928.0 1402.0
2933.9564915933133 1397.9217660913707
2944.0 1394.0
2960.39054831983 1396.3869495280753
2976.0 1398.0
2984.1343338087045 1391.9397305507518
2990.0 1384.0
2999.158680053567 1381.084221254584
3006.0 1382.0
3005.695457495079 1384.2694176741898
3008.0 1390.0
3021.9328287722064 1400.389929097412
3040.0 1406.0
3053.1997528506586 1399.3334346241802
3060.0 1392.0
3060.634419481379 1394.7883902069227
3060.0 1402.0
3064.031040484629 1408.2735134094642
3072.0 1412.0
3081.315357578126 1410.5966183799267
3092.0 1410.0
3103.2748555471944 1417.2117099968407
3110.0 1424.0
3109.3771529974406 1421.3553449413
3110.0 1416.0
3118.6638987112733 1414.897646277844
3124.0 1412.0
3115.894404010688 1402.2120243785585
3106.0 1392.0
3105.7849499849617 1386.943915851144
3112.0 1386.0
3121.601822909208 1388.1864806741842
3132.0 1390.0
3139.387072981956 1387.9878763393574
3146.0 1386.0
3153.8721084072754 1387.5358212133483
3160.0 1392.0
3163.3033274605664 1399.0870378564452
3166.0 1402.0
3169.248093295026 1394.0409757348027
3176.0 1386.0
3188.968332326801 1388.6159673229915
3202.0 1394.0
3208.888977361706 1394.5632062752454
3212.0 1392.0
3214.0153809884723 1387.0593795733155
3216.0 1384.0
3219.103593685958 1389.2599024641984
3222.0 1396.0
3224.036704421693 1393.7668550214328
3228.0 1388.0
3234.9640770451933 1385.984472022579
3240.0 1386.0
3239.511590351559 1389.4094936289696
3238.0 1394.0
3240.2184153869653 1392.1586411936057
3248.0 1390.0
3260.1705646732375 1396.1721526887816
3260.0 1396.0
3234.47908829676 1375.5620938682828
3208.0 1352.0
3207.101510666573 1342.0798719323654
3220.0 1340.0
3227.100378686358 1340.028293579204
3230.0 1340.0
3233.6893671113185 1336.1030703542526
3234.0 1332.0
3231.5655387913207 1333.0883420170956
3230.0 1334.0
3227.6130133743463 1329.1531263377456
3226.0 1326.0
3226.758318785786 1330.5781764298754
3224.0 1336.0
3214.156209540899 1337.505259920435
3202.0 1336.0
3192.374619103752 1331.0231415721178
3188.0 1326.0
3190.159233232604 1324.3032669473312
3194.0 1322.0
3194.435294211049 1316.1841826353714
3192.0 1312.0
3188.447687196707 1313.6889231507587
3186.0 1316.0
3186.2462872797096 1313.812398470896
3186.0 1310.0
3182.046322792706 1307.76428794408
3178.0 1306.0
3178.4091885677335 1303.325500371866
3182.0 1302.0
3186.158477555967 1304.5513327383273
3190.0 1306.0
3192.794175857972 1301.3964245632196
3194.0 1300.0
3194.769624928999 1310.3327538314243
3202.0 1322.0
3220.0430321688327 1324.9455952760181
3236.0 1322.0
3237.6300079184875 1315.9813092072322
3234.0 1310.0
3235.842157787035 1308.3535946609932
3238.0 1308.0
3233.604986913475 1304.44089003333
3226.0 1302.0
3218.668388311355 1305.0624295292719
3214.0 1306.0
3217.722334615021 1298.7557393810268
3226.0 1292.0
3230.6265595246227 1289.999255383306
3232.0 1290.0
3230.6675946645355 1293.980977583767
3230.0 1296.0
3236.024983648184 1295.0983134456114
3242.0 1296.0
3239.1955862962927 1292.4252676772398
3234.0 1288.0
3234.5898827427595 1285.9108465883878
3238.0 1282.0
3237.958881689259 1278.7626336738747
3234.0 1276.0
3230.2611861075893 1276.9940109584197
3226.0 1280.0
3218.855029436783 1276.3461286662625
3216.0 1270.0
3220.9396129801416 1263.7049931276472
3224.0 1258.0
3220.0318255143643 1258.8089317550584
3214.0 1262.0
3208.3703751578096 1260.4479318228382
3206.0 1256.0
3212.889633946945 1251.3081687666847
3224.0 1250.0
3231.1804976242483 1255.0542837188452
3236.0 1260.0
3237.9265262704353 1258.9684719277275
3234.0 1254.0
3226.4391702413054 1247.1553169118654
3218.0 1242.0
3209.9885337747914 1242.048366893896
3206.0 1244.0
3208.276975171341 1244.411387853012
3212.0 1246.0
3212.1606668930885 1250.7635609765455
3208.0 1254.0
3199.9539837251577 1252.2741683571091
3192.0 1248.0
3188.8542331985923 1242.9116206924505
3188.0 1240.0
3184.3829818976983 1242.5670421251814
3180.0 1244.0
3176.5577606441752 1237.2417760157505
3172.0 1230.0
3169.392607384071 1230.5811008773028
3168.0 1232.0
3163.80252124047 1226.8335271559888
3160.0 1222.0
3156.927568628631 1224.3930703646902
3152.0 1226.0
3146.283753145899 1219.083293150134
3142.0 1212.0
3140.454475113922 1212.7785043349013
3138.0 1214.0
3131.135214741437 1209.0188590252822
3124.0 1204.0
3120.4034505412124 1203.6340907160773
3120.0 1206.0
3123.348082137671 1209.9127984090771
3128.0 1214.0
3129.9273923121636 1219.6093566259424
3130.0 1226.0
3130.329214040607 1229.7022429104786
3130.0 1234.0
3126.748104509078 1237.474895877816
3124.0 1238.0
3125.953595139605 1240.6856778251863
3128.0 1242.0
3127.7437145855124 1238.3197517375984
3130.0 1238.0
3135.535652812507 1244.9701641237305
3138.0 1252.0
3133.5557416518764 1254.5390270234277
3128.0 1254.0
3126.8001547611384 1251.2497507231749
3126.0 1248.0
3121.851883815184 1246.4678744010866
3120.0 1248.0
3124.961093577286 1253.0291494326166
3130.0 1260.0
3129.8785573475343 1267.4728771468308
3126.0 1272.0
3118.009859980518 1270.4299952841466
3110.0 1268.0
3103.793782064245 1270.272815406326
3096.0 1272.0
3092.12624268672 1267.6049504560751
3090.0 1264.0
3083.9540795110197 1268.0321980240917
3080.0 1272.0
3076.7725264239443 1268.370902203808
3072.0 1264.0
3068.1491060378353 1265.501437014308
3064.0 1268.0
3060.7655854286195 1266.7281374453878
3060.0 1264.0
3061.6876481462223 1262.1430565600297
3064.0 1260.0
3062.5039650345025 1257.0053597880103
3060.0 1254.0
3062.5469150978815 1250.828073219925
3066.0 1250.0
3069.192008068843 1254.343735944412
3074.0 1258.0
3074.4284152030696 1255.3421289185317
3072.0 1250.0
3071.643521762947 1245.461376299486
3078.0 1244.0
3097.1347763583244 1247.8608057463105
3114.0 1250.0
3110.9112378687087 1243.3284070627983
3100.0 1234.0
3098.462340992706 1228.8402414492077
3102.0 1228.0
3101.6016943877466 1230.9967113432099
3100.0 1236.0
3097.0462290494984 1240.2145241610972
3090.0 1240.0
3083.8118683809817 1234.1497150699151
3076.0 1228.0
3062.9517280113105 1224.4024463768992
3054.0 1224.0
3053.6983474011977 1228.6408319599389
3054.0 1234.0
3049.7414165786995 1236.5412521118988
3046.0 1240.0
3047.5281545763855 1246.4953699520959
3052.0 1252.0
3056.2619392731235 1252.8387271440602
3058.0 1252.0
3055.8986193297355 1253.0315534589618
3054.0 1256.0
3056.034637460319 1261.0175006092322
3058.0 1266.0
3055.602105082443 1267.9306882930796
3050.0 1264.0
3041.5867972483716 1252.4751075841152
3032.0 1242.0
3026.7063831680625 1241.4635088122345
3024.0 1244.0
3019.4022129130417 1241.3039059205857
3018.0 1238.0
3021.9630783334005 1240.0950421859504
3024.0 1244.0
3022.077412423859 1246.1402637039707
3020.0 1248.0
3015.4385611875 1247.6750959131216
3010.0 1246.0
3009.002822202582 1249.3930155843395
3006.0 1254.0
3001.4901839955296 1252.8149106835363
2998.0 1248.0
2993.942452454922 1240.3154381194768
2992.0 1232.0
2987.525304515595 1228.78706109672
2984.0 1230.0
2983.3364251408107 1232.7801215896275
2982.0 1234.0
2980.9096839476283 1231.0941153032106
2978.0 1230.0
2978.21513520691 1235.626413583111
2978.0 1242.0
2973.2685793647415 1245.2204169485158
2970.0 1246.0
2966.70179424365 1243.5477357495502
2964.0 1242.0
2961.8236267934376 1245.3266039096497
2960.0 1248.0
2963.4617723799383 1245.7121642203708
2970.0 1246.0
2976.9280467716944 1255.4081177364048
2984.0 1266.0
2987.444054827099 1269.563919797832
2986.0 1270.0
2982.879691290363 1272.9380750042503
2980.0 1276.0
2976.0309880788723 1274.2830594022137
2974.0 1272.0
2975.231180506744 1274.3626268782111
2976.0 1278.0
2980.867264492155 1282.1277854148816
2988.0 1286.0
2990.918054780213 1285.0083148943702
2996.0 1284.0
3001.3963170762167 1289.783067813951
3004.0 1296.0
3010.430238129145 1295.945179614699
3016.0 1294.0
3017.988613074547 1294.8221757482006
3020.0 1298.0
3016.5531897580636 1303.0009392714098
3010.0 1310.0
3008.6160391299204 1318.2180927133315
3010.0 1326.0
3012.933565595757 1333.1390178491679
3016.0 1338.0
3010.7682125145257 1337.9394006939344
3000.0 1340.0
2994.293066561156 1351.7153502611204
2990.0 1362.0
2983.6086139111126 1359.364433263182
2980.0 1354.0
2978.311931931807 1356.5915118309579
2978.0 1360.0
2976.8598428143673 1357.098405243643
2974.0 1354.0
2974.2682971073127 1356.2959764590828
2972.0 1358.0
2962.9959841029195 1354.194080897829
2956.0 1352.0
2954.41824797811 1355.9290182177906
2954.0 1360.0
2951.9601050626793 1362.1620836405973
2948.0 1362.0
2945.573875865877 1356.7508290041383
2944.0 1352.0
2938.5047541970093 1352.244308423284
2934.0 1352.0
2934.1181770499124 1348.059951253748
2932.0 1344.0
2925.2529095444597 1342.1084406534374
2920.0 1342.0
2920.2472153090307 1344.469341173201
2922.0 1348.0
2919.841084236349 1349.1882087758872
2918.0 1350.0
2924.4926018607152 1352.8646399906845
2934.0 1356.0
2937.9440543419746 1360.9028483384757
2938.0 1366.0
2934.8397388819344 1368.6170025925958
2930.0 1372.0
2928.5756221621714 1371.143071231486
2926.0 1368.0
2916.1725195872423 1370.5019299228832
2908.0 1372.0
2910.4604986341737 1375.197659902619
2916.0 1382.0
2916.092382826199 1384.7945489097142
2912.0 1388.0
2905.9827040857167 1389.8969776652461
2900.0 1388.0
2896.3975099037066 1387.1299214723936
2896.0 1384.0
2898.531281743785 1379.540651837633
2900.0 1376.0
2896.392384906572 1370.7850528981446
2888.0 1368.0
2876.2843115688015 1370.9407638855096
2864.0 1374.0
2853.1679742948636 1372.4689834505791
2842.0 1370.0
2829.4337630611494 1371.6241116313379
2820.0 1374.0
2817.6784574155104 1370.8816804379608
2818.0 1366.0
2815.3101902546696 1364.8547921886084
2812.0 1364.0
2814.576772973074 1361.6943091690268
2818.0 1360.0
2815.8568132416603 1358.4004721428364
2814.0 1356.0
2808.78225650216 1352.9774364788982
2802.0 1352.0
2798.3059955676304 1355.3161268845035
2792.0 1358.0
2790.1018583572204 1355.3961316801856
2790.0 1354.0
2789.601859433583 1360.0470548331352
2794.0 1366.0
2796.676306159937 1365.098604400461
2800.0 1364.0
2805.6337987000697 1367.2026970914249
2810.0 1372.0
2810.8647850319226 1379.5911355923104
2810.0 1388.0
2814.2039200584713 1392.6859690476185
2820.0 1398.0
2823.2554134303796 1406.0028321692662
2822.0 1412.0
2810.8484681254804 1415.2817857246296
2796.0 1416.0
2787.121459665321 1412.9390364108563
2782.0 1410.0
2776.7378506448094 1411.4390239932243
2776.0 1416.0
2783.5806477025053 1421.5988220424197
2790.0 1428.0
2786.692852761732 1435.124785952081
2782.0 1440.0
2785.171531855433 1439.9118899182274
2794.0 1440.0
2803.6544150886075 1445.632089844144
2808.0 1452.0
2803.4679333423637 1453.5276414843008
2796.0 1454.0
2790.9646605854805 1458.3175889373827
2790.0 1464.0
2793.9482786160092 1468.2062061241088
2800.0 1472.0
2806.543158560391 1474.755224059936
