2814.0 1474.0
2814.873584895715 1473.9909481922316
2816.0 1474.0
2817.169630608095 1474.183165060927
2818.0 1474.0
2819.297853123959 1474.093734577797
2820.0 1474.0
2821.2945099910335 1473.7791852052833
2822.0 1474.0
2823.1958587570457 1473.2960454058277
2824.0 1472.0
2825.038156969723 1472.700843641873
2826.0 1472.0
2826.8576621767925 1472.0501083758604
2828.0 1472.0
2828.6906319259806 1471.4003680702322
2830.0 1472.0
2830.5733237650156 1470.8081511874304
2832.0 1470.0
2832.541995241624 1470.3299861898968
2834.0 1470.0
2834.632903903534 1470.0224015400736
2836.0 1472.0
2836.879185259751 1469.9393217075087
2838.0 1470.0
2839.24216792874 1470.0747793251774
2840.0 1470.0
2841.6113736384114 1470.3629151894854
2842.0 1470.0
2843.8732020779644 1470.7352661039422
2844.0 1470.0
2845.9140529365923 1471.123368872058
2846.0 1470.0
2847.6203259034914 1471.4587602973438
2848.0 1472.0
2848.881984202867 1471.672977183309
2850.0 1472.0
2849.6709523641343 1471.697556333465
2852.0 1472.0
2850.0411162219198 1471.4640345513205
2852.0 1470.0
2850.049925145864 1470.9039486403872
2850.0 1472.0
2849.7548285056 1469.948835404175
2848.0 1470.0
2849.2135321656137 1468.5392495661554
2846.0 1468.0
2848.489641371828 1466.8231580089243
2848.0 1466.0
2847.6526607516103 1465.1559397742008
2848.0 1464.0
2846.770376338758 1463.8885786292553
2848.0 1462.0
2845.865147133527 1463.0635548699386
2846.0 1462.0
2844.9139051026295 1462.4148453206785
2844.0 1464.0
2843.8922774412126 1461.6690854568146
2842.0 1462.0
2842.791308631986 1460.6925631960246
2842.0 1460.0
2841.6174604452112 1459.4912188983242
2842.0 1458.0
2840.3778649680075 1458.0770647690515
2840.0 1456.0
2839.079654287488 1456.4621130135401
2838.0 1456.0
2837.732485979491 1454.6596459524212
2836.0 1454.0
2836.404103860417 1452.7121585580583
2836.0 1452.0
2835.220337987237 1450.6913584545528
2836.0 1450.0
2834.309543905642 1448.670223381299
2834.0 1448.0
2833.800077161321 1446.72173107769
2834.0 1446.0
2833.8202932999634 1444.9188592831204
2834.0 1444.0
2834.4894559493137 1443.3310933922417
2834.0 1442.0
2835.717714624357 1441.9475948706481
2836.0 1440.0
2837.206104727314 1440.6772012548759
2838.0 1440.0
2838.6465697424637 1439.4252577367192
2840.0 1440.0
2839.7310531540843 1438.0971095079722
2840.0 1438.0
2840.1637209010682 1436.6011021107709
2840.0 1436.0
2839.9298553784893 1434.9145891450949
2840.0 1434.0
2839.2958554375987 1433.0839322687693
2840.0 1432.0
2838.540342384262 1431.1584934899604
2838.0 1430.0
2837.9419375243483 1429.1876348168341
2836.0 1428.0
2837.779262163724 1427.2207182575564
2838.0 1426.0
2838.313965913038 1425.3071058202936
2838.0 1424.0
2839.4173493928856 1423.4961595132113
2840.0 1422.0
2840.5703642338144 1421.8372413444763
2842.0 1420.0
2841.2640790729165 1420.3797133222538
2844.0 1422.0
2841.612602687859 1419.1729374547106
2842.0 1420.0
2842.3329616045435 1418.2648791270012
2842.0 1418.0
2843.7064560268577 1417.671381395027
2844.0 1416.0
2845.551571134908 1417.3761649854364
2846.0 1416.0
2847.6666697164633 1417.3615540018661
2848.0 1418.0
2849.8501145592913 1417.609872547953
2850.0 1418.0
2851.900268451162 1418.103444727334
2852.0 1420.0
2853.622159029755 1418.8245946436455
2854.0 1420.0
2854.974105480747 1419.755646400525
2856.0 1420.0
2856.067718537809 1420.8789241016093
2858.0 1420.0
2857.0212737845254 1422.176751850535
2860.0 1422.0
2857.9530468044804 1423.6314537509388
2860.0 1424.0
2858.978545003197 1425.2230092458187
2860.0 1426.0
2860.149607690774 1426.8774705834637
2860.0 1428.0
2861.45440608189 1428.4669628174518
2862.0 1430.0
2862.8783432131618 1429.8612663407253
2862.0 1432.0
2864.4068221212033 1430.9301615462236
2864.0 1432.0
2866.0252458426316 1431.5434288268873
2866.0 1432.0
2867.7190174140633 1431.5783763833258
2868.0 1430.0
2869.473539872113 1431.085451992545
2870.0 1430.0
2871.274216253397 1430.2882430079437
2872.0 1428.0
2873.1064495945316 1429.4178645905938
2874.0 1428.0
2874.955642932133 1428.7054319015638
2876.0 1430.0
2876.8074286143737 1428.375122548116
2878.0 1430.0
2878.652713155237 1428.4915503999266
2880.0 1428.0
2880.487677234518 1428.959765589084
2882.0 1430.0
2882.308730843568 1429.677880693871
2884.0 1432.0
2884.112283973737 1430.5440082925675
2886.0 1430.0
2885.894746616377 1431.4581615009874
2888.0 1430.0
2887.6525287628388 1432.3640657981468
2890.0 1432.0
2889.3820404044736 1433.2491590262684
2890.0 1434.0
2891.0796915326337 1434.1027795651053
2890.0 1436.0
2892.7418921386698 1434.91426579441
2892.0 1436.0
2894.3649175001924 1435.664031689145
2894.0 1434.0
2895.9419444787927 1436.1272299140749
2896.0 1436.0
2897.4630515200442 1435.8737518237665
2898.0 1436.0
2898.9181823557783 1434.4952401061976
2900.0 1434.0
2900.297280717826 1432.288879427983
2902.0 1432.0
2901.59029033802 1430.2573964343728
2902.0 1430.0
2902.7871549481924 1429.4010703165484
2904.0 1428.0
2903.877818280175 1429.9583468434312
2906.0 1430.0
2904.852224065799 1431.4058383616803
2906.0 1432.0
2905.7003160368968 1433.1870340256864
2906.0 1434.0
2906.4120379252995 1434.7454229898376
2904.0 1436.0
2906.9766185506087 1435.5409645499374
2906.0 1436.0
2907.3668437511005 1435.4124312543247
2908.0 1436.0
2907.5390563837227 1434.5774089038728
2908.0 1434.0
2907.4488843931977 1433.26995344087
2908.0 1432.0
2907.051955724243 1431.7241208076039
2908.0 1430.0
2906.3038983215783 1430.1739669463636
2906.0 1428.0
2905.1634250874718 1428.8470906771236
2904.0 1428.0
2903.660202947807 1427.8225770066595
2902.0 1430.0
2901.894852852084 1427.0309971285449
2900.0 1428.0
2899.971080707356 1426.3964651140445
2898.0 1426.0
2897.9925924206696 1425.8430950344184
2898.0 1424.0
2896.060429356754 1425.2965533177544
2896.0 1424.0
2894.214348406913 1424.7182105991062
2894.0 1424.0
2892.432821989029 1424.1051417204947
2892.0 1424.0
2890.699698653541 1423.4559738807643
2890.0 1424.0
2889.183762473093 1422.7693342787618
2888.0 1424.0
2888.2387330425313 1422.0438501133315
2886.0 1422.0
2888.209632367106 1421.2791861295934
2888.0 1420.0
2889.0565023690533 1420.4988706369707
2890.0 1418.0
2890.3544048875906 1419.7502955091904
2892.0 1420.0
2891.6616634974666 1419.0818901662556
2894.0 1420.0
2892.5366017734195 1418.5420840281658
2894.0 1418.0
2892.5536893409057 1418.1755006849148
2892.0 1416.0
2891.65875499172 1417.9392296362778
2890.0 1418.0
2890.168986684 1417.7028262918127
2888.0 1420.0
2888.417718426593 1417.3320402310687
2886.0 1418.0
2886.7382842283487 1416.6926210335946
2884.0 1416.0
2885.464018098114 1415.65031827894
2886.0 1414.0
2884.912980097993 1414.079837448567
2888.0 1412.0
2885.0519295149466 1412.0618697679677
2888.0 1410.0
2885.496324860798 1409.8830922066595
2886.0 1410.0
2885.862342824673 1407.8391376360776
2884.0 1408.0
2886.133978948801 1406.2256389276527
2884.0 1406.0
2886.6542215084014 1405.324329745835
2886.0 1404.0
2887.5790501400697 1405.097261994437
2888.0 1404.0
2888.8614437177316 1405.1868058166333
2890.0 1406.0
2890.4455549951927 1405.2322110158536
2892.0 1406.0
2892.2755367262625 1405.1206413419927
2894.0 1406.0
2894.2955416647487 1404.98717449141
2896.0 1404.0
2896.44972256446 1404.974052387792
2898.0 1404.0
2898.6822321792033 1405.1403802368202
2900.0 1406.0
2900.937223262787 1405.4621265261746
2902.0 1406.0
2903.1588485690204 1405.9116451036239
2904.0 1406.0
2905.291260851711 1406.461289816933
2906.0 1406.0
2907.2802563247387 1407.0807907139174
2908.0 1408.0
2909.1094307836856 1407.6795304434609
2910.0 1408.0
2910.8001796058284 1408.1065442555182
2912.0 1408.0
2912.375541628516 1408.2082436000908
2914.0 1408.0
2913.858555689102 1407.8310399271795
2916.0 1408.0
2915.272260624936 1406.8213446867862
2916.0 1406.0
2916.63969527337 1405.0441929896683
2916.0 1404.0
2917.983898471753 1402.7929641439662
2918.0 1402.0
2919.327909057438 1400.7893816552048
2918.0 1400.0
2920.6947658677745 1399.7434684161474
2920.0 1398.0
2922.107507740114 1399.6677890286476
2922.0 1400.0
2923.5885680794286 1399.8919163046012
2924.0 1400.0
2925.146455345957 1400.0478283043155
2926.0 1400.0
2926.7757530552103 1400.1002326100265
2928.0 1402.0
2928.4704392903195 1400.0283033049236
2930.0 1400.0
2930.224492134412 1399.8112144721958
2932.0 1400.0
2932.0318896706185 1399.428140195032
2934.0 1398.0
2933.88660998207 1398.8602709082916
2936.0 1398.0
2935.7826311518947 1398.1351731352277
2938.0 1396.0
2937.713931263225 1397.3267894874891
2940.0 1398.0
2939.674488399188 1396.511078928397
2942.0 1398.0
2941.6582806429165 1395.7640004212685
2942.0 1396.0
2943.6592860775377 1395.1595913976641
2944.0 1394.0
2945.6714827861847 1394.7276940586817
2946.0 1394.0
2947.6888488519835 1394.4539553749557
2948.0 1394.0
2949.7053623580687 1394.3221007853635
2950.0 1394.0
2951.7150013875657 1394.3158557287804
2952.0 1394.0
2953.7117440236075 1394.418945644083
2954.0 1394.0
2955.6895683493235 1394.6150959701476
2956.0 1396.0
2957.6424524478425 1394.8880321458503
2958.0 1396.0
2959.5643744022955 1395.221479610068
2960.0 1396.0
2961.4493122958124 1395.5991638016756
2962.0 1396.0
2963.291526549356 1396.003936750651
2964.0 1396.0
2965.0917713540516 1396.398562082302
2966.0 1396.0
2966.8572946711843 1396.7257150172643
2968.0 1396.0
2968.5956267998754 1396.927197367276
2970.0 1396.0
2970.314298039243 1396.9448109440734
2972.0 1396.0
2972.0208386884083 1396.7203575593953
2974.0 1396.0
2973.72277904649 1396.1982636042835
2976.0 1398.0
2975.4276494126075 1395.3833207937669
2978.0 1396.0
2977.1429800858814 1394.3406861668639
2978.0 1394.0
2978.8763013654298 1393.1381413418976
2980.0 1392.0
2980.6351435503743 1391.8434679371887
2982.0 1392.0
2982.4266832576054 1390.5235239187512
2982.0 1390.0
2984.2499624127863 1389.223923249481
2984.0 1388.0
2986.095888250349 1387.9690358891582
2986.0 1386.0
2987.9550143224983 1386.7823081452532
2988.0 1386.0
2989.8178941814404 1385.6871863252359
2990.0 1384.0
2991.6750813793783 1384.7071167365773
2992.0 1384.0
2993.5171294685183 1383.8659394829137
2994.0 1384.0
2995.3345920010643 1383.196551979695
2996.0 1384.0
2997.118022529223 1382.740908954184
2998.0 1384.0
2998.8579746051973 1382.5413589298112
3000.0 1384.0
3000.5450017811922 1382.640250430005
3002.0 1384.0
3002.169990751346 1383.0772583932117
3004.0 1382.0
3003.731490474231 1383.830565303251
3006.0 1382.0
3005.23571217285 1384.8168611893188
3008.0 1384.0
3006.6892002121435 1385.9501624956247
3008.0 1386.0
3008.0984989570484 1387.1444856663807
3008.0 1388.0
3009.470152772504 1388.3138471457974
3008.0 1390.0
3010.8112454936445 1389.375452448714
3010.0 1390.0
3012.1412687701522 1390.3198557144099
3012.0 1392.0
3013.492122066253 1391.210959706605
3014.0 1392.0
3014.896244316372 1392.1158562596486
3016.0 1392.0
3016.3860744549315 1393.1016372078873
3018.0 1394.0
3017.9929044705373 1394.2329100028455
3020.0 1394.0
3019.7216465979027 1395.5171412910734
3022.0 1396.0
3021.550833317854 1396.9046569141497
3022.0 1398.0
3023.4578501653978 1398.343298330828
3024.0 1400.0
3025.4200826755377 1399.780906999862
3026.0 1402.0
3027.414916383279 1401.165324380005
3028.0 1402.0
3029.4197368236273 1402.4443919300109
3030.0 1402.0
3031.4119295315877 1403.5659511086333
3032.0 1402.0
3033.3688800421646 1404.4778433746258
3034.0 1404.0
3035.2679738903644 1405.1279101867417
3036.0 1404.0
3037.0865966111915 1405.4639930037354
3038.0 1404.0
3038.803457370037 1405.436286832216
3040.0 1406.0
3040.427708831186 1405.0491182794824
3042.0 1406.0
3041.998947157809 1404.3609455535254
3044.0 1406.0
3043.5580921434716 1403.4325804101898
3044.0 1404.0
3045.146063581731 1402.3248346053217
3046.0 1402.0
3046.8037812661496 1401.098519894766
3048.0 1400.0
3048.5692164993216 1399.814448034369
3050.0 1400.0
3050.412525291609 1398.5334307799756
3050.0 1398.0
3052.2360483611405 1397.3162798874318
3052.0 1396.0
3053.939177935082 1396.2238071125832
3054.0 1396.0
3055.4213062405956 1395.316824211275
3056.0 1396.0
3056.5860280497327 1394.6552822297804
3056.0 1394.0
3057.433596666982 1394.279335894204
3058.0 1392.0
3058.060923929264 1394.2093436104792
3060.0 1392.0
3058.569124218391 1394.4648030749704
3062.0 1394.0
3059.0593119161717 1395.0652119840383
3060.0 1396.0
3059.6326014044175 1396.0300680340463
3060.0 1398.0
3060.3872253757722 1397.3755577850088
3060.0 1400.0
3061.3551376720025 1399.0417116609387
3060.0 1402.0
3062.5020132840045 1400.8924039498456
3062.0 1402.0
3063.7906455135085 1402.7881978033943
3064.0 1402.0
3065.183827662239 1404.5896563732458
3066.0 1404.0
3066.645056451073 1406.1612555835557
3068.0 1406.0
3068.154007241256 1407.457465125782
3068.0 1408.0
3069.7065340344056 1408.5227484586853
3070.0 1410.0
3071.299194251287 1409.4054818135191
3072.0 1412.0
3072.9285453126668 1410.1540414215365
3074.0 1410.0
3074.5911446393075 1410.81680351399
3076.0 1410.0
3076.283549651977 1411.4397147212171
3078.0 1410.0
3078.0023177714374 1412.0128408525043
3080.0 1412.0
3079.7440064184557 1412.4703668960865
3080.0 1414.0
3081.5051730137957 1412.744048239285
3082.0 1414.0
3083.2823749782233 1412.7656402694186
3084.0 1414.0
3085.0721697325025 1412.4731142519493
3086.0 1412.0
3086.871114697399 1411.9474066495784
3088.0 1410.0
3088.6757672936783 1411.4124191222484
3090.0 1410.0
3090.4826849421042 1411.0982692080443
3092.0 1410.0
3092.2884250634424 1411.2350744450482
3094.0 1412.0
3094.0895450784574 1412.0428138334132
3096.0 1414.0
3095.8826024079153 1413.5082800008545
3096.0 1416.0
3097.66415447258 1415.3850792026526
3098.0 1416.0
3099.4307586932164 1417.416679156156
3100.0 1418.0
3101.1789724905902 1419.3465475787125
3102.0 1420.0
3102.9041062549472 1420.9239681410281
3102.0 1422.0
3104.572788674595 1422.0319914410288
3104.0 1422.0
3106.1229667358984 1422.6874350038636
3106.0 1422.0
3107.4913403947094 1422.9129323080363
3108.0 1422.0
3108.6146096068746 1422.7311168320525
3110.0 1424.0
3109.429474328244 1422.1646220544176
3112.0 1422.0
3109.878850003986 1421.2382601806892
3112.0 1420.0
3110.048608333644 1420.0269541386429
3110.0 1420.0
3110.1675772711365 1418.6557375782686
3108.0 1418.0
3110.4708002597035 1417.2518228766132
3110.0 1416.0
3111.1933207425814 1415.9424224107195
3112.0 1416.0
3112.5592723435134 1414.850228478395
3114.0 1414.0
3114.5418628378234 1413.9939715549644
3116.0 1414.0
3116.863374152414 1413.288420293272
3118.0 1412.0
3119.2351783946924 1412.6438232669234
3120.0 1412.0
3121.368647672064 1411.970429049524
3122.0 1412.0
3122.9751540919374 1411.17848621468
3124.0 1412.0
3123.775202225512 1410.1815715329437
3124.0 1410.0
3123.699343311254 1408.9698103046446
3124.0 1408.0
3122.888175254885 1407.6098763598886
3122.0 1406.0
3121.4914284259316 1406.1717717257302
3120.0 1404.0
3119.65883319391 1404.7254984292213
3118.0 1404.0
3117.5403426382845 1403.3385872562083
3116.0 1404.0
3115.291032167131 1402.0217304447583
3114.0 1402.0
3113.071099517147 1400.728781685159
3112.0 1400.0
3111.040965134967 1399.411123426491
3112.0 1398.0
3109.361049467227 1398.0201381178351
3110.0 1398.0
3108.1917729605625 1396.5072082082715
3108.0 1396.0
3107.6875780214323 1394.8274087431862
3108.0 1394.0
3107.865412132232 1393.0207444829873
3106.0 1392.0
3108.6047278512933 1391.212149903106
3108.0 1390.0
3109.7789996967726 1389.5302520752791
3110.0 1388.0
3111.261702186823 1388.1036780712427
3112.0 1386.0
3112.9286282086564 1387.0570605794485
3114.0 1388.0
3114.708893137714 1386.4231614727992
3116.0 1386.0
3116.584934837673 1386.1428718086468
3118.0 1386.0
3118.5415095412623 1386.1530882610602
3120.0 1388.0
3120.5633734812154 1386.3907075041068
3122.0 1388.0
3122.6352828902595 1386.7926262118544
3124.0 1386.0
3124.741994001127 1387.2957410583715
3126.0 1386.0
3126.868263046548 1387.8369487177258
3128.0 1388.0
3128.998846259252 1388.3531458639854
3130.0 1388.0
3131.1184998719705 1388.7812291712185
3132.0 1390.0
3133.2119801174345 1389.0580953134927
3134.0 1390.0
3135.264540012564 1389.1233978406563
3136.0 1390.0
3137.272858610706 1388.9801984455014
3138.0 1388.0
3139.245041001627 1388.6949669637636
3140.0 1388.0
3141.189689059286 1388.3369301069597
3142.0 1388.0
3143.1154046576407 1387.9753145866046
3144.0 1386.0
3145.0307896706518 1387.6793471142148
3146.0 1386.0
3146.944445972277 1387.5180660144003
3148.0 1388.0
3148.8649754364765 1387.5561767129193
3150.0 1390.0
3150.800979937209 1387.8540517366798
3152.0 1390.0
3152.761061348433 1388.4718752256854
3154.0 1390.0
3154.7538215441073 1389.4698313199362
3156.0 1390.0
3156.786040843654 1390.9026954185424
3158.0 1392.0
3158.8226038121356 1392.700841880085
3160.0 1392.0
3160.7864992602517 1394.670244022615
3162.0 1394.0
3162.5988944441688 1396.611466423292
3162.0 1396.0
3164.18095662005 1398.3250736592759
3164.0 1398.0
3165.45385304406 1399.6116303077251
3166.0 1400.0
3166.343205512446 1400.2785614666234
3166.0 1402.0
3166.877090243359 1400.2910842129074
3168.0 1402.0
3167.186037876851 1399.7722076024684
3168.0 1400.0
3167.4050335930615 1398.8518012120212
3170.0 1398.0
3167.6690625721244 1397.6597346182805
3168.0 1398.0
3168.109930855821 1396.323973415537
3166.0 1396.0
3168.7863243036986 1394.928691602321
3168.0 1394.0
3169.6838085930744 1393.5142715814027
3170.0 1392.0
3170.7847702629083 1392.1191917731292
3172.0 1392.0
3172.071595852158 1390.781930597846
3174.0 1390.0
3173.526671899784 1389.5409664758993
3174.0 1388.0
3175.132384944746 1388.4347778276358
3176.0 1386.0
3176.8711215260023 1387.5018430734012
3178.0 1386.0
3178.725268182513 1386.7806406335412
3180.0 1386.0
3180.6772114532364 1386.3096489284028
3182.0 1386.0
3182.709337877134 1386.1273463783323
3184.0 1388.0
3184.8040339931613 1386.2698880811768
3186.0 1388.0
3186.943686340282 1386.719992717303
3188.0 1388.0
3189.1106814574523 1387.4069425496036
3190.0 1388.0
3191.2874058836323 1388.2576965184676
3192.0 1388.0
3193.4562461577816 1389.1992135642856
3194.0 1390.0
3195.599588818861 1390.1584526274498
3196.0 1390.0
3197.699820405826 1391.06237264835
3198.0 1392.0
3199.739327457639 1391.8379325673768
3200.0 1392.0
3201.7004965132583 1392.4120913249214
3202.0 1394.0
3203.565714111644 1392.7118078613746
3204.0 1392.0
3205.3179790846916 1392.666061356379
3206.0 1390.0
3206.9543730018745 1392.2502964923706
3208.0 1390.0
3208.486060170235 1391.4864234545794
3210.0 1392.0
3209.9248171897557 1390.4028358892779
3212.0 1392.0
3211.2824206604196 1389.130581543957
3214.0 1390.0
3212.5706471822077 1387.9033622673219
3214.0 1388.0
3213.8012733551036 1386.9560669338132
3214.0 1386.0
3214.9860757790893 1386.4482319085275
3216.0 1384.0
3216.1368310541466 1386.46404104722
3218.0 1386.0
3217.265315780258 1387.0844020095876
3218.0 1388.0
3218.3833065574063 1388.3902224553262
3218.0 1390.0
3219.502692522413 1390.441203468131
3218.0 1392.0
3220.6379511594087 1392.809294883659
3220.0 1394.0
3221.8061482998314 1394.5786952895273
3222.0 1396.0
3223.0244623119615 1394.8491913424095
3224.0 1394.0
3224.3100715640758 1393.5668465352949
3224.0 1392.0
3225.680154424454 1391.5240011974856
3226.0 1390.0
3227.1518892613744 1389.5304207763495
3228.0 1388.0
3228.7424544431155 1387.9503715983806
3230.0 1388.0
3230.469028337957 1386.7026208692005
3232.0 1386.0
3232.3487893141755 1385.6976876123783
3234.0 1386.0
3234.398915740052 1385.101881785116
3236.0 1386.0
3236.6259014692705 1385.321046810338
3238.0 1386.0
3238.7904965198954 1386.398225694015
3240.0 1386.0
3240.4077070743665 1388.0025396802182
3242.0 1388.0
3241.006938469602 1389.7868525451104
3240.0 1390.0
3240.694520431126 1391.4040280648537
3240.0 1392.0
3240.1537070730647 1392.506930015612
3238.0 1394.0
3240.0755263350597 1392.7659529471407
3240.0 1394.0
3240.75287975491 1392.2546992018345
3242.0 1392.0
3242.0805424685714 1391.4499789147274
3244.0 1390.0
3243.935979768445 1390.8358534620859
3246.0 1390.0
3246.1966569469278 1390.6599549758887
3248.0 1390.0
3248.738168255202 1390.9299909414062
3250.0 1392.0
3251.39307399642 1391.5629950558903
3252.0 1392.0
3253.950900525709 1392.3956067609327
3254.0 1392.0
3256.1993031569773 1393.2609700957066
3256.0 1394.0
3257.9259372041324 1393.992229099385
3258.0 1396.0
3258.918457981082 1394.42252781114
3260.0 1396.0
3258.9749503706166 1394.3911354398033
3260.0 1394.0
3258.1333793398003 1393.878200096352
3258.0 1392.0
3256.6715899399733 1393.0047487939094
3256.0 1390.0
3254.8778567913605 1391.8979337152575
3254.0 1390.0
3253.040454514183 1390.6849070431786
3252.0 1392.0
3251.439038046684 1389.489852396163
3250.0 1390.0
3250.1550096415945 1388.3686764140025
3248.0 1388.0
3249.07151886613 1387.3090087577868
3250.0 1386.0
3248.0630956055297 1386.2955105243166
3248.0 1386.0
3247.004269745028 1385.3128428103907
3246.0 1386.0
3245.7695711698652 1384.345666712809
3244.0 1384.0
3244.2392538563417 1383.378643328371
3244.0 1382.0
3242.425225875289 1382.3964337538764
3242.0 1382.0
3240.471049392056 1381.3836990861246
3240.0 1380.0
3238.5260106630676 1380.3251004219157
3238.0 1380.0
3236.739395944738 1379.205298858049
3236.0 1380.0
3235.2563065812737 1378.0097408878846
3234.0 1378.0
3234.1255909359134 1376.7419371256826
3232.0 1376.0
3233.29984439093 1375.4234623066002
3232.0 1374.0
3232.724312537071 1374.0766765623578
3234.0 1372.0
3232.2714487408894 1372.7239400246729
3234.0 1370.0
3231.740914144746 1371.3876128252657
3232.0 1370.0
3230.9346725623245 1370.0895148441264
3230.0 1372.0
3229.780441471927 1368.8390401714928
3228.0 1370.0
3228.3316920164725 1367.6331571078483
3226.0 1368.0
3226.647362889518 1366.4682937019509
3226.0 1366.0
3224.786392784617 1365.3408780025547
3224.0 1364.0
3222.80764127099 1364.2464233166736
3222.0 1364.0
3220.768148058104 1363.1594038912112
3220.0 1362.0
3218.7231329956767 1362.0332549129646
3218.0 1360.0
3216.7277368090904 1360.8204968269868
3216.0 1358.0
3214.8371002237254 1359.4736500783301
3214.0 1360.0
3213.106363964962 1357.9452351120483
3212.0 1358.0
3211.590668758182 1356.1923978536151
3212.0 1356.0
3210.345155328766 1354.2786702782114
3210.0 1354.0
3209.4249644020947 1352.3739704107215
3208.0 1352.0
3208.8852367035506 1350.6528417564537
3208.0 1350.0
3208.7811129585134 1349.2898278207142
3208.0 1348.0
3209.163336137732 1348.4497311968921
3210.0 1346.0
3209.981500855404 1348.0733135042506
3212.0 1348.0
3211.084053369177 1347.8772953879275
3212.0 1350.0
3212.3150421820674 1347.575325972829
3214.0 1348.0
3213.5185157970855 1347.0344503926665
3212.0 1346.0
3214.5444946702773 1346.2760642939145
3214.0 1344.0
3215.3803541773086 1345.3501863058214
3216.0 1344.0
3216.150824613471 1344.3287886487196
3218.0 1346.0
3216.986608227085 1343.2847980469046
3218.0 1344.0
3218.0184072664674 1342.2911412246692
3218.0 1342.0
3219.3721757386566 1341.4183179828408
3220.0 1340.0
3221.064658101179 1340.68100888252
3222.0 1340.0
3223.0033892620536 1340.0380752450803
3224.0 1338.0
3225.0911558880157 1339.4459514684288
3226.0 1340.0
3227.2307446458 1338.8610719504723
3228.0 1338.0
3229.324942202143 1338.2398710891184
3230.0 1340.0
3231.2711773850615 1337.539785733536
3232.0 1338.0
3232.8436487320305 1336.7413091119304
3234.0 1336.0
3233.693324489988 1335.84799083154
3234.0 1334.0
3233.4874802558757 1334.8643829508696
3234.0 1332.0
3232.391690967231 1333.79503752842
3232.0 1334.0
3231.0554386279982 1332.6458862598945
3230.0 1334.0
3229.818848124393 1331.4545924966112
3228.0 1332.0
3228.691022036176 1330.2905512455013
3228.0 1330.0
3227.6666706689202 1329.22895376996
3228.0 1328.0
3226.7405043281933 1328.4465735764081
3226.0 1326.0
3225.907233319567 1328.2217664142909
3224.0 1328.0
3225.1602171449363 1328.8242940183327
3224.0 1330.0
3224.4617468217443 1330.2246735416177
3224.0 1332.0
3223.7430448829746 1332.094177555588
3226.0 1334.0
3222.933983057941 1334.0910679977037
3224.0 1336.0
3221.964433075955 1335.8736068054227
3222.0 1336.0
3220.7663993447195 1337.1101907188583
3220.0 1336.0
3219.3209378748766 1337.7023169391628
3218.0 1338.0
3217.6581562800143 1337.784583128527
3216.0 1338.0
3215.8102948521073 1337.5017217517961
3214.0 1338.0
3213.809593883131 1336.9984652738158
3212.0 1336.0
3211.6882936650586 1336.4195461594309
3210.0 1334.0
3209.478634489868 1335.9051715458988
3208.0 1336.0
3207.212856649532 1335.4914660359623
3206.0 1336.0
3204.9232004360274 1335.1104716978484
3204.0 1336.0
3202.641906141329 1334.6897052721974
3202.0 1336.0
3200.4012140574114 1334.1566834996493
3200.0 1334.0
3198.2342686192105 1333.4409640245049
3198.0 1332.0
3196.1950095497873 1332.519045275276
3196.0 1332.0
3194.3581718603145 1331.4143664646863
3194.0 1330.0
3192.7993947049363 1330.152407709119
3192.0 1330.0
3191.5943172377883 1328.7586491249588
3190.0 1328.0
3190.818578613013 1327.2585708285894
3188.0 1326.0
3190.54257602885 1325.677652936395
3190.0 1324.0
3190.716141697889 1324.0413755647594
3192.0 1322.0
3191.1685428470637 1322.3752188300673
3194.0 1322.0
3191.723804747416 1320.7046628487024
3194.0 1320.0
3192.2059526699813 1319.0551877370492
3192.0 1320.0
3192.4436072921712 1317.4561715572236
3190.0 1318.0
3192.3710836380155 1316.026645123191
3190.0 1316.0
3192.0283910781545 1314.9752920007636
3192.0 1314.0
3191.460134389603 1314.504005619857
3192.0 1312.0
3190.7109183493767 1314.5688535328977
3192.0 1314.0
3189.825347734492 1314.8800774148228
3190.0 1316.0
3188.847397818574 1315.1397686697571
3188.0 1316.0
3187.806565297265 1315.1083883506183
3186.0 1316.0
3186.7178682882236 1314.6047671591168
3184.0 1314.0
3185.5956954057233 1313.4624810493503
3186.0 1312.0
3184.454435264029 1311.7958771315048
3186.0 1310.0
3183.310810416985 1309.9931383957705
3184.0 1308.0
3182.235224028588 1308.2951439240196
3182.0 1308.0
3181.3517598729914 1306.7832614482363
3180.0 1308.0
3180.7868356639174 1305.5319234243223
3178.0 1306.0
3180.6668691150926 1304.6155623081784
3180.0 1304.0
3181.118277940241 1304.1086105557065
3182.0 1302.0
3182.2596354055727 1304.0745252956333
3184.0 1304.0
3184.0290924844876 1304.3243311316483
3186.0 1304.0
3186.184377857575 1304.4166201424066
3188.0 1304.0
3188.4753757579074 1303.923939396111
3190.0 1306.0
3190.6519704185616 1302.9922332455983
3192.0 1304.0
3192.4707981874326 1302.3237157906956
3192.0 1302.0
3193.8437940532804 1302.2515980821393
3194.0 1300.0
3194.838191645734 1302.7151578048472
3196.0 1302.0
3195.5279767092393 1303.6365451060954
3196.0 1304.0
3195.987134988245 1304.9379101331579
3196.0 1306.0
3196.2896522271976 1306.541403033309
3196.0 1308.0
3196.5095141705465 1308.3691739538242
3196.0 1310.0
3196.7207065627376 1310.3433730419788
3196.0 1312.0
3196.997215148219 1312.3861504450465
3196.0 1314.0
3197.413025671439 1314.419656310303
3198.0 1316.0
3198.042123876845 1316.366040785023
3200.0 1316.0
3198.9560054067783 1318.1479539182817
3202.0 1318.0
3200.1688935551447 1319.6995435005817
3200.0 1320.0
3201.637739267419 1320.9664550638481
3202.0 1322.0
3203.317003386965 1321.8948340418094
3204.0 1322.0
3205.1611467571483 1322.430825868193
3206.0 1322.0
3207.1246302213367 1322.529254515963
3208.0 1324.0
3209.1619146228945 1322.344550360512
3210.0 1324.0
3211.2274608051885 1322.2307501796606
3212.0 1322.0
3213.2757296115838 1322.5310603597638
3214.0 1320.0
3215.2611818854475 1323.1399818809896
3216.0 1322.0
3217.1340734721857 1323.518142850149
3218.0 1324.0
3218.747945264153 1323.4478106983815
3220.0 1324.0
3219.859623200649 1323.0524011118614
3222.0 1324.0
3220.240460027668 1322.47016230959
3220.0 1324.0
3220.0926399982345 1321.8393425105683
3218.0 1322.0
3220.049178872397 1321.2981899337974
3220.0 1320.0
3220.7417615680993 1320.9801601532831
3222.0 1320.0
3222.3406321277703 1320.908477908128
3224.0 1320.0
3224.5545937183165 1320.9961371025313
3226.0 1320.0
3227.072386859892 1321.151338995699
3228.0 1322.0
3229.582752072644 1321.2822848468336
3230.0 1322.0
3231.7818150025737 1321.2982355602846
3232.0 1320.0
3233.535559190252 1321.1328238787212
3234.0 1322.0
3234.8798260708177 1320.744054383132
3236.0 1322.0
3235.857842205262 1320.0909912996508
3238.0 1320.0
3236.512834154574 1319.1326988544108
3238.0 1318.0
3236.888028479746 1317.8282412735462
3236.0 1316.0
3237.026438297415 1316.142731842202
3238.0 1314.0
3236.9661675041198 1314.1804122028072
3236.0 1314.0
3236.7404107762954 1312.1846523550726
3234.0 1312.0
3236.382149346031 1310.4048713577226
3234.0 1310.0
3235.9243644454073 1309.0904882694801
3236.0 1308.0
3235.3978039411336 1308.473314775955
3238.0 1308.0
3234.7818482961834 1308.3801929811216
3236.0 1308.0
3234.0045105697964 1308.2329954073198
3234.0 1308.0
3232.991570455836 1307.4608122541833
3232.0 1308.0
3231.668807648164 1306.0637098807165
3230.0 1306.0
3229.962001840642 1304.612730805294
3228.0 1304.0
3227.8038768769284 1303.690011788388
3226.0 1302.0
3225.2868720459664 1303.5618809993239
3224.0 1304.0
3222.6631420819863 1304.17885801628
3222.0 1304.0
3220.1917858690185 1305.455807265809
3220.0 1306.0
3218.131902291086 1306.8033332781815
3218.0 1308.0
3216.734933546004 1307.1643045126511
3216.0 1308.0
3216.0762180486304 1306.2997130662
3214.0 1306.0
3216.0549904308727 1304.8105990168522
3216.0 1304.0
3216.562828638422 1303.3167136414058
3218.0 1302.0
3217.4913106169706 1302.0281178073546
3218.0 1300.0
3218.73201431221 1300.7451819728872
3220.0 1298.0
3220.1773612503675 1299.258865514746
3222.0 1300.0
3221.7391753099773 1297.553363345709
3224.0 1298.0
3223.34868272188 1295.8061059145862
3222.0 1296.0
3224.937953297455 1294.202925215236
3224.0 1294.0
3226.4390568480753 1292.9296532415137
3226.0 1292.0
3227.7859507583826 1292.1656121443827
3228.0 1292.0
3228.956006598012 1291.9403976882463
3230.0 1292.0
3229.9700101216013 1292.13387925095
3232.0 1290.0
3230.8506346570457 1292.6194163674445
3234.0 1292.0
3231.620553532243 1293.270368572681
3234.0 1294.0
3232.30244007509 1293.9600954016107
3232.0 1296.0
3232.920781682102 1294.5643495448664
3230.0 1296.0
3233.5417893280537 1295.0139262737634
3232.0 1296.0
3234.273397565968 1295.2946634402995
3234.0 1294.0
3235.2253550174973 1295.3947920521541
3236.0 1294.0
3236.5074103042834 1295.302543117006
3238.0 1294.0
3238.211015903204 1295.0066011076894
3240.0 1296.0
3240.006812961372 1294.5060801955656
3242.0 1296.0
3241.1446312961384 1293.8105242505262
3242.0 1294.0
3240.89232883189 1292.9299306076152
3240.0 1292.0
3239.353221284559 1291.8742966018783
3238.0 1290.0
3237.46608216162 1290.6536195683593
3236.0 1290.0
3236.1784041436376 1289.2778968421037
3234.0 1288.0
3235.802763100635 1287.757125758155
3236.0 1286.0
3236.0168180920873 1286.1013036515592
3238.0 1286.0
3236.4706230987554 1284.3204278573598
3236.0 1284.0
3236.8142321013984 1282.4244957106027
3238.0 1282.0
3236.7071262575746 1280.4327880630722
3236.0 1280.0
3236.0256117912218 1278.5781066515908
3236.0 1278.0
3234.8628199926575 1277.3067740980182
3234.0 1276.0
3233.321309329 1277.0499787011656
3232.0 1276.0
3231.503638267366 1277.6772984447136
3230.0 1278.0
3229.5123652748716 1278.49670099721
3228.0 1280.0
3227.450048818636 1278.8108065965832
3226.0 1280.0
3225.419247365774 1278.360854891637
3224.0 1278.0
3223.5225193834035 1277.3267049420474
3224.0 1276.0
3221.8624233386427 1275.9072862166613
3222.0 1274.0
3220.541517698609 1274.3015281843232
3222.0 1272.0
3219.6584837050314 1272.7031830185338
3220.0 1272.0
3219.2228264157748 1271.186925099853
3218.0 1272.0
3219.1548747048323 1269.7083510158955
3216.0 1270.0
3219.371080220815 1268.217880058935
3218.0 1268.0
3219.7878946123287 1266.6659315212412
3220.0 1266.0
3220.3208621686513 1265.0070646435122
3220.0 1264.0
3220.8646579144183 1263.2910574802206
3222.0 1262.0
3221.2930876096243 1261.6629068996144
3224.0 1260.0
3221.4790496549344 1260.271749718369
3224.0 1258.0
3221.295442451009 1259.2667227531565
3222.0 1258.0
3220.620535740886 1258.7896119868194
3220.0 1260.0
3219.4561401421706 1258.8131342240342
3218.0 1260.0
3217.927607147043 1259.1409370913148
3216.0 1260.0
3216.1656595900545 1259.569317381342
3214.0 1262.0
3214.3010203057547 1259.8945718867963
3212.0 1260.0
3212.4644121286956 1259.912997400358
3212.0 1258.0
3210.786557893429 1259.4289695887298
3210.0 1258.0
3209.398180434506 1258.4326782211035
3208.0 1258.0
3208.430002586477 1257.1001271691605
3206.0 1256.0
3208.0127471838928 1255.6153991786057
3208.0 1254.0
3208.2771370613063 1254.1625769951415
3210.0 1254.0
3209.3464417928876 1252.9218895131505
3212.0 1252.0
3211.172505964053 1251.984927046611
3214.0 1252.0
3213.535749171464 1251.3546413290978
3216.0 1252.0
3216.209137751405 1251.0301302428645
3218.0 1252.0
3218.9656380401548 1251.0104916701641
3220.0 1252.0
3221.5782163739973 1251.2948234932494
3222.0 1252.0
3223.826837454822 1251.880892594329
3224.0 1250.0
3225.6524283934928 1252.735852854577
3226.0 1252.0
3227.1568787098445 1253.7962451541314
3226.0 1254.0
3228.4490762893256 1254.9972793730885
3228.0 1256.0
3229.6379090173787 1256.274165391541
3230.0 1258.0
3230.82729617469 1257.5565211051482
3232.0 1258.0
3232.006879132444 1258.6453487675456
3234.0 1260.0
3233.052021352327 1259.2130349903443
3236.0 1260.0
3233.833117691263 1258.9417246243418
3234.0 1258.0
3234.2205630061762 1257.8666176635995
3234.0 1256.0
3234.0847521539927 1256.3759692454441
3234.0 1254.0
3233.3026089971813 1254.8637950219427
3232.0 1254.0
3231.901224525708 1253.503547340897
3230.0 1254.0
3230.057856857041 1252.248115245845
3228.0 1252.0
3227.956293114192 1251.0407980714451
3226.0 1252.0
3225.7803204201687 1249.824895152353
3224.0 1250.0
3223.7087913869573 1248.5466018506381
3224.0 1248.0
3221.8070648728913 1247.2187221588229
3222.0 1246.0
3220.0270059826603 1245.9206686998855
3220.0 1244.0
3218.3155453099243 1244.7347501242155
3218.0 1242.0
3216.619613448344 1243.7432750822009
3216.0 1242.0
3214.8861409915794 1243.0285522242311
3214.0 1244.0
3213.0671416043033 1242.6699564151104
3212.0 1244.0
3211.2315395844485 1242.6793854511816
3210.0 1244.0
3209.565169863208 1243.0012600603266
3208.0 1244.0
3208.2589504427924 1243.5770671848447
3206.0 1244.0
3207.5037993254045 1244.348293767032
3206.0 1246.0
3207.4799989435824 1245.2566617336552
3208.0 1246.0
3208.1232136274557 1246.2492976542624
3210.0 1244.0
3209.124489604746 1247.278732741182
3212.0 1246.0
3210.164237533504 1248.2977331912123
3212.0 1248.0
3210.922868071784 1249.2590652011502
3212.0 1250.0
3211.080791877635 1250.1154949677941
3210.0 1252.0
3210.331033886988 1250.8201679190083
3208.0 1254.0
3208.6567474269505 1251.3349517971938
3206.0 1252.0
3206.3312142158097 1251.6304366592865
3204.0 1250.0
3203.64033024973 1251.6775917932919
3202.0 1250.0
3200.869991524876 1251.447386487212
3200.0 1250.0
3198.2993430912015 1250.9124081673249
3198.0 1252.0
3196.052258235821 1250.0824614401945
3196.0 1250.0
3194.0973384830068 1249.0045680926712
3194.0 1248.0
3192.3964344108217 1247.7273680498777
3192.0 1248.0
3190.9113965973265 1246.2995012369379
3190.0 1246.0
3189.6040756205875 1244.769607578976
3188.0 1244.0
3188.436322058665 1243.1900006733451
3188.0 1242.0
3187.369986489623 1241.6974885786924
3188.0 1240.0
3186.3669194915224 1240.5133738149555
3186.0 1240.0
3185.388971642427 1239.8626325743055
3184.0 1240.0
3184.3979935203993 1239.9702410489099
3182.0 1240.0
3183.3567302013835 1241.0341527893122
3184.0 1242.0
3182.2485002126155 1242.63080058864
3182.0 1244.0
3181.077195532624 1243.7150964826071
3180.0 1244.0
3179.8476026378144 1243.258193169314
3178.0 1242.0
3178.564508004597 1241.2262993391696
3178.0 1240.0
3177.2326981093806 1238.5806796748932
3176.0 1238.0
3175.856959428574 1236.2994587652104
3174.0 1236.0
3174.4420784385843 1234.7534830446714
3174.0 1234.0
3172.992841615823 1233.7063207936517
3174.0 1232.0
3171.514035436696 1232.8951368945204
3172.0 1230.0
3170.0104463776142 1232.0570962296456
3170.0 1232.0
3168.486860914985 1230.9389141079612
3168.0 1232.0
3166.9480655252178 1229.5069656494072
3166.0 1230.0
3165.398846684719 1227.9472857849298
3164.0 1228.0
3163.843990869902 1226.4554598720413
3162.0 1226.0
3162.288284557171 1225.2270732682518
3162.0 1224.0
3160.7365142229373 1224.4528242019778
3160.0 1222.0
3159.193466343608 1224.2110069324283
3160.0 1224.0
3157.6639273955934 1224.467511749604
3158.0 1226.0
3156.152683855301 1225.1682521470982
3156.0 1226.0
3154.6645221991403 1225.9120792702854
3154.0 1226.0
3153.203882872775 1225.972407072738
3152.0 1226.0
3151.7672476147636 1225.104938438217
3150.0 1224.0
3150.343139456556 1223.562754847985
3148.0 1222.0
3148.919735398858 1221.62056293972
3148.0 1220.0
3147.485212442376 1219.5530693510973
3146.0 1220.0
3146.027747587817 1217.6349807197937
3144.0 1218.0
3144.5355178358864 1216.1316906109
3142.0 1216.0
3142.99670018729 1215.0943919200274
3142.0 1214.0
3141.399471642735 1214.3600768733081
3142.0 1212.0
3139.7320092029277 1213.7564246242905
3140.0 1212.0
3137.982489868573 1213.111114326519
3138.0 1214.0
3136.140352257649 1212.2576088138153
3136.0 1212.0
3134.2240521853582 1211.1623955662985
3134.0 1210.0
3132.2810626641244 1209.9249867103865
3132.0 1210.0
3130.360118323647 1208.65067805277
3130.0 1210.0
3128.509953793623 1207.444765400142
3128.0 1208.0
3126.77930370375 1206.4125445591933
3126.0 1206.0
3125.2172135090104 1205.6573613363971
3124.0 1204.0
3123.8798776459744 1205.2377115332054
3122.0 1204.0
3122.8306395327936 1205.1672409460477
3120.0 1204.0
3122.1331534129104 1205.4576453711359
3120.0 1206.0
3121.851073529762 1206.1206206046802
3122.0 1206.0
3122.044104681197 1207.1663887914665
3124.0 1208.0
3122.6811144164326 1208.571278093461
3124.0 1210.0
3123.6401330360527 1210.277722689811
3126.0 1212.0
3124.795241395049 1212.2266831082395
3128.0 1214.0
3126.0205203484134 1214.3591198764668
3126.0 1216.0
3127.1900507511377 1216.6159935222145
3128.0 1218.0
3128.180225688926 1218.9382645732042
3126.0 1220.0
3128.920619553839 1221.2668935571573
3128.0 1222.0
3129.393988044294 1223.5428410017948
3128.0 1224.0
3129.5853990894243 1225.7070674348388
3130.0 1226.0
3129.479920618356 1227.7005333840104
3130.0 1228.0
3129.06539084106 1229.4665000803266
3128.0 1230.0
3128.39336442676 1231.001144930612
3128.0 1232.0
3127.579112503936 1232.3535615174958
3130.0 1234.0
3126.740676481908 1233.5751441269047
3128.0 1236.0
3125.9960977699925 1234.7172870447641
3126.0 1236.0
3125.463417777509 1235.8313845570008
3124.0 1234.0
3125.2574626012865 1236.9635797309245
3124.0 1236.0
3125.4191061508623 1238.0392376056745
3124.0 1238.0
3125.9152701484854 1238.8629451922197
3126.0 1240.0
3126.70966100392 1239.2489765566288
3128.0 1242.0
3127.7659851269223 1239.3551860604396
3128.0 1240.0
3129.0464305931278 1239.6707568335778
3130.0 1238.0
3130.4782637932817 1240.4180251568764
3132.0 1240.0
3131.9538294332388 1241.5375421883573
3134.0 1242.0
3133.3639538847306 1242.9576075589648
3134.0 1244.0
3134.599463519485 1244.606520899642
3136.0 1246.0
3135.551184709233 1246.4125818413324
3134.0 1248.0
3136.1128773355836 1248.3023123379558
3134.0 1250.0
3136.245772007362 1250.1613477718781
3136.0 1250.0
3135.97857006061 1251.8344369539102
3138.0 1252.0
3135.342906341251 1253.164551017842
3136.0 1254.0
3134.370415695205 1253.99466109746
3134.0 1254.0
3133.093863149067 1254.1750244945183
3132.0 1254.0
3131.5720078849204 1253.7234803739843
3130.0 1252.0
3129.889603240333 1252.8254497640378
3128.0 1254.0
3128.132532733548 1251.6736398608236
3126.0 1252.0
3126.3866798828053 1250.460757860488
3126.0 1250.0
3124.7379282063494 1249.3795109591765
3126.0 1248.0
3123.2762489012075 1248.6185107387344
3124.0 1248.0
3122.1856297764416 1248.2721696521128
3122.0 1248.0
3121.7440752531556 1248.3407010233668
3120.0 1248.0
3122.214541578975 1248.8202225622517
3122.0 1250.0
3123.4198603994664 1249.706851978523
3124.0 1250.0
3124.75587034215 1250.9950859701073
3126.0 1252.0
3125.901300614453 1252.6421379628662
3126.0 1254.0
3126.8369068559678 1254.5679381105974
3126.0 1256.0
3127.5565762902975 1256.6907955552701
3128.0 1258.0
3128.0541961410418 1258.9290194388514
3130.0 1260.0
3128.3236536318036 1261.2009189033101
3128.0 1262.0
3128.3588359861847 1263.4248030906151
3128.0 1264.0
3128.153630427785 1265.5189811427344
3128.0 1266.0
3127.7019241802077 1267.4017622016368
3128.0 1268.0
3126.997604467053 1268.9914554092904
3128.0 1270.0
3126.0345585119244 1270.2063699076637
3126.0 1272.0
3124.8075398344504 1270.9684227041962
3124.0 1270.0
3123.3312267629267 1271.2825117121495
3122.0 1270.0
3121.6402224343115 1271.23651575061
3120.0 1272.0
3119.7699962815936 1270.9219215041335
3118.0 1270.0
3117.756017737762 1270.4302156572764
3116.0 1272.0
3115.633756235802 1269.8528848945957
3114.0 1270.0
3113.4386812087037 1269.2814159006466
3112.0 1270.0
3111.206262089455 1268.8072953599856
3110.0 1268.0
3108.9719683110425 1268.5220099571695
3108.0 1268.0
3106.7712693064564 1268.5170463767545
3106.0 1268.0
3104.638763692528 1268.8770651397213
3104.0 1268.0
3102.589021314515 1269.529725004825
3102.0 1270.0
3100.6165832460983 1270.2456829685943
3100.0 1270.0
3098.715119744806 1270.7887698639825
3098.0 1272.0
3096.8783010681664 1270.9228165239426
3096.0 1272.0
3095.0997974737033 1270.4116537814284
3094.0 1270.0
3093.373279218946 1269.0437548017487
3092.0 1268.0
3091.69241656142 1267.1743663943964
3092.0 1266.0
3090.050879758654 1265.725509013048
3090.0 1264.0
3088.442339068172 1265.605524818291
3088.0 1266.0
3086.8604647475036 1266.8413815854801
3086.0 1268.0
3085.2989270541743 1268.5891013450077
3084.0 1270.0
3083.751396245711 1270.2062442280387
3082.0 1272.0
3082.21154257964 1271.2902290919542
3080.0 1272.0
3080.6730363134902 1271.46467425497
3078.0 1270.0
3079.1295477047865 1270.715926908258
3080.0 1268.0
3077.5747470110564 1269.3930631159471
3078.0 1270.0
3076.002304489827 1267.8568829576545
3076.0 1268.0
3074.405890398625 1266.3751099962383
3074.0 1266.0
3072.7791749949774 1265.1223912778
3072.0 1264.0
3071.115828536411 1264.2693270433642
3070.0 1264.0
3069.4095212804514 1263.986517533956
3068.0 1264.0
3067.6563653614494 1264.4277344861823
3066.0 1264.0
3065.90863608063 1265.359694035043
3066.0 1266.0
3064.274771906102 1266.1620567139273
3064.0 1268.0
3062.865653182796 1266.217183907537
3062.0 1266.0
3061.792160255638 1265.3566121823035
3060.0 1264.0
3061.1651734695606 1263.8610532863877
3060.0 1262.0
3061.085360249294 1262.0266808391486
3062.0 1260.0
3061.4184908550296 1260.0561163157086
3064.0 1260.0
3061.7954383824244 1258.058429046954
3062.0 1258.0
3061.8580369684937 1256.1386208792426
3062.0 1256.0
3061.7351218660933 1254.4016936589287
3060.0 1254.0
3062.0250368408183 1252.9517184262322
3062.0 1252.0
3062.9449697485484 1251.8713576802272
3064.0 1250.0
3064.3097785738873 1251.2218653788445
3066.0 1250.0
3065.91682869834 1251.0635646738765
3068.0 1252.0
3067.563485503411 1251.4567787171168
3066.0 1254.0
3069.047114370606 1252.4618306603584
3068.0 1252.0
3070.172170702449 1254.1177086387172
3070.0 1254.0
3070.9061803849063 1255.9726954037133
3072.0 1256.0
3071.3797397873873 1257.0843683232754
3074.0 1258.0
3071.7305353003217 1256.5363680553717
3072.0 1256.0
3072.0962533141364 1254.5024963125122
3074.0 1254.0
3072.6113546704687 1252.218695632783
3074.0 1252.0
3073.336112588681 1250.323841594798
3072.0 1250.0
3074.2566126658685 1248.8123445109766
3074.0 1248.0
3075.355714950329 1247.650594464775
3076.0 1248.0
3076.616279490366 1246.8049815396475
3076.0 1246.0
3078.021166334276 1246.2418958190501
3078.0 1244.0
3079.5532355303617 1245.9277273864377
3080.0 1244.0
3081.1953471269217 1245.8288663252658
3082.0 1246.0
3082.9303611722553 1245.9117027189895
3084.0 1246.0
3084.741137714664 1246.1426266510646
3086.0 1246.0
3086.6105368024473 1246.4880282049457
3088.0 1248.0
3088.521511310915 1246.914029776741
3090.0 1248.0
3090.4591491366214 1247.3805969535754
3092.0 1248.0
3092.410673197366 1247.8415385135884
3094.0 1248.0
3094.3633992379573 1248.2503955475731
3096.0 1250.0
3096.304643003204 1248.5607091463226
3098.0 1250.0
3098.2217202379156 1248.7260204006302
3098.0 1248.0
3100.101946686901 1248.7027260710183
3100.0 1246.0
3101.932638094969 1248.5129033217859
3102.0 1248.0
3103.701110206929 1248.2443097210082
3104.0 1248.0
3105.3946787675895 1247.9875585064917
3106.0 1248.0
3107.000659521759 1247.83326291604
3108.0 1246.0
3108.5053780215735 1247.8676541853338
3110.0 1248.0
3109.8723853876595 1248.0761775011572
3110.0 1250.0
3111.0424583091317 1248.3434920013995
3112.0 1250.0
3111.9553832824377 1248.5498748218238
3114.0 1250.0
3112.550946804018 1248.5756030981943
3114.0 1248.0
3112.7689353703186 1248.300953966274
3112.0 1248.0
3112.552223443158 1247.6120130410789
3110.0 1246.0
3111.914708688031 1246.528460960435
3112.0 1244.0
3110.9413119741043 1245.2035733849768
3110.0 1244.0
3109.7200421359234 1243.7964344545928
3108.0 1244.0
3108.338908008033 1242.4661283091702
3106.0 1242.0
3106.88583916077 1241.364573886127
3108.0 1240.0
3105.446942087715 1240.4788904660675
3106.0 1242.0
3104.1065002056807 1239.6313976727813
3104.0 1240.0
3102.948717667283 1238.6372499275906
3104.0 1238.0
3102.05779862513 1237.3116016518143
3102.0 1236.0
3101.513185127133 1235.4831370035326
3100.0 1234.0
3101.2847908130984 1233.2917240862703
3100.0 1232.0
3101.2330009147195 1231.188414948996
3100.0 1230.0
3101.2134385589966 1229.6377913774395
3102.0 1228.0
3101.081726872925 1229.1044351573282
3100.0 1230.0
3100.6972718285865 1230.0262595832503
3100.0 1232.0
3100.0064848349757 1232.2278026535448
3100.0 1234.0
3099.0427827380063 1234.9202270703033
3100.0 1236.0
3097.8433652286744 1237.3044153359992
3098.0 1238.0
3096.4454319979754 1238.9581806581057
3096.0 1240.0
3094.8861827369046 1239.836266949096
3094.0 1238.0
3093.202817136459 1239.9148037147038
3092.0 1240.0
3091.432534887635 1239.2848584006174
3090.0 1240.0
3089.6125356814264 1238.15243639248
3088.0 1238.0
3087.78001920883 1236.728540377673
3086.0 1236.0
3085.9721851608424 1235.2241730435758
3086.0 1234.0
3084.2250260615356 1233.845347279868
3084.0 1232.0
3082.5467695957464 1232.6833106290828
3082.0 1232.0
3080.91787860908 1231.7145452866075
3080.0 1232.0
3079.3176087802167 1230.9105436501277
3078.0 1232.0
3077.7252157878356 1230.2427981173291
3076.0 1230.0
3076.1199553106167 1229.6828010858974
3076.0 1228.0
3074.4810830272404 1229.2016303677296
3074.0 1228.0
3072.7878546163874 1228.7608283015802
3072.0 1230.0
3071.019525756738 1228.312401753061
3070.0 1228.0
3069.1553521269716 1227.807943001997
3068.0 1228.0
3067.1745894057676 1227.1990443282102
3066.0 1226.0
3065.059361917266 1226.4415038244626
3064.0 1226.0
3062.857772831126 1225.5878532810639
3062.0 1226.0
3060.68390416253 1224.7873581858717
3060.0 1224.0
3058.654706572122 1224.1934898396821
3058.0 1224.0
3056.88713072054 1223.9597195432902
3056.0 1224.0
3055.4981272684277 1224.2395185974915
3054.0 1224.0
3054.5976118475123 1225.1785117865588
3054.0 1226.0
3054.133694424537 1226.7418540147382
3054.0 1228.0
3053.892679301256 1228.7142303062471
3054.0 1230.0
3053.6538357505165 1230.8724791687837
3054.0 1232.0
3053.196433045158 1232.993439110043
3054.0 1234.0
3052.3096235655794 1234.8607206615982
3052.0 1236.0
3051.009871165908 1236.4136909041772
3050.0 1238.0
3049.540951174001 1237.7474734676648
3048.0 1238.0
3048.1565220252655 1238.963964005821
3046.0 1238.0
3047.1102421551127 1240.1650581724066
3046.0 1240.0
3046.6557699989526 1241.4526516211822
3048.0 1242.0
3047.034849569433 1242.9241931180184
3048.0 1244.0
3048.215193155671 1244.5748530073163
3050.0 1246.0
3049.890481323254 1246.2975232120066
3052.0 1248.0
3051.7424802150085 1247.980648767132
3052.0 1250.0
3053.4529559737603 1249.5126747077327
3052.0 1252.0
3054.7136774979112 1250.7868487158385
3054.0 1250.0
3055.4464770641266 1251.806879354175
3056.0 1250.0
3055.8032503273344 1252.6869360661674
3058.0 1252.0
3055.945895698036 1253.5459909422266
3058.0 1254.0
3056.0363115867353 1254.503016072765
3056.0 1256.0
3056.236396403936 1255.6769835481932
3054.0 1256.0
3056.6970752697275 1257.180043349829
3056.0 1258.0
3057.3168876246496 1258.9674369498346
3056.0 1260.0
3057.7419872297 1260.8374973112152
3058.0 1262.0
3057.621233898611 1262.5817352878835
3060.0 1264.0
3056.918112337594 1263.9916617337506
3058.0 1266.0
3055.905038149259 1264.8646606749269
3056.0 1266.0
3054.7371443694806 1265.1331990980539
3054.0 1264.0
3053.438602124245 1264.8648269503087
3052.0 1264.0
3052.027888543456 1264.1329673510656
3050.0 1264.0
3050.523480757018 1263.0110434196974
3048.0 1262.0
3048.943855894835 1261.5724782755779
3048.0 1260.0
3047.30749108681 1259.890695038081
3046.0 1258.0
3045.632863462847 1258.0391168265799
3046.0 1256.0
3043.9384501528502 1256.091166760449
3044.0 1254.0
3042.2427282867243 1254.1202679590613
3042.0 1254.0
3040.564174994374 1252.1998435417909
3040.0 1252.0
3038.920701675348 1250.4020902814216
3038.0 1250.0
3037.3172079310916 1248.7709989791776
3036.0 1250.0
3035.7455815649387 1247.3223544647217
3034.0 1248.0
3034.197144649872 1246.0707152211287
3032.0 1246.0
3032.663219258874 1245.0306397314716
3032.0 1244.0
3031.1351274649287 1244.2166864788253
3032.0 1242.0
3029.6041913410163 1243.6409656940361
3030.0 1242.0
3028.06173296012 1243.2592778067344
3028.0 1242.0
3026.4990743952226 1242.9711134453319
3026.0 1244.0
3024.9075377193067 1242.6735149860153
3024.0 1244.0
3023.278445005354 1242.2635248049698
3022.0 1242.0
3021.608303959756 1241.6450329092356
3020.0 1242.0
3020.012891857316 1240.879424815499
3018.0 1240.0
3018.7272555412424 1240.1855815500921
3018.0 1238.0
3017.991627488158 1239.7892317702015
3018.0 1240.0
3018.046240174681 1239.9161041330126
3018.0 1242.0
3019.1048882598757 1240.7789117674224
3020.0 1242.0
3020.773296598998 1242.2910106516324
3022.0 1242.0
3022.049120243493 1244.0663996131527
3024.0 1244.0
3021.9478102769253 1245.706061951202
3022.0 1246.0
3020.5021963253876 1246.8109809649973
3020.0 1248.0
3018.7383134988168 1247.0056708036298
3018.0 1248.0
3017.17045040716 1246.4558551632156
3016.0 1246.0
3015.7569153106924 1245.8684672868978
3014.0 1246.0
3014.431843411012 1245.9502688476437
3012.0 1246.0
3013.1293699097128 1246.8628658572945
3010.0 1246.0
3011.7836300083923 1248.2227086665691
3012.0 1248.0
3010.3314944463314 1249.629229820228
3010.0 1250.0
3008.7727513295995 1250.835607987115
3010.0 1252.0
3007.1701061310505 1251.7487679601572
3008.0 1254.0
3005.5889998612242 1252.282319146373
3006.0 1254.0
3004.0948735306624 1252.3498709527798
3004.0 1252.0
3002.7510335178913 1251.8688506692363
3002.0 1250.0
3001.5716896651193 1250.8444968909196
3000.0 1250.0
3000.5219552782355 1249.3698595183287
2998.0 1248.0
2999.5648090311165 1247.541806334802
2998.0 1246.0
2998.6632295976374 1245.4572051236773
2998.0 1244.0
2997.7801956516732 1243.2129236682936
2998.0 1242.0
2996.8786858671 1240.9058297519896
2996.0 1240.0
2995.9216789177945 1238.6327911581025
2996.0 1238.0
2994.8721534776305 1236.4906756699716
2994.0 1236.0
2993.6930882204842 1234.576351070935
2994.0 1234.0
2992.3474618202326 1232.9866851443312
2992.0 1232.0
2990.800663491742 1231.815122849082
2990.0 1232.0
2989.07352489271 1231.0763841825342
2988.0 1230.0
2987.2423201236575 1230.706464180458
2986.0 1230.0
2985.385733826104 1230.6379350542081
2984.0 1230.0
2983.582450641563 1230.8033690151383
2984.0 1232.0
2981.911155211552 1231.135338274604
2982.0 1234.0
2980.448609000979 1231.5691914300098
2980.0 1232.0
2979.227340412791 1232.1041339579351
2978.0 1230.0
2978.235644787967 1232.803228214132
2976.0 1232.0
2977.459894290885 1233.7323129404062
2976.0 1234.0
2976.886461085917 1234.9572268785594
2976.0 1236.0
2976.4992582628506 1236.5383981849934
2978.0 1238.0
2976.2256401959166 1238.411811551839
2976.0 1240.0
2975.936402543791 1240.3890082069563
2978.0 1242.0
2975.4998818905606 1242.2761187928022
2976.0 1244.0
2974.784414820312 1243.8792739518342
2974.0 1244.0
2973.6583379171325 1245.0046043265095
2972.0 1244.0
2971.9981554199157 1245.4678950490272
2970.0 1246.0
2969.868227628087 1245.3069845156508
2968.0 1244.0
2967.5207709016067 1244.7817643867072
2966.0 1246.0
2965.2161692552445 1244.1617808122678
2964.0 1244.0
2963.2148067037633 1243.7165799424001
2964.0 1242.0
2961.7703428624573 1243.7065911341756
2962.0 1244.0
2960.981776158685 1244.182557505668
2960.0 1244.0
2960.7934438318757 1244.9855359359572
2962.0 1246.0
2961.1429587219823 1245.9474665111215
2960.0 1248.0
2961.967933668955 1246.900289317241
2962.0 1248.0
2963.20598151275 1247.6759444403947
2964.0 1248.0
2964.793001482756 1248.114672499361
2966.0 1248.0
2966.6254797654306 1248.2476263649935
2968.0 1248.0
2968.560489504295 1248.29687116022
2970.0 1246.0
2970.4533902323146 1248.49277254067
2972.0 1248.0
2972.159541482447 1249.0656961619695
2972.0 1250.0
2973.5401748098943 1250.236942405767
2974.0 1252.0
2974.5915782813827 1252.019310352164
2974.0 1254.0
2975.4450964751613 1254.217097779717
2976.0 1256.0
2976.2379459917192 1256.6255371930015
2978.0 1258.0
2977.1073434315454 1259.0398610965942
2978.0 1260.0
2978.1905053951295 1261.25530199507
2978.0 1262.0
2979.615348066504 1263.0760125993063
2980.0 1264.0
2981.295878051198 1264.5113103650813
2982.0 1264.0
2982.9321923762323 1265.7756774930776
2984.0 1266.0
2984.2150876521764 1267.0925163902793
2984.0 1268.0
2984.835360489595 1268.685229463668
2986.0 1270.0
2984.497404516709 1270.757002294677
2984.0 1272.0
2983.2183447677303 1273.0460334770844
2982.0 1274.0
2981.3280376828666 1274.8255346170133
2980.0 1276.0
2979.1699367199767 1275.381475635382
2978.0 1276.0
2977.0874953369203 1274.7582546810213
2976.0 1274.0
2975.424166991557 1273.7586981306745
2976.0 1272.0
2974.512541787268 1273.1977956363905
2974.0 1272.0
2974.435352674456 1273.4118639543024
2974.0 1274.0
2975.025475450542 1274.2585469446271
2976.0 1276.0
2976.1049225584748 1275.5746766025436
2976.0 1278.0
2977.495706441196 1277.1970849232287
2978.0 1278.0
2979.0233359230597 1278.9629681664867
2980.0 1280.0
2980.59373660078 1280.717900678514
2982.0 1280.0
2982.193250843435 1282.3158348918973
2984.0 1282.0
2983.81171740151 1283.611087503853
2984.0 1284.0
2985.438975025491 1284.4579752115933
2986.0 1284.0
2987.0648624658597 1284.7198918728507
2988.0 1286.0
2988.6792184731044 1284.4690060372534
2990.0 1286.0
2990.2718817977075 1283.9862609463257
2990.0 1284.0
2991.832691190156 1283.561677002111
2992.0 1282.0
2993.351485400933 1283.4852746066513
2994.0 1284.0
2994.8184468188488 1284.0365383349883
2996.0 1284.0
2996.231661514187 1285.252628741157
2998.0 1286.0
2997.597119238702 1286.928382358183
2998.0 1288.0
2998.921153382475 1288.8480998920925
3000.0 1290.0
3000.210097335586 1290.796082048911
3000.0 1292.0
3001.470284488116 1292.5566295346653
3002.0 1292.0
3002.7096472722155 1293.9207163759984
3004.0 1294.0
3003.972896087663 1294.8328029737606
3004.0 1296.0
3005.3415193018595 1295.3908361030094
3006.0 1296.0
3006.8986043242835 1295.6994358594216
3008.0 1296.0
3008.7272385644055 1295.8632223386708
3010.0 1298.0
3010.901243076028 1295.9861218877054
3012.0 1296.0
3013.2813127324316 1296.1561046327336
3014.0 1296.0
3015.5150162263785 1296.4451844792238
3016.0 1294.0
3017.247375492946 1296.9246815839174
3018.0 1296.0
3018.277963220934 1297.6659161035548
3020.0 1298.0
3018.560902852868 1298.7402081948771
3018.0 1300.0
3018.0631964277964 1300.2150660301058
3018.0 1302.0
3016.8935029510612 1302.0703221375206
3016.0 1304.0
3015.3021383942964 1304.1981334014586
3014.0 1306.0
3013.545577727676 1306.4868447217377
3012.0 1308.0
3011.880295921367 1308.8248009981753
3010.0 1310.0
3010.556516931332 1311.1030506362877
3010.0 1312.0
3009.6806913867044 1313.2748226726212
3010.0 1314.0
3009.2154965897926 1315.3555267747568
3010.0 1316.0
3009.1173588286924 1317.3632761159715
3010.0 1318.0
3009.342704391502 1319.3161838695428
3010.0 1320.0
3009.847959566319 1321.232363208747
3012.0 1322.0
3010.588140090423 1323.129927306862
3010.0 1324.0
3011.485819032293 1325.026989337165
3010.0 1326.0
3012.431126791603 1326.9416624729333
3012.0 1328.0
3013.3127832172154 1328.8920598874436
3012.0 1330.0
3014.019508157987 1330.8962947539737
3014.0 1332.0
3014.4428600505485 1332.9685567186448
3016.0 1334.0
3014.5396848502946 1335.0327943030097
3016.0 1336.0
3014.3321160313767 1336.9227149040496
3016.0 1338.0
3013.84512565572 1338.468102391591
3014.0 1340.0
3013.1036857852514 1339.4987406354603
3012.0 1340.0
3012.132768481895 1339.844413505484
3010.0 1340.0
3010.9582497343445 1339.354952330406
3008.0 1338.0
3009.626795846957 1338.3412799940631
3010.0 1336.0
3008.2058634397567 1337.5754109353877
3008.0 1338.0
3006.7638130595333 1337.811479988276
3006.0 1338.0
3005.369005253077 1338.9312995157102
3006.0 1340.0
3004.0878970393746 1339.9740036725716
3004.0 1342.0
3002.943164297881 1340.6226175944903
3002.0 1342.0
3001.9137017685234 1341.2419844617923
3000.0 1340.0
3000.976500663423 1342.2135834350377
3000.0 1342.0
3000.1085521947016 1343.6197031753968
3000.0 1344.0
2999.2868475744785 1345.243441844652
3000.0 1346.0
2998.4883780148766 1346.861672876941
2998.0 1348.0
2997.6901347280177 1348.4072914699677
2998.0 1350.0
2996.8691089260215 1349.9692145850006
2996.0 1352.0
2996.0022918210093 1351.6431427382474
2994.0 1352.0
2995.0666746251036 1353.524776445914
2994.0 1354.0
2994.040015118897 1355.6956378275127
2994.0 1356.0
2992.917702157852 1357.9111458785758
2994.0 1358.0
2991.712755672303 1359.600616470656
2992.0 1360.0
2990.4389621610503 1360.202777419768
2990.0 1362.0
2989.110108122898 1359.6989343885452
2988.0 1360.0
2987.739980056652 1358.6129708862368
2986.0 1358.0
2986.3423644611153 1357.4817798049073
2986.0 1356.0
2984.9310478350935 1356.598891994721
2984.0 1356.0
2983.519816677388 1356.0144762639434
2982.0 1356.0
2982.1224574868033 1355.7681204624978
2980.0 1354.0
2980.752756762146 1355.899412440306
2980.0 1356.0
2979.4238575760696 1356.438280282808
2980.0 1358.0
2978.1341041998544 1357.1924774923446
2978.0 1360.0
2976.867042103398 1357.7475829881578
2976.0 1358.0
2975.605573330452 1357.6975405972332
2974.0 1356.0
2974.3325999247686 1357.0508616077552
2974.0 1354.0
2973.0310239300993 1356.230624769107
2974.0 1356.0
2971.6837473901955 1355.6650275146735
2972.0 1358.0
2970.2736723488088 1355.4854295486796
2970.0 1356.0
2968.7837008496913 1355.5263528461874
2968.0 1356.0
2967.196734936594 1355.6094133940362
2966.0 1354.0
2965.49567665327 1355.5562271790654
2964.0 1354.0
2963.6657405134356 1355.197292904307
2962.0 1354.0
2961.745327840042 1354.5674117452704
2960.0 1356.0
2959.826026765267 1353.905687349936
2958.0 1356.0
2958.0017378912607 1353.4601060824818
2956.0 1354.0
2956.366361820167 1353.478654307083
2956.0 1352.0
2955.009785634159 1354.1975892667842
2956.0 1354.0
2953.929585455967 1355.5833984185522
2954.0 1356.0
2953.0310264488794 1357.3327994332794
2952.0 1358.0
2952.2153602562134 1359.1307808607264
2954.0 1360.0
2951.3838385212803 1360.6623312506504
2952.0 1362.0
2950.4402906478113 1361.6168751303658
2950.0 1362.0
2949.3478345290273 1361.7858645109413
2948.0 1362.0
2948.128876547649 1361.0627788871984
2946.0 1360.0
2946.80840084681 1359.3629403946497
2944.0 1358.0
2945.411391569645 1357.0020244208915
2944.0 1356.0
2943.962832859284 1354.6960596056063
2942.0 1354.0
2942.487708858863 1353.155113865017
2944.0 1352.0
2941.0110037115132 1352.5518052237032
2942.0 1352.0
2939.557701560369 1352.5213018145957
2940.0 1354.0
2938.152786548563 1352.6754043840367
2938.0 1352.0
2936.821242819229 1352.6259136783647
2936.0 1352.0
2935.586575355684 1351.9976237557612
2934.0 1352.0
2934.4382684654993 1350.7141748467568
2932.0 1350.0
2933.331785780493 1348.998053354232
2932.0 1348.0
2932.2211117726747 1347.084738992908
2932.0 1346.0
2931.0602309140468 1345.2097114775067
2932.0 1344.0
2929.803127676618 1343.60845052275
2930.0 1344.0
2928.406438598232 1342.5095830627822
2928.0 1342.0
2926.887797731033 1341.9841220784897
2926.0 1342.0
2925.325836641464 1341.9454665974977
2924.0 1342.0
2923.8018389618082 1342.3001628668567
2922.0 1342.0
2922.397088324347 1342.9547571336157
2920.0 1342.0
2921.1917210633433 1343.8171166444295
2920.0 1344.0
2920.239485658604 1344.8254916368646
2922.0 1346.0
2919.5677427354763 1345.9485153394016
2922.0 1348.0
2919.2027056212896 1347.1561419801249
2920.0 1350.0
2919.1705876433725 1348.4183257871189
2918.0 1348.0
2919.4976021290536 1349.7050209884674
2918.0 1350.0
2920.2086013114344 1350.9861818122565
2920.0 1350.0
2921.297132256376 1352.2317624865698
2922.0 1352.0
2922.7254368624976 1353.4117172394922
2924.0 1354.0
2924.454395934197 1354.4960002991083
2926.0 1356.0
2926.444890275863 1355.4545658935028
2928.0 1356.0
2928.6548662146724 1356.2602549417609
2930.0 1358.0
2930.974777101726 1356.9523022559897
2932.0 1358.0
2933.2275833120534 1357.6363365413151
2934.0 1356.0
2935.233310743465 1358.420873193867
2936.0 1358.0
2936.8119852937693 1359.4144276097722
2936.0 1360.0
2937.7836328607773 1360.7255151851598
2938.0 1362.0
2937.9759910081666 1362.4544345788775
2938.0 1364.0
2937.3941656146217 1364.512499492321
2938.0 1366.0
2936.2206308738237 1366.6220386694351
2936.0 1368.0
2934.6455726453314 1368.497164116886
2934.0 1368.0
2932.8591767886965 1369.8519878413372
2932.0 1370.0
2931.0464179682785 1370.4133425731065
2930.0 1372.0
2929.2724133589204 1370.2006376865468
2928.0 1370.0
2927.482422645947 1369.5258592000425
2926.0 1368.0
2925.616494319488 1368.713713855631
2924.0 1368.0
2923.6146768696717 1368.0889083953514
2922.0 1368.0
2921.4170187866284 1367.976149561242
2920.0 1368.0
2918.9702388837914 1368.6794758211693
2918.0 1370.0
2916.37447341057 1370.0275553370266
2916.0 1370.0
2913.8832760523533 1371.3736859647388
2914.0 1372.0
2911.7568708178364 1372.0811355487413
2912.0 1374.0
2910.2554817157093 1372.217851975213
2910.0 1372.0
2909.628235429528 1372.5370994213065
2908.0 1372.0
2909.869020164693 1373.3774140591952
2910.0 1374.0
2910.7164856484446 1374.631965793387
2910.0 1376.0
2911.8981842828866 1376.174560777624
2912.0 1376.0
2913.141668470124 1377.8790051656456
2914.0 1378.0
2914.1744906122594 1379.6191051111925
2914.0 1380.0
2914.7308817730113 1381.27095604776
2916.0 1382.0
2914.698682233187 1382.7633068431828
2916.0 1384.0
2914.1193414906807 1384.0775597996364
2914.0 1386.0
2913.040987705007 1385.1974064990522
2912.0 1388.0
2911.511749035672 1386.106538523359
2910.0 1386.0
2909.5824011557756 1386.7883258226811
2908.0 1386.0
2907.3646125509226 1387.2187408156108
2906.0 1386.0
2905.030944519229 1387.3663583892046
2904.0 1386.0
2902.7566058723946 1387.1994317987162
2902.0 1386.0
2900.7168054221233 1386.6862142993975
2900.0 1388.0
2899.0867519801154 1385.7949591465003
2898.0 1386.0
2898.0336229038553 1384.4974635003477
2896.0 1384.0
2897.539872103795 1382.8470343378597
2896.0 1382.0
2897.4032300433573 1380.9784884525554
2898.0 1380.0
2897.413395731748 1379.0301865430272
2900.0 1378.0
2897.36006817817 1377.1404893078627
2900.0 1376.0
2897.0381698386063 1375.4445010906966
2898.0 1374.0
2896.3627624448845 1374.0024300711693
2896.0 1374.0
2895.3690470046854 1372.7995882649302
2894.0 1372.0
2894.097447972463 1371.8180313326725
2892.0 1372.0
2892.588389802674 1371.0398149350883
2890.0 1372.0
2890.8822969497733 1370.4469947328707
2888.0 1370.0
2889.0195938682164 1370.0216263867133
2888.0 1368.0
2887.040705012459 1369.7457655573078
2886.0 1368.0
2884.9860548369556 1369.6014679053476
2884.0 1370.0
2882.8960677961622 1369.5707890915253
2882.0 1370.0
2880.810279287162 1369.635999836235
2880.0 1372.0
2878.7477763874754 1369.784317233012
2878.0 1370.0
2876.707197855059 1370.0079047485285
2876.0 1370.0
2874.686293390497 1370.299140909161
2874.0 1370.0
2872.6828126943765 1370.6504042412828
2872.0 1370.0
2870.69450546728 1371.0540732712707
2870.0 1372.0
2868.7191214097925 1371.5017248188633
2868.0 1370.0
2866.7544102225 1371.9664964511676
2866.0 1372.0
2864.798121605987 1372.4030864826598
2864.0 1374.0
2862.848005260838 1372.7653915211797
2862.0 1374.0
2860.9018108876376 1373.0073081745666
2860.0 1374.0
2858.9572881869713 1373.084545580405
2858.0 1372.0
2857.0121868594224 1372.9945010604013
2856.0 1372.0
2855.0642566055776 1372.7762601203835
2854.0 1372.0
2853.111247126021 1372.470720795924
2852.0 1372.0
2851.150908121337 1372.1187811225955
2850.0 1372.0
2849.1809892921115 1371.7613391359703
2848.0 1372.0
2847.199240338928 1371.4387333016373
2846.0 1372.0
2845.2034109623714 1371.1784319755627
2844.0 1372.0
2843.191250863028 1370.9950334040873
2842.0 1370.0
2841.160509741481 1370.9025762635722
2840.0 1370.0
2839.108937298315 1370.9150992303744
2838.0 1372.0
2837.0346705352777 1371.0454066314164
2836.0 1372.0
2834.9447543808174 1371.2779127565689
2834.0 1370.0
2832.8551416900873 1371.5686418586483
2832.0 1372.0
2830.7821726194 1371.8723838410363
2830.0 1372.0
2828.742187325073 1372.1439286071125
2828.0 1372.0
2826.751525963415 1372.3380660602584
2826.0 1372.0
2824.826528690744 1372.4098783744946
2824.0 1372.0
2822.9835356633725 1372.3211699485582
2822.0 1372.0
2821.238887037615 1372.0404674059037
2820.0 1374.0
2819.6089229697845 1371.5365896406272
2818.0 1372.0
2818.1099836161957 1370.7783555468213
2816.0 1370.0
2816.7591804619524 1369.7370503612392
2816.0 1368.0
2815.5913655543277 1368.440685201737
2818.0 1366.0
2814.6591315027636 1366.9739970672792
2816.0 1366.0
2814.0158422454924 1365.424189299486
2814.0 1366.0
2813.7148617207454 1363.878465239977
2812.0 1364.0
2813.8095538667567 1362.4240282303729
2812.0 1362.0
2814.3425716882016 1361.144823899572
2814.0 1360.0
2815.1102167179856 1360.0498704838733
2816.0 1358.0
2815.6624390172424 1359.0732588269732
2818.0 1360.0
2815.5542734870405 1358.1458220598493
2816.0 1358.0
2814.704057818679 1357.1983933134766
2814.0 1356.0
2813.388422464683 1356.1659982871422
2812.0 1356.0
2811.784562983819 1355.0800917512508
2810.0 1354.0
2809.9544442676006 1354.0685575473292
2808.0 1354.0
2807.9550211785336 1353.2634720852122
2806.0 1354.0
2805.8432485791227 1352.7969117747357
2804.0 1352.0
2803.676081331874 1352.800953025735
2802.0 1352.0
2801.5104742992908 1353.3979520835542
2802.0 1354.0
2799.40338234388 1354.4867014102367
2800.0 1356.0
2797.4117603281456 1355.7424296845252
2798.0 1356.0
2795.5925631145938 1356.830645420672
2796.0 1358.0
2794.002745565729 1357.4168571329271
2794.0 1356.0
2792.6978872602685 1357.1871147541922
2792.0 1358.0
2791.701936249855 1356.2999208462888
2790.0 1356.0
2791.00720905905 1355.3862305999605
2790.0 1354.0
2790.6046469286275 1355.0821730464952
2788.0 1356.0
2790.4851910993625 1355.6704229207503
2790.0 1356.0
2790.639782812031 1357.0802006611561
2792.0 1358.0
2791.0593633074095 1359.2109038384826
2792.0 1360.0
2791.7348738262726 1361.6294583637718
2792.0 1362.0
2792.657255609395 1363.5703184883328
2792.0 1364.0
2793.817449897552 1364.2933307199974
2794.0 1366.0
2795.2063979315208 1363.974835126267
2796.0 1364.0
2796.8138920057104 1363.6824490034662
2798.0 1364.0
2798.603298648144 1363.9436615844338
2800.0 1364.0
2800.51155862046 1364.7059864924456
2802.0 1366.0
2802.4744637379267 1365.8917210199277
2804.0 1366.0
2804.4278058158166 1367.4231624593056
2806.0 1368.0
2806.307376669402 1369.2226081030062
2808.0 1370.0
2808.0489681139525 1371.212355243456
2810.0 1372.0
2809.5883719647404 1373.3147011730798
2810.0 1374.0
2810.8613800370376 1375.4519431843044
2810.0 1376.0
2811.803784146114 1377.5463785695563
2812.0 1378.0
2812.3513761072422 1379.5203046212612
2812.0 1380.0
2812.4457228425604 1381.2986210339623
2812.0 1382.0
2812.1612187321743 1382.8660827508993
2812.0 1384.0
2811.70508561415 1384.2672999640085
2810.0 1386.0
2811.2903204334275 1385.5494852673426
2810.0 1388.0
2811.129920134941 1386.7598512549553
2812.0 1386.0
2811.4293288586437 1387.945610520899
2814.0 1388.0
2812.2202762298275 1389.1539756592279
2814.0 1390.0
2813.360777359121 1390.4321592639938
2814.0 1392.0
2814.7012945521724 1391.827373929251
2814.0 1394.0
2816.0922901146255 1393.3868322490525
2816.0 1394.0
2817.3870935757805 1395.1554640231286
2818.0 1396.0
2818.5049806089523 1397.125694781798
2820.0 1398.0
2819.4311730314766 1399.2374457859676
2820.0 1400.0
2820.1537598843397 1401.4283555022198
2820.0 1402.0
2820.660830208528 1403.6360623971395
2820.0 1404.0
2820.940473045028 1405.7982049373095
2820.0 1406.0
2820.9807774348274 1407.8524215893144
2820.0 1408.0
2820.769832418913 1409.7363508197377
2822.0 1410.0
2820.2957270382726 1411.387631095163
2822.0 1412.0
2819.546550333892 1412.743900882174
2820.0 1414.0
2818.5103913467583 1413.7427986473551
2818.0 1414.0
2817.1766372448546 1414.3255899085004
2816.0 1416.0
2815.564532117072 1414.5169623612633
2814.0 1416.0
2813.7231769732125 1414.4250258791526
2812.0 1416.0
2811.702970950072 1414.1615173868904
2810.0 1414.0
2809.5543131844465 1413.8381738091978
2808.0 1412.0
2807.327602813133 1413.5667320707958
2806.0 1412.0
2805.073238972929 1413.4547472509303
2804.0 1412.0
2802.8416208006297 1413.513591982922
2802.0 1414.0
2800.6831474330334 1413.6584564541656
2800.0 1414.0
2798.648218006935 1413.8003490065814
2798.0 1414.0
2796.787231659131 1413.8502779820888
2796.0 1416.0
2795.147199153099 1413.7224086251663
2794.0 1414.0
2793.6971986659373 1413.403514939136
2794.0 1412.0
2792.328375788366 1412.9529796861636
2792.0 1412.0
2790.9284877377872 1412.4333425309744
2790.0 1412.0
2789.3852917316012 1411.9071431382918
2788.0 1412.0
2787.5865449872094 1411.43692117284
2786.0 1412.0
2785.4282732958077 1411.0852162993442
2784.0 1410.0
2782.99667964588 1410.9145681825285
2782.0 1410.0
2780.568144223196 1410.9875164871169
2780.0 1412.0
2778.427315787326 1411.3666008778343
2778.0 1412.0
2776.8588430978334 1412.114361019405
2776.0 1412.0
2776.1374697110664 1413.2892055117343
2776.0 1414.0
2776.3101195092777 1414.854528463903
2776.0 1416.0
2777.19589670063 1416.6787094941644
2778.0 1418.0
2778.604000290065 1418.6259971559543
2780.0 1420.0
2780.343629282523 1420.5606400027077
2782.0 1422.0
2782.2239826829464 1422.3468865878608
2782.0 1424.0
2784.0560230141077 1423.8551123638626
2784.0 1424.0
2785.6912737089337 1425.096611460479
2786.0 1424.0
2787.021819110498 1426.2235966847916
2788.0 1426.0
2787.941507079713 1427.3944077428985
2790.0 1428.0
2788.3441854774856 1428.767384340894
2790.0 1430.0
2788.131261543102 1430.4932476504623
2788.0 1432.0
2787.3780082184853 1432.5474925517767
2786.0 1434.0
2786.333564148195 1434.730387633502
2784.0 1436.0
2785.2546273551675 1436.834582949888
2784.0 1438.0
2784.3978958623384 1438.6527285551858
2782.0 1440.0
2784.0200676926447 1439.9774745036468
2784.0 1440.0
2784.36943065686 1440.6124529740846
2786.0 1440.0
2785.500837686029 1440.613885010259
2788.0 1440.0
2787.2757068314672 1440.2905805208768
2790.0 1440.0
2789.5470459323305 1439.9623315392098
2792.0 1440.0
2792.1678628277705 1439.948930098526
2794.0 1440.0
2794.9902670286774 1440.559239658826
2796.0 1442.0
2797.8457064958207 1441.8507664948872
2798.0 1444.0
2800.5449676398525 1443.629659696266
2800.0 1444.0
2802.8979385431594 1445.6911397792471
2802.0 1446.0
2804.7145072881267 1447.8304272601158
2804.0 1448.0
2805.804561957142 1449.8427426551575
2806.0 1450.0
2805.9869864659854 1451.529337744618
2808.0 1452.0
2805.2875688985137 1452.830183379833
2806.0 1454.0
2803.93900150666 1453.823969483226
2804.0 1456.0
2802.1829723757546 1454.5954172411841
2802.0 1456.0
2800.261169591123 1455.2292478400914
2800.0 1456.0
2798.410592246778 1455.8093516048366
2798.0 1456.0
2796.760392636444 1456.4005090458681
2796.0 1454.0
2795.331876253562 1457.0483908591953
2794.0 1456.0
2794.1416596002537 1457.7978368793295
2792.0 1458.0
2793.206359178642 1458.6936869407834
2792.0 1460.0
2792.5425914908483 1459.780780878068
2792.0 1462.0
2792.166973038998 1461.100855734325
2790.0 1464.0
2792.096120325211 1462.6242843511625
2792.0 1462.0
2792.3466498516113 1464.2500753686568
2794.0 1464.0
2792.9351781203222 1465.8741346355146
2794.0 1466.0
2793.878321633466 1467.3923680004402
2796.0 1468.0
2795.190708321679 1468.703699889568
2796.0 1470.0
2796.841228971429 1469.7764820098669
2798.0 1470.0
2798.7530372250144 1470.6484933491427
2800.0 1472.0
2800.847298153248 1471.3605314726287
2802.0 1472.0
2803.045176826944 1471.9533939455573
2804.0 1472.0
2805.2678383169123 1472.4678783331626
2806.0 1472.0
2807.4364476939672 1472.944782200677
2808.0 1472.0
2809.47217002892 1473.424903113335
2810.0 1474.0
2811.2961703925857 1473.9490386363686
2812.0 1476.0
2812.8296138557744 1474.5579863350108
