2814.0 1474.0
2815.0073458799593 1474.1883139206686
2815.8245009110387 1474.289618235779
2816.6840089794523 1474.31068838048
2817.5826526682295 1474.258945535667
2818.517214560404 1474.141810882235
2820.0 1474.0
2820.4812232870654 1473.7410508730945
2821.504235287616 1473.4722678791773
2822.5502958236884 1473.1677778002227
2823.616187478313 1472.8350018171243
2824.698692834522 1472.4813611107795
2826.0 1472.0
2826.9006749838186 1471.7411702519285
2828.0137169429686 1471.3694624612135
2829.130502935828 1471.0065746708324
2830.247815545429 1470.6599280616795
2831.362437354802 1470.336943814652
2832.0 1470.0
2833.570738904991 1469.7916471305498
2834.6579838118696 1469.5841770552668
2835.7296682506462 1469.4300540656886
2836.782574804351 1469.3366993427112
2837.813486056017 1469.3115340672305
2838.0 1470.0
2839.796622279576 1469.491699216009
2840.7434281828478 1469.6893278040914
2841.657400646841 1469.939742167314
2842.536338019902 1470.227819288604
2843.378038650381 1470.5384361508884
2844.0 1470.0
2844.9409230769807 1471.1667970301496
2845.6577035698 1471.4542950129796
2846.32844071343 1471.7038406685122
2846.950932856219 1471.9003109796743
2847.522978346516 1472.0285829293928
2850.0 1472.0
2848.506922763025 1472.0238190501714
2848.9144183859353 1471.8832134308686
2849.262660749746 1471.6592698693994
2849.5494482028066 1471.3595415924729
2849.7725790934646 1470.9915818268014
2850.0 1472.0
2850.01906458097 1470.0811807360644
2850.038015874512 1469.5538458644226
2849.9845039990473 1468.9884924108783
2849.856327302922 1468.3926736021433
2849.6512841344856 1467.7739426649289
2848.0 1466.0
2849.003389804197 1466.4967363671722
2848.5657235197964 1465.8460417916485
2848.061560517986 1465.187996657685
2847.498287327868 1464.522828523589
2846.883290478546 1463.8507649476692
2846.0 1462.0
2845.5276719186954 1462.486861703593
2844.8018232663735 1461.7954771520529
2844.0537970712567 1461.0981073919236
2843.2909798624464 1460.3949799815125
2842.5207581690465 1459.686322479129
2842.0 1460.0
2840.987647444886 1458.2533274316772
2840.23953147233 1457.529445003226
2839.5135571315936 1456.8009427160364
2838.8171109517803 1456.068048128416
2838.1575794619903 1455.3309887986736
2838.0 1456.0
2836.978806668895 1453.8452861460573
2836.474338423794 1453.0970979398005
2836.0363309851273 1452.3456552246553
2835.6721708819973 1451.5911855589309
2835.3892446435066 1450.8339165009352
2836.0 1450.0
2835.0938502857566 1449.311738623669
2835.079417678125 1448.546374014845
2835.1422899583895 1447.7772984346416
2835.273116109074 1447.0038285351966
2835.4625451127063 1446.225280968647
2834.0 1444.0
2835.9798076089105 1444.650219442785
2836.2889390665346 1443.8523387877472
2836.6192693072076 1443.0466470741549
2836.961447313455 1442.2324609541452
2837.3061220678023 1441.409097079856
2838.0 1440.0
2837.9655577508997 1439.7321026769882
2838.2616166446996 1438.8771054526844
2838.5227682167033 1438.0101970826508
2838.7396614494337 1437.130694219025
2838.902945325418 1436.2379135139433
2840.0 1436.0
2839.035271793169 1434.410519960833
2839.009557485502 1433.4789490542823
2838.94072002222 1432.540184189235
2838.8433535213635 1431.5979506550316
2838.7320521009747 1430.6559737410146
2838.0 1430.0
2838.526020973759 1428.7876909309032
2838.4604795030136 1427.8688356134926
2838.4393795848964 1426.9651380736336
2838.477315337449 1426.0803236006682
2838.5888808787117 1425.2181174839377
2838.0 1424.0
2839.087154385698 1423.5764314765472
2839.4783101045136 1422.8044021645703
2839.951991118226 1422.0698823661946
2840.498051061887 1421.3765973707616
2841.106343570548 1420.7282724676122
2844.0 1422.0
2842.469040823083 1419.5814040955313
2843.2031528370617 1419.090311205283
2843.9589119562525 1418.6590795646848
2844.7261718157056 1418.2914344630776
2845.4947860504744 1417.9911011898043
2844.0 1416.0
2846.9974802907136 1417.606273067751
2847.72319619356 1417.5232394904328
2848.4335382664735 1417.510440284369
2849.1302887717757 1417.5656114316782
2849.81522997179 1417.6864889144806
2850.0 1418.0
2851.1568135052466 1418.1163068150388
2851.8170203633344 1418.4207191970331
2852.472546965426 1418.7817818429967
2853.125175573843 1419.1972307350488
2853.7766884509106 1419.664801855308
2856.0 1420.0
2855.083496060283 1420.7472547089255
2855.7423553172343 1421.3576084065216
2856.4072278921267 1422.011028260802
2857.0798960472825 1422.705250253885
2857.7621420450246 1423.4380103678905
2860.0 1424.0
2859.162108929671 1425.00787139526
2859.88106821389 1425.8271393215548
2860.6120821353265 1426.6492793946334
2861.354606828973 1427.4587226453077
2862.1080984298205 1428.2399001043896
2862.0 1430.0
2863.645806893095 1429.6551817710229
2864.428936025505 1430.2581480401977
2865.220856605088 1430.7705726410265
2866.021024766836 1431.176886604322
2866.8288966457417 1431.461520960895
2866.0 1432.0
2868.4655760949963 1431.6101882786693
2869.29329593533 1431.4833631107767
2870.1265440327916 1431.2531420779746
2870.964776522373 1430.944236020358
2871.8074495390683 1430.5813557780205
2872.0 1428.0
2873.5039416937675 1429.7925160995628
2874.3566731017563 1429.415978343632
2875.2116695768286 1429.0843097633592
2876.0683872539767 1428.822221198839
2876.9262822681935 1428.6544234901655
2878.0 1430.0
2878.6435190787315 1428.6936459995563
2879.5023145306286 1428.908699890721
2880.3611946307396 1429.2341119839339
2881.2201568996456 1429.6532051121997
2882.079198857927 1430.1493021085255
2884.0 1432.0
2883.7975119249427 1431.3057990373766
2884.656778074837 1431.9328446359143
2885.5161139964307 1432.570185434534
2886.375517210303 1433.2011442662422
2887.2349852370353 1433.809043964044
2890.0 1432.0
2888.954105811404 1434.888957289952
2889.8137534002003 1435.3276165840698
2890.67345588418 1435.6765080763048
2891.533210783923 1435.9189545996624
2892.3930156200095 1436.038278987148
2892.0 1436.0
2894.11227907265 1435.8480841648038
2894.968816065035 1435.5485994906367
2895.819559745423 1435.1460617519235
2896.6615909690677 1434.6671826513223
2897.491990591218 1434.1386738914907
2898.0 1436.0
2899.106218452035 1433.0396142047653
2899.884208401202 1432.5224866831857
2900.6388901698742 1432.0625763130047
2901.3673446133025 1431.6865947968795
2902.0666525867364 1431.4212538374675
2902.0 1430.0
2903.366152544622 1431.3203906185656
2903.9605062395726 1431.4845930793035
2904.5140368855305 1431.7588855372112
2905.023825337743 1432.1162810098592
2905.486952451462 1432.5297925148188
2906.0 1432.0
2906.2615460844186 1433.4172156919562
2906.567174314155 1433.8371533992756
2906.814464626398 1434.2052592091907
2907.0004978763973 1434.4945461392706
2907.122354919403 1434.6780272070878
2906.0 1436.0
2907.1628114902774 1434.6271927216837
2907.0812588377216 1434.384316576411
2906.9352256173233 1434.0185133847724
2906.7274787934048 1433.5482095371444
2906.460785330293 1432.9918314239053
2908.0 1432.0
2905.761626343787 1431.6945579621045
2905.3346947490445 1430.9905153942977
2904.8598843724076 1430.27410412239
2904.3399621782014 1429.563750536759
2903.7776951307515 1428.8778810277825
2904.0 1428.0
2902.5371943334194 1427.6498104220138
2901.864494512188 1427.1235258302443
2901.160517695012 1426.6535583251741
2900.428030846217 1426.2373980214481
2899.669800930128 1425.8725350337106
2898.0 1426.0
2898.0871797533696 1425.2866614647821
2897.2683224213492 1425.060631112881
2896.434789879334 1424.8758585355483
2895.5893490916505 1424.729833847429
2894.7347670226236 1424.6200471631678
2894.0 1424.0
2893.012203250185 1424.4930324162453
2892.1674935895153 1424.4340894915495
2891.3601867329844 1424.3279548466423
2890.61078775901 1424.135423504844
2889.939801746007 1423.8172904894752
2888.0 1424.0
2888.9150889165835 1422.665478990557
2888.6023722569967 1421.8618673091346
2888.4500888720477 1420.992787558397
2888.4787438401527 1420.127511517151
2888.70884223973 1419.3353109642046
2890.0 1418.0
2889.83399610526 1418.2306607053738
2890.6417004778273 1417.9573781587194
2891.4761460950926 1417.8355054188237
2892.2294767852527 1417.8349378661092
2892.793836376505 1417.9255708809987
2894.0 1418.0
2892.955962180082 1418.2600201352784
2892.5284836788637 1418.4436271355144
2891.861544651645 1418.5980162250444
2891.037756556688 1418.6930827842907
2890.139730852246 1418.6987221936758
2888.0 1420.0
2888.437423369783 1418.3287295935856
2887.7144300392783 1417.9374593991465
2887.079775994327 1417.4254856849188
2886.5321382241887 1416.8072748855159
2886.0701937181243 1416.0972934355525
2886.0 1414.0
2885.3980924552534 1414.4598843223966
2885.185289676968 1413.5613895284323
2885.0528881197934 1412.6289898223606
2884.9995647729934 1411.677151638797
2885.023996625826 1410.7203414123546
2886.0 1410.0
2885.3008338874274 1408.8496705692874
2885.5505932747174 1407.9647428218898
2885.8728158186786 1407.1327087700688
2886.266178508573 1406.3680348484368
2886.7293583336595 1405.6851874916083
2886.0 1404.0
2887.8593644007606 1404.6193485603787
2888.5204669471673 1404.244351952579
2889.2399392375546 1403.9671718427862
2890.0133805870537 1403.7813367629892
2890.8363903107966 1403.6803752451756
2892.0 1406.0
2892.613512141553 1403.707187023452
2893.558822878833 1403.8220173835186
2894.536099250891 1403.9958354335215
2895.5409405728606 1404.222169705449
2896.568946159876 1404.4945487312893
2898.0 1404.0
2898.676847389575 1405.1508300493238
2899.7479416625265 1405.5174386654578
2900.8245974610554 1405.8955046833878
2901.9024141002974 1406.2742058950662
2902.9769908953845 1406.6427200924452
2904.0 1406.0
2905.098822213626 1407.3058986121205
2906.1372753670485 1407.578918518322
2907.154885936849 1407.798462578037
2908.1472532381613 1407.9537085832178
2909.1099765861195 1408.0338343258186
2910.0 1408.0
2910.9301453788457 1407.9288269416536
2911.786329631938 1407.7423939021808
2912.6103475483214 1407.4782407747118
2913.405338621184 1407.1458898545864
2914.1744423437167 1406.754863437143
2916.0 1408.0
2915.6475457105494 1405.8348732916616
2916.357824341229 1405.3249541543018
2917.0547735943346 1404.794448700982
2917.741532963059 1404.2528792270414
2918.421241940588 1403.709768027819
2918.0 1402.0
2919.7720666948267 1402.6571300916544
2920.4494614579125 1402.1673706859935
2921.132363802564 1401.7156042176139
2921.8239132219696 1401.3120757224576
2922.5272492093172 1400.9670302364675
2922.0 1400.0
2923.981214127258 1400.4894062401106
2924.734373644159 1400.3535446277776
2925.504380901624 1400.2695998206773
2926.2906269927707 1400.2240436809009
2927.09250301072 1400.2033480705393
2928.0 1402.0
2928.7407091995065 1400.1824258864274
2929.5858215565854 1400.155143036859
2930.444128212946 1400.0986081650713
2931.3150202617103 1399.9992931331549
2932.197888795998 1399.8436698032012
2934.0 1398.0
2933.997119693623 1399.3139580012687
2934.9122642432008 1398.9402470757936
2935.8369496507826 1398.5109829452915
2936.770567009488 1398.0400712941748
2937.712507412437 1397.5414178068575
2940.0 1398.0
2939.618921723546 1396.5165080612735
2940.582177817947 1396.0180631718338
2941.5513213290737 1395.5474991838475
2942.5257433500424 1395.1187217817273
2943.504834973976 1394.7456366498866
2944.0 1394.0
2945.4745914032173 1394.218701967967
2946.4640383947644 1394.07187998633
2947.4557193617566 1393.9948054118563
2948.4490253973136 1393.9806001285729
2949.443347594555 1394.0223860205097
2950.0 1394.0
2951.432604846573 1394.2464188661531
2952.42632208759 1394.414909587917
2953.418619862772 1394.611879021012
2954.40888926524 1394.8304490494677
2955.396521388112 1395.0637415573121
2956.0 1396.0
2957.3614381675543 1395.5469815472788
2958.337505010363 1395.783172797457
2959.3084989460594 1396.006574063137
2960.2738110677606 1396.210307228346
2961.2328324685877 1396.3874941771128
2962.0 1396.0
2963.1297168361807 1396.6360358312184
2964.067258125669 1396.701547523336
2964.997865339732 1396.7288269725675
2965.9218257079697 1396.7189092816632
2966.839426459988 1396.6728295533728
2968.0 1396.0
2968.6566980337757 1396.4763243956365
2969.5569433147516 1396.3279691716903
2970.451977897922 1396.1475923213586
2971.3420890128878 1395.936228947392
2972.227563889253 1395.6949141525402
2974.0 1396.0
2973.9857538445967 1395.1265707111818
2974.8590433827812 1394.8016122701754
2975.728845600778 1394.4508428192848
2976.595447728193 1394.0752974612587
2977.459136994627 1393.6760112988486
2978.0 1394.0
2979.178925862968 1392.8103569718762
2980.035599924081 1392.3460590128134
2980.8905100426277 1391.8621606603667
2981.74394344821 1391.3596970172857
2982.5961873704337 1390.8397031863212
2982.0 1390.0
2984.2982031895413 1389.7518684007237
2985.148234583607 1389.1897158254835
2985.997595488674 1388.621409821147
2986.846258172318 1388.051603664356
2987.694194902118 1387.4849506317555
2988.0 1386.0
2989.3877795704916 1386.3797170456962
2990.23337204422 1385.8504430455246
2991.078127634411 1385.3429352761157
2991.922018608644 1384.8618470141134
2992.7650172344956 1384.4118315361611
2994.0 1384.0
2994.4482265113593 1383.6236320389776
2995.2883816975273 1383.2947545730337
2996.1275336056224 1383.0155629977135
2996.9656545032194 1382.7907105896586
2997.8027166578986 1382.6248506255135
3000.0 1384.0
2999.473553808808 1382.4887211355265
3000.3072733401923 1382.5277581629707
3001.139823198967 1382.6444007408977
3001.9711756527067 1382.843302145951
3002.801302968991 1383.1291156547743
3006.0 1382.0
3004.4577954288447 1383.9771322494842
3005.2842501236396 1384.5308828437496
3006.1096587834268 1385.154640558541
3006.9341386918554 1385.835299625593
3007.7578071325747 1386.5597542766402
3008.0 1388.0
3009.4031787454705 1388.087627257662
3010.225116484944 1388.8648340511056
3011.046711891298 1389.6334133554842
3011.8680822481792 1390.3802594025326
3012.689344839237 1391.0922664239858
3012.0 1392.0
3014.3320158584725 1392.3630179277268
3015.1536588539457 1392.9176165375743
3015.975663218186 1393.4290843769454
3016.7981462348416 1393.9063813416637
3017.6212251875595 1394.3584673275543
3018.0 1394.0
3019.269640035777 1395.2228459461505
3020.095210498571 1395.6530583705046
3020.9218460320194 1396.093899399329
3021.7496639197693 1396.554328928448
3022.5787814454693 1397.0433068536859
3022.0 1398.0
3024.24138454531 1398.1397374467235
3025.075104686747 1398.7470497316142
3025.9105936007236 1399.3826296468053
3026.7479685708904 1400.0373769135626
3027.5873468808927 1400.7021912531532
3028.0 1402.0
3029.272582654999 1402.0256200358979
3030.118674686399 1402.6660339215846
3030.9672391922263 1403.280113765169
3031.818393456129 1403.8587592879173
3032.672254761755 1404.392870211096
3034.0 1404.0
3034.3885676327704 1405.2910871438091
3035.251253765454 1405.6369925958754
3036.1171160744525 1405.9019623334377
3036.9862718434133 1406.076896077761
3037.8588383559845 1406.152693550112
3040.0 1406.0
3039.6144133462117 1405.9736929562305
3040.4960999891455 1405.7199806861388
3041.378553706243 1405.3693037363587
3042.2603353791314 1404.931848181765
3043.140005889441 1404.4178000972327
3044.0 1404.0
3044.887256948838 1403.2006706378565
3045.7519592611825 1402.517961412763
3046.608793937464 1401.799403957233
3047.456321859309 1401.0551843461421
3048.293103908346 1400.295488654366
3050.0 1400.0
3049.9286739145173 1398.770413328259
3050.724583634907 1398.0254058436794
3051.5039910090063 1397.305666577916
3052.265456918441 1396.6213816058448
3053.007542244842 1395.9827370023406
3054.0 1396.0
3054.427814675055 1394.8831132005355
3055.103123542125 1394.442506151986
3055.7532953526757 1394.0882837715048
3056.3768909883347 1393.8306321339687
3056.9724713307323 1393.6797373142529
3058.0 1392.0
3058.0746476306676 1393.7356729601274
3058.5832731619325 1393.943138769542
3059.0679425473922 1394.258632084424
3059.5321244791417 1394.6726021737215
3059.9792876492834 1395.1754983063831
3060.0 1396.0
3060.836432473133 1396.4098657775905
3061.253351511039 1397.1222356540327
3061.667126555731 1397.8853286496317
3062.0812262993086 1398.689594033336
3062.4991194338695 1399.5254810740935
3060.0 1402.0
3063.360160644338 1401.253917202561
3063.810246104442 1402.1273648281676
3064.277999723926 1402.9942311866207
3064.7668901948878 1403.844965546868
3065.2803862094256 1404.670017177858
3066.0 1404.0
3066.3942969787545 1406.2064583449544
3066.997013164496 1406.908280521528
3067.628937755722 1407.5652852497774
3068.288903491284 1408.1774559012217
3068.975743110038 1408.7447758473802
3070.0 1410.0
3070.4253749525365 1409.7447971099134
3071.1858326539905 1410.1774651693254
3071.9684951940512 1410.5652160095258
3072.772195311575 1410.9080330020327
3073.595765745416 1411.2058995183652
3076.0 1410.0
3075.2978485174654 1411.6672862945552
3076.1740263333822 1411.8342034132838
3077.0654054210327 1411.962963773582
3077.970818519272 1412.0569808628024
3078.8890983669535 1412.1196681682982
3080.0 1414.0
3080.7595892660593 1412.164707377529
3081.709465795193 1412.1538862559705
3082.667540029186 1412.1253893001
3083.6326447068927 1412.0826299972705
3084.603612567167 1412.0290218348355
3086.0 1412.0
3086.558468790837 1411.9044055129498
3087.5400226319407 1411.849180122536
3088.522770611029 1411.8146714105906
3089.5055454669564 1411.8132486587967
3090.4871799385774 1411.8572811488389
3092.0 1410.0
3092.442358684316 1412.131188981165
3093.413568436142 1412.3858028868167
3094.3789687590793 1412.7353491610395
3095.337392391981 1413.1921970855167
3096.2876720737013 1413.7687159419322
3096.0 1416.0
3098.1591305390157 1415.3202799571125
3099.077974800318 1416.2602819580427
3099.984006065856 1417.2498685752419
3100.8760570744844 1418.2416273691906
3101.752960565057 1419.1881459003712
3102.0 1420.0
3103.4555319067886 1420.7648658023722
3104.2721209916685 1421.3545626102857
3105.055405025936 1421.8180100296145
3105.7974725044573 1422.1621159369686
3106.490411922102 1422.3937882089583
3106.0 1422.0
3107.6972605542232 1422.5474633532897
3108.195346758436 1422.483281978852
3108.61265888124 1422.3342984754922
3108.9412854175007 1422.1074207198214
3109.173314862087 1421.80955658845
3112.0 1422.0
3109.325423629442 1421.028500705048
3109.286602984361 1420.559124706238
3109.2333853119094 1420.0463938381695
3109.214782149371 1419.4972159774532
3109.2798050340316 1418.9184990006988
3108.0 1418.0
3109.84525938019 1417.700079205521
3110.374619632863 1417.074192140318
3111.0454635150872 1416.4463974655198
3111.837708280752 1415.8236030577364
3112.731271183749 1415.2127167935791
3114.0 1414.0
3114.741474574515 1414.0527011192116
3115.8146745133326 1413.50779296199
3116.9023114915753 1412.9832354543717
3117.9810277064 1412.4763419727344
3119.0274653549627 1411.984425893457
3120.0 1412.0
3120.9300737419235 1411.034779447492
3121.7395288746334 1410.5716758335614
3122.4232742297036 1410.112803127503
3122.9579520042907 1409.6554747056946
3123.320204395549 1409.1970039445148
3124.0 1410.0
3123.441300850312 1408.2658889095521
3123.1972235097637 1407.7878713885261
3122.774877977782 1407.2979650336413
3122.194700653158 1406.7934832212752
3121.477127934684 1406.2717393278062
3120.0 1404.0
3119.7115419113525 1405.1657188030736
3118.7044014040785 1404.5760689245653
3117.6416110981204 1403.9584104704675
3116.543607392269 1403.3100568171576
3115.430826685318 1402.6283213410138
3114.0 1402.0
3113.241648346446 1401.1552945961357
3112.1999344111 1400.3666471025483
3111.212810867804 1399.5499053364206
3110.29452501434 1398.7103996965204
3109.459324148492 1397.8534605816167
3110.0 1398.0
3108.0951665707803 1396.1086035218716
3107.5947044544832 1395.2313463745675
3107.2343165169355 1394.3579773473334
3107.0282500559206 1393.493826838938
3106.9907523692236 1392.6442252481497
3106.0 1392.0
3107.4726592410784 1391.0099904144681
3107.9857987821897 1390.2360179691118
3108.6549770627366 1389.4979160364362
3109.4596817674924 1388.8010150152104
3110.379400581234 1388.1506453042018
3112.0 1386.0
3112.481831274776 1387.0108214079123
3113.623518524128 1386.532028020168
3114.798170621567 1386.1210875377153
3115.9852752518696 1385.783330359323
3117.1643200998096 1385.5240868837584
3118.0 1386.0
3119.420380020939 1385.2601785897239
3120.4815634630727 1385.2524702899998
3121.5030238607337 1385.3171887305953
3122.48944189809 1385.445960031488
3123.445498259311 1385.6304103126552
3124.0 1386.0
3125.285248690021 1386.1328522957212
3126.1783041278477 1386.4340962375747
3127.0597206262137 1386.757523639612
3127.934178869288 1387.0947606218094
3128.8063595412405 1387.4374333041449
3130.0 1388.0
3130.562610908451 1388.1055902491378
3131.456042972046 1388.4143267517497
3132.365920201194 1388.6950034344086
3133.296923280063 1388.9392464170917
3134.2537328928215 1389.138681819776
3136.0 1390.0
3136.262049217378 1389.372316574959
3137.314245861677 1389.4058614268245
3138.3936289048715 1389.3932896974231
3139.496207595295 1389.3423207661458
3140.617991181279 1389.2606740123806
3142.0 1388.0
3142.9032100332697 1389.0362245549434
3144.0586637959427 1388.9088606100502
3145.2173594475116 1388.7816963602256
3146.3753062363107 1388.6624511848593
3147.5285134106753 1388.5588444633397
3148.0 1388.0
3149.8047459094296 1388.4294238993991
3150.919789730488 1388.4190488157562
3152.0141309304436 1388.4551897035171
3153.083778757634 1388.545565942071
3154.124742460389 1388.6978969108068
3154.0 1390.0
3156.1046544859314 1389.2193005563809
3157.0356213053874 1389.6038119919979
3157.921940993743 1390.0811556753533
3158.7596227993326 1390.6590509858365
3159.544675970492 1391.345217302837
3160.0 1392.0
3160.9424465657653 1393.0663744094581
3161.556261464055 1394.0756075709392
3162.119642676262 1395.1415964826572
3162.6376784282284 1396.2308641370828
3163.115456945793 1397.3099335266866
3164.0 1398.0
3163.970595181085 1399.3035694813134
3164.358131350494 1400.1511820312776
3164.725763188866 1400.8546882863036
3165.078578922043 1401.3806112388618
3165.421666775865 1401.6954738814234
3168.0 1402.0
3166.099011748809 1401.5709109487843
3166.443445319612 1401.141335812591
3166.798503914426 1400.5204012444158
3167.1692757590886 1399.7514346907958
3167.5608490794434 1398.8777635982674
3168.0 1398.0
3168.425779359726 1396.9839192129357
3168.9034706261473 1396.0162105950214
3169.41063198125 1395.0487267879778
3169.9465095056853 1394.0906050201565
3170.510349280107 1393.1509825199107
3170.0 1392.0
3171.7188999015257 1391.3637842355552
3172.3621029098294 1390.53448290815
3173.0302524907324 1389.7602297617302
3173.722594724889 1389.0501620246482
3174.438375692953 1388.4134169252566
3174.0 1388.0
3175.937238153415 1387.3941815717099
3176.718811807121 1387.016393886792
3177.5208085173467 1386.7213339780399
3178.342474364747 1386.5045671863377
3179.183055429975 1386.3616588525701
3180.0 1386.0
3180.9179475365254 1386.2796789223796
3181.810750739156 1386.3317380077267
3182.719453482227 1386.4399169145488
3183.643301846392 1386.5997809837302
3184.581541912306 1386.8068955561557
3186.0 1388.0
3186.4981814719895 1387.3449013013917
3187.4750731270665 1387.665505518641
3188.463340806504 1388.0127863280125
3189.462230590957 1388.3808914330602
3190.4709885610773 1388.763968537338
3192.0 1388.0
3192.5150933809364 1389.5516295577997
3193.5489323919824 1389.944508881092
3194.589623911309 1390.3289510178292
3195.636414019572 1390.6991036715674
3196.688548797421 1391.0491145458589
3198.0 1392.0
3198.805836684501 1391.6653017703188
3199.8694819550365 1391.9197735275952
3200.935456217775 1392.1306943196419
3202.0030055533675 1392.2922118500119
3203.0713760424687 1392.3984738222591
3204.0 1392.0
3205.206429107289 1392.4231097537422
3206.264789665172 1392.3375062029254
3207.3073273408945 1392.188692073881
3208.3264740359673 1391.9785421530014
3209.314661651903 1391.7089312266814
3210.0 1392.0
3211.167887252411 1390.9988255032915
3212.017789040007 1390.5620802790086
3212.806459354513 1390.0733731948578
3213.526330097441 1389.534579037233
3214.1698331703024 1388.9475725925276
3214.0 1388.0
3215.201249747839 1387.6479660476932
3215.5967420713177 1387.0083798818187
3215.931024362339 1386.466609297375
3216.219243538196 1386.0937934422222
3216.476546516181 1385.961071464224
3218.0 1386.0
3216.958991547703 1386.6733399235038
3217.214427435827 1387.4978538107075
3217.499534795248 1388.5215084749173
3217.8294605432593 1389.652688218196
3218.219351597154 1390.7997773426075
3218.0 1392.0
3219.235777182846 1392.7859898171403
3219.86956489572 1393.5064950157143
3220.5778242766337 1394.0056732923283
3221.3526615893707 1394.2565221933714
3222.1861830977164 1394.2320392652337
3224.0 1394.0
3223.997703756376 1393.2678879043094
3224.959915434259 1392.3871333483228
3225.9492363628947 1391.3488747167548
3226.9577728060626 1390.239028340015
3227.977631027552 1389.1435105485132
3228.0 1388.0
3230.0197378606304 1387.3228904481552
3231.0261989997907 1386.6722072318535
3232.0124069724125 1386.1846907858987
3232.970468042279 1385.8488438724357
3233.8924884731773 1385.6531692536087
3234.0 1386.0
3235.5968324732094 1385.636347948439
3236.3633685699124 1385.7922067863847
3237.062289082788 1386.0422489675436
3237.6857002756196 1386.3749772540598
3238.2257084121957 1386.7788944080771
3240.0 1386.0
3239.028646418482 1387.7537150782873
3239.3040238963795 1388.2980763853295
3239.5208935343903 1388.8605421415737
3239.6995966769136 1389.4260673757249
3239.8604746683495 1389.979607116489
3240.0 1392.0
3240.2101205755644 1390.990550232679
3240.439571180142 1391.4178636655163
3240.7325620112338 1391.77301171979
3241.10943441324 1392.0409494242044
3241.5905297305603 1392.206631807467
3242.0 1392.0
3242.939944261674 1392.1787383219068
3243.808084801843 1392.001198089794
3244.78009091008 1391.7534738099478
3245.8354425683588 1391.466646090373
3246.9536197586563 1391.1717955390727
3248.0 1390.0
3249.2963706632127 1390.6823483733124
3250.4799043414237 1390.5499129748607
3251.644183479558 1390.5337771767
3252.768688059591 1390.6650215868342
3253.8328980634997 1390.974726813267
3254.0 1392.0
3255.700618714988 1392.2294685515865
3256.4766759913678 1393.090424706726
3257.137531949222 1393.9616809646711
3257.676253235375 1394.7280763606711
3258.085906496649 1395.2744499299752
3260.0 1396.0
3258.490275531855 1395.2834092350251
3258.471124599436 1394.7372020744613
3258.295172229432 1393.9533872945817
3257.955485068667 1393.0383329638269
3257.4451297639644 1392.0984071506375
3256.0 1390.0
3255.8949057060104 1390.54560423089
3254.9025166221986 1390.0026085422342
3253.8344187333337 1389.5745042069505
3252.7450250620345 1389.2248045745016
3251.6887486309174 1388.91702299435
3250.0 1390.0
3249.8805909610196 1388.2875850760472
3249.161884055347 1387.9308615603825
3248.5426430560783 1387.5459217419852
3248.0016292737023 1387.1341850938793
3247.5176040187107 1386.6970710890866
3248.0 1386.0
3246.635564332847 1385.7523889015338
3246.195072522957 1385.2476596648196
3245.7266144824166 1384.723230963511
3245.2089515217167 1384.18052227063
3244.620844951349 1383.6209530592
3244.0 1382.0
3243.1554615258924 1382.4569109727852
3242.278399105693 1381.8552770438462
3241.3313219456054 1381.2424604884493
3240.3356831700257 1380.6198807796181
3239.3129359033537 1379.9889573903754
3238.0 1380.0
3237.2719283943243 1378.7077574627465
3236.2965744007647 1378.0603198704061
3235.3799244137044 1377.4102164897458
3234.543431557542 1376.7588667937882
3233.8085489566774 1376.1076902555565
3232.0 1376.0
3232.7215746206834 1374.8113442606957
3232.3652747478613 1374.1678720481168
3232.102168854951 1373.5279674813637
3231.9065956798618 1372.8919083314638
3231.752893960501 1372.2599723694443
3234.0 1370.0
3231.468459840605 1371.009581093154
3231.2864049158875 1370.3916813209385
3231.0435763985365 1369.7790158207117
3230.7143130264603 1369.171862363501
3230.2729535375684 1368.5704987203335
3228.0 1370.0
3228.960263036566 1367.3862519602378
3228.09138075384 1366.8039243853639
3227.1152998130665 1366.2284977086422
3226.060130205718 1365.6602497010992
3224.953981923271 1365.0994581337632
3224.0 1364.0
3222.697321064033 1364.0004356045827
3221.5798190605356 1363.4572413893723
3220.477359528521 1362.911577107636
3219.3948430498067 1362.3582017349813
3218.3371702062095 1361.7918742470151
3218.0 1360.0
3216.315957751632 1360.599398827576
3215.3622193042875 1359.962768847316
3214.452926819326 1359.2922226541723
3213.592980878565 1358.5825192237512
3212.787282063822 1357.8284175316594
3212.0 1358.0
3211.3582281396557 1356.169418610285
3210.744674193867 1355.2742194045654
3210.2049697013617 1354.3540179843035
3209.744015243957 1353.4237533974551
3209.3667114034724 1352.4983646919775
3208.0 1352.0
3208.8826579005236 1350.7219711169635
3208.785709401692 1349.9008443433404
3208.7920138470477 1349.1443496429158
3208.906471818404 1348.4674260636464
3209.133983897579 1347.8850126534894
3210.0 1346.0
3209.943159706823 1347.0573632882006
3210.5069466015393 1346.8053499641464
3211.1480339333725 1346.6342920713591
3211.8436442851553 1346.52247319296
3212.5710002397186 1346.448176912069
3214.0 1348.0
3214.0298392885175 1346.3252864752933
3214.715767548418 1346.23325948565
3215.3423317424285 1346.0918894259976
3215.8867544533805 1345.8794598794557
3216.3262582641087 1345.5742544291456
3216.0 1344.0
3216.8142288112235 1344.6088507963864
3216.906116483325 1343.9664236602825
3216.979927126627 1343.2667627131011
3217.1018590940125 1342.5493554180669
3217.3381107383607 1341.8536892384043
3218.0 1342.0
3218.4010273443355 1340.6770765647866
3219.2560542608976 1340.2243839174312
3220.282124764292 1339.8499400786473
3221.4414024565735 1339.5425114318098
3222.6960509397954 1339.290864360294
3224.0 1338.0
3225.340114687275 1338.909980476728
3226.65385715564 1338.758276431427
3227.9116248231585 1338.6174194949474
3229.0755812918865 1338.4761760506644
3230.107890163876 1338.3233124819535
3230.0 1340.0
3231.6355343507335 1337.9390466520877
3232.111085818973 1337.6927140417356
3232.415421997221 1337.4049006085615
3232.566595436796 1337.0719096199923
3232.5826586890153 1336.6900443434558
3234.0 1334.0
3232.2816648366684 1335.7649039961934
3232.00071283474 1335.214235460323
3231.656860850735 1334.5999057061972
3231.268161435969 1333.9182180012435
3230.8526671417644 1333.1654756128898
3230.0 1334.0
3230.010143073845 1331.444167846831
3229.599052123952 1330.5409769507958
3229.1930439422663 1329.6974803347018
3228.7900048012916 1328.9827492127915
3228.3878209735303 1328.4658547993076
3228.0 1328.0
3227.5775643476672 1328.2795686567051
3227.165264094572 1328.6145655687553
3226.745364244709 1329.156176471571
3226.3157510705773 1329.8397187920784
3225.8743108446847 1330.6005099572044
3224.0 1330.0
3224.9474943276286 1332.1059853021993
3224.4578905814724 1332.7865649750074
3223.94800487357 1333.416184478312
3223.415723476425 1333.9954218781245
3222.8589326625406 1334.5248552404582
3224.0 1336.0
3221.6633678745725 1335.4366221167368
3221.020366445495 1335.8201117627061
3220.3444006896952 1336.1561096352452
3219.6333568796754 1336.4451938003658
3218.885121287941 1336.6879423240807
3218.0 1338.0
3217.269446052959 1337.0368171728335
3216.402736176427 1337.1445343988464
3215.5002940516133 1337.2090977854039
3214.564963172726 1337.2315201674687
3213.59958703398 1337.2128143800037
3212.0 1336.0
3211.5900729537566 1337.0560696363357
3210.551622000703 1336.920056350059
3209.494499764638 1336.7469662341034
3208.421549739773 1336.5378121234337
3207.3356154203193 1336.2936068530107
3206.0 1336.0
3205.136167874497 1335.7040941727607
3204.028341636553 1335.360812432859
3202.918905080868 1334.9865308730562
3201.8107017016546 1334.5822623283168
3200.706574993126 1334.1490196336015
3200.0 1334.0
3198.521925564968 1333.1996631340996
3197.447089833763 1332.6855749992378
3196.387704750089 1332.1465640542533
3195.346613808159 1331.5836431341083
3194.3266605021845 1330.9978250737665
3194.0 1330.0
3192.368943083845 1329.7615488723425
3191.4812798132584 1329.1131164011867
3190.7149558621873 1328.4458381296847
3190.117228578201 1327.7607268928002
3189.7353553088656 1327.0587955254964
3188.0 1326.0
3189.785475633161 1325.6085237394805
3190.1756364943603 1324.8622089906949
3190.697985905348 1324.1031254513412
3191.2634337861236 1323.3322859563823
3191.7828900566883 1322.5507033407812
3194.0 1322.0
3192.3501023015215 1320.959360087504
3192.355487241803 1320.1516251197536
3192.2301385039004 1319.3371983712127
3192.020775133826 1318.5170926768446
3191.7741161775934 1317.6923208716119
3190.0 1318.0
3191.3458221184387 1316.0399673166135
3191.1978316739383 1315.2572335260343
3191.079834960121 1314.5595295429637
3190.9787575893956 1313.990690491624
3190.8815251741707 1313.5945514962395
3192.0 1312.0
3190.646297659851 1313.4754053491577
3190.482153785572 1313.7182155194803
3190.2695573164247 1314.0653603897972
3189.9954338648163 1314.438822157905
3189.646709043155 1314.7605830215994
3188.0 1316.0
3188.6784371701615 1314.9537656593068
3188.0644179287733 1314.7701608231425
3187.3868529372207 1314.4248018622116
3186.6643443930407 1313.9406799685398
3185.915494493768 1313.340786334154
3186.0 1312.0
3184.4131794200957 1311.885648611348
3183.6969186407678 1311.0763869069808
3183.0287252964945 1310.243318230007
3182.42720158481 1309.4094337724514
3181.9109497032537 1308.5977247263418
3182.0 1308.0
3181.205188511301 1307.1285439469614
3181.0319933397823 1306.4915324601066
3180.9766982761435 1305.9176168775296
3181.0370152617265 1305.40426625362
3181.2106562378704 1304.9489496427684
3180.0 1304.0
3181.888757927206 1304.202294677794
3182.3886425230776 1303.905894432451
3182.9926988748734 1303.6574044177228
3183.6986389239332 1303.4542936879993
3184.5041746115976 1303.2940312976705
3186.0 1304.0
3186.3995589022793 1303.0919277527532
3187.4529007930532 1303.0450247069439
3188.5328248979417 1303.030846218087
3189.6051125633585 1303.0468613405717
3190.6355451357194 1303.090539128788
3192.0 1304.0
3192.4409935924878 1303.2520812458654
3193.1897114030776 1303.3728176388613
3193.8439779729715 1303.526960825859
3194.4117138819392 1303.7199138166036
3194.9008397097437 1303.9570796208411
3196.0 1302.0
3195.674943440934 1304.5856617087773
3195.9757625038537 1304.9878840119673
3196.2296538046776 1305.4559311676321
3196.4445379231715 1305.995206185518
3196.6283354391035 1306.6111120753708
3196.0 1308.0
3196.9343529823445 1308.091279949667
3197.072414169187 1308.9474565918563
3197.211071072533 1309.864093421503
3197.3582442721477 1310.8277020866067
3197.5218543477986 1311.8247942351672
3196.0 1314.0
3197.9300674462756 1313.8654755746588
3198.190511628634 1314.882088061589
3198.499075006095 1315.8782306239757
3198.8636781584228 1316.8404149098183
3199.2922416653873 1317.755152567116
3202.0 1318.0
3200.3706128078784 1319.390931494563
3201.022346076498 1320.1005774996195
3201.741890965936 1320.7399863459475
3202.523252529518 1321.3112511204538
3203.360435820569 1321.8164649100474
3204.0 1322.0
3205.17828779838 1322.6371118821255
3206.1469665917907 1322.956731238426
3207.1474873259717 1323.2186719574447
3208.1738550542495 1323.4250271260898
3209.220074829948 1323.5778898312685
3210.0 1324.0
3211.34809073691 1323.731510198859
3212.417896974824 1323.7364540350866
3213.48357547346 1323.6962777554795
3214.5391312861448 1323.6130744469456
3215.578569466203 1323.4889371963927
3216.0 1322.0
3217.580482588308 1323.1271363260826
3218.5031843164143 1322.8990775354648
3219.330221984011 1322.649294461108
3220.0278173238326 1322.3852988452431
3220.5621920686112 1322.114602430103
3222.0 1324.0
3221.0246503287904 1321.5831541709247
3220.9960790585283 1321.3374258113504
3220.8909776219016 1321.115043621428
3220.7864695005146 1320.9235193433897
3220.7596781759717 1320.7703647194676
3220.0 1320.0
3221.230403434211 1320.6061980831178
3221.778148522436 1320.592129636456
3222.504067418388 1320.6103179754443
3223.3812651459043 1320.6501949236167
3224.3828467288217 1320.7011923045077
3226.0 1320.0
3226.651581556205 1320.7942756585874
3227.864944848345 1320.815225278845
3229.095112091232 1320.805022625961
3230.315188308702 1320.7530995234695
3231.498278524594 1320.648887794906
3232.0 1320.0
3233.6497772643907 1320.2441518585863
3234.587533140407 1319.9394479272087
3235.4269977190647 1319.5740959225168
3236.1644133286377 1319.1544842973537
3236.7960222973998 1318.6870015045647
3238.0 1320.0
3237.7267896255885 1317.633976227483
3238.0184326415624 1317.0612106488784
3238.1892383298214 1316.466127714024
3238.2354490186394 1315.8551158757625
3238.15330703629 1315.2345635869392
3238.0 1314.0
3237.5967989997775 1313.9894634722623
3237.162105373711 1313.3721245717763
3236.6784039326694 1312.7596630714636
3236.189124776476 1312.152899443847
3235.737698004954 1311.552654161451
3234.0 1310.0
3235.107842681363 1310.375000522414
3234.930598325832 1309.7992331108208
3234.7935747480506 1309.2332659345414
3234.6545260447338 1308.6779194661003
3234.4712063125994 1308.1340141780213
3236.0 1308.0
3233.8117513739007 1307.0853832743176
3233.305011711736 1306.591744051387
3232.69279210955 1306.1317187942057
3231.9867340150254 1305.7155734229443
3231.198478875843 1305.353573857773
3230.0 1306.0
3229.4219432542377 1304.8330758263824
3228.4569456671807 1304.6951092005036
3227.4563168261943 1304.652352061396
3226.4316981789625 1304.7150703292305
3225.394731173168 1304.8935299241762
3224.0 1304.0
3223.330317876618 1305.6255733848243
3222.326154481227 1306.1207087432965
3221.3562085180024 1306.614688414423
3220.4321214346246 1307.0387979708041
3219.565534678778 1307.3243229850405
3218.0 1308.0
3218.051427940404 1307.2239824369185
3217.4271908532414 1306.8160125763748
3216.9070198843383 1306.2252495773166
3216.502556481376 1305.4983035689577
3216.225442092038 1304.6817846805125
3216.0 1304.0
3216.096102569469 1302.9593608065277
3216.244818878648 1302.1040282372544
3216.5227670862687 1301.2602676204294
3216.919247187059 1300.4320412431045
3217.423559175745 1299.6233113923327
3220.0 1298.0
3218.712878795715 1298.0801904186594
3219.476486416452 1297.3537238698636
3220.305125903994 1296.662602995831
3221.1880972530676 1296.0107900836156
3222.1147004583986 1295.4022474202688
3222.0 1296.0
3224.0560024167453 1294.330821988395
3225.0493011592143 1293.8758637939725
3226.043431736849 1293.4800249966297
3227.0276941443776 1293.14726788342
3227.9913883765275 1292.8815547413956
3228.0 1292.0
3229.8101278631007 1292.5653054393333
3230.6189065240073 1292.5118693747138
3231.3145838225 1292.519677472119
3231.861593170335 1292.5818675399141
3232.2243679792664 1292.6915773864662
3234.0 1292.0
3232.2763520296144 1293.0261076493077
3232.022854507544 1293.2372036823303
3231.6997089195997 1293.468370727576
3231.3997750905405 1293.7127465934113
3231.2159128451244 1293.963469088203
3230.0 1296.0
3231.5442881498043 1294.4565051981217
3232.1009198227116 1294.6850944299815
3232.8624113248807 1294.8925815242642
3233.7802969543645 1295.0721042893356
3234.806111009214 1295.2168005335627
3236.0 1294.0
3236.9876615872154 1295.37426469295
3238.0464667064693 1295.3733082248434
3239.019337443294 1295.3100764693586
3239.85780809574 1295.1777072348616
3240.51341296186 1294.9693383297201
3242.0 1296.0
3241.0970519106554 1294.2994284615409
3241.017490889414 1293.837817438676
3240.739873874015 1293.300066625511
3240.305071462489 1292.6929681538518
3239.75395425287 1292.0233141555045
3238.0 1290.0
3238.466257831481 1290.5235081059686
3237.811419815776 1289.7069403183925
3237.2037493941098 1288.854985531352
3236.6841171645124 1287.9744358766532
3236.2933937250173 1287.0720834861013
3236.0 1286.0
3236.044953017201 1285.2291390246646
3236.1657613973625 1284.3021312173914
3236.372529864594 1283.3804892014891
3236.602913469345 1282.4710051087645
3236.794567262066 1281.580471071023
3238.0 1282.0
3236.8247961073694 1279.8875562392448
3236.6136242257635 1279.123567018007
3236.2642286637456 1278.4553109973501
3235.789207436675 1277.9143876182677
3235.2011585599107 1277.532396321752
3234.0 1276.0
3233.7363699187354 1277.3559640552814
3232.8848261850426 1277.5308598566294
3231.9706468630925 1277.8033612831498
3231.006429968241 1278.111205665153
3230.004773515848 1278.392130332949
3228.0 1280.0
3227.939533999876 1278.6363927851428
3226.9011469670136 1278.5485428580766
3225.8757124380445 1278.331397793874
3224.875828428329 1277.9960325507593
3223.9140929532246 1277.553522086959
3224.0 1276.0
3222.1554596682863 1276.3913653302013
3221.38375788917 1275.6938689536958
3220.7005967061004 1274.933527189406
3220.118574134435 1274.1214149955576
3219.650288189536 1273.2686073303755
3220.0 1272.0
3219.1005551952785 1271.4843654779054
3219.015725899525 1270.570041561015
3219.037868737747 1269.6492427135865
3219.1510034481876 1268.7280042477935
3219.339149769093 1267.8123614758078
3218.0 1268.0
3219.8765561952837 1266.0220042619478
3220.19385577706 1265.1593604444186
3220.5222459222855 1264.3264535693859
3220.845746369206 1263.529318949023
3221.148376856065 1262.7739918955017
3222.0 1262.0
3221.627106902591 1261.4129017376742
3221.7712459387476 1260.8192092577126
3221.830593967828 1260.2914655932827
3221.7891707280787 1259.8357060565565
3221.630995957744 1259.4579659597068
3222.0 1258.0
3220.905796804752 1258.9572480354932
3220.338768057264 1258.8257170394802
3219.6549790495305 1258.7550991460441
3218.8704056784754 1258.7308058743638
3218.0010238410237 1258.7382487436175
3216.0 1260.0
3216.0717383546234 1258.7899889816388
3215.043786499522 1258.805109388763
3213.9949297657186 1258.7936120135332
3212.9411440501362 1258.7409083751281
3211.8984052497003 1258.632409992726
3212.0 1258.0
3209.914451743464 1258.1938058962185
3209.0320674005325 1257.8593081619197
3208.2783906984864 1257.4602316432386
3207.6962761032705 1257.0067728008037
3207.3285780808305 1256.5091280952436
3206.0 1256.0
3207.3931965356883 1255.4220669372658
3207.823303450623 1254.853043406106
3208.4634078136073 1254.2806198543376
3209.2684455963354 1253.714992742589
3210.1933527704996 1253.1663585314902
3212.0 1252.0
3212.229196878119 1252.1603747461934
3213.2900719443082 1251.7205386478731
3214.3706926673926 1251.3327224019588
3215.4660612084112 1251.0042430236979
3216.5711797284025 1250.7424175283402
3218.0 1252.0
3218.7906753494594 1250.4479962473295
3219.895056772602 1250.4300344921749
3220.989196818874 1250.507994680919
3222.068097649312 1250.68919382881
3223.1267614249564 1250.9809489510978
3224.0 1250.0
3225.163386456016 1251.9200762665996
3226.1313520335093 1252.5501690107528
3227.0590892003634 1253.256258831182
3227.9416001176164 1254.0137492635774
3228.773886946308 1254.7980438436298
3228.0 1256.0
3230.2677969821607 1256.3486595894694
3230.919424511399 1257.0657878266377
3231.5008365962312 1257.7113343542262
3232.0070353976944 1258.2607027079243
3232.4330230768296 1258.6892964234244
3234.0 1260.0
3233.025591666404 1259.0923315470532
3233.189484623754 1259.056924813337
3233.267790552593 1258.881047157732
3233.26281933879 1258.5794469027012
3233.176880868219 1258.1668723707094
3234.0 1256.0
3232.7713417002465 1257.0677937657001
3232.456360774588 1256.4107863376107
3232.0696521356404 1255.7017979224165
3231.6135256692755 1254.9555768425816
3231.0902912613633 1254.1868714205707
3230.0 1254.0
3229.851738164377 1252.6390534098703
3229.1410392470443 1251.8777528860765
3228.3724719316474 1251.1295921498972
3227.548346104054 1250.397634943763
3226.6709716501364 1249.6849450101051
3224.0 1250.0
3224.765716406809 1248.329621929944
3223.74245538914 1247.6931162683034
3222.6751852886273 1247.0881328488642
3221.5662159911426 1246.5177354140574
3220.4178573825557 1245.984987706314
3220.0 1244.0
3218.0155110241053 1245.0444590629816
3216.785938537264 1244.6413813396885
3215.5658072653673 1244.2853597680496
3214.3772225855682 1243.9780338179291
3213.242289875019 1243.7210429591921
3214.0 1244.0
3211.2218018702833 1243.3646243953224
3210.3804573304024 1243.2684756299184
3209.6811862683826 1243.229219835354
3209.146094061377 1243.2484964814935
3208.7972860865393 1243.3279450382006
3208.0 1244.0
3208.733500272973 1243.6739157627758
3208.9820687745273 1243.9437168703716
3209.3440141888163 1244.2802477679927
3209.7607774789667 1244.6851479255024
3210.173799608111 1245.160056812765
3208.0 1246.0
3210.765117114913 1246.3228143332265
3210.8906916929154 1246.9920759694733
3210.9070835105986 1247.6941723415687
3210.820130805176 1248.408876982696
3210.6356718138627 1249.1159634260405
3212.0 1248.0
3209.9975879224157 1250.4263758521136
3209.555639496711 1250.9892489012086
3209.039537733971 1251.4635978852557
3208.455120871407 1251.8291963374372
3207.8082271462354 1252.0658177909374
3208.0 1254.0
3206.3503620569213 1252.0824666709534
3205.551067167207 1251.889498181779
3204.7126483637394 1251.6215608625441
3203.8409438837316 1251.3258852643755
3202.941791964399 1251.0497019384004
3202.0 1250.0
3201.084498756612 1250.728440519729
3200.138033942584 1250.680060802434
3199.187474638087 1250.644570108136
3198.238659080333 1250.5714362611088
3197.297425506537 1250.4101270856281
3196.0 1250.0
3195.460063439035 1249.634156876361
3194.5696484959435 1248.9982484708619
3193.698242638038 1248.2316699934827
3192.8457211787195 1247.3637062482355
3192.011959431386 1246.4236420391328
3190.0 1246.0
3190.4002163262803 1244.444351445407
3189.621985595309 1243.4636946688079
3188.8620158299263 1242.5280766444014
3188.1201823435313 1241.6667821761991
3187.3963604495257 1240.9090960682126
3188.0 1240.0
3186.0022526922817 1239.818588084975
3185.331717455845 1239.5257354339758
3184.678695065398 1239.4164295916978
3184.043060834342 1239.5013549783812
3183.4246900760772 1239.7911960142662
3182.0 1240.0
3182.2389167050533 1241.0062795074102
3181.669323560265 1241.820391561986
3181.112612824217 1242.6171584603978
3180.56671865148 1243.2747653797219
3180.029575196628 1243.6713974970357
3180.0 1244.0
3178.9732770588703 1243.2342585304248
3178.449990685112 1242.3955407795713
3177.927191647531 1241.2859548928504
3177.4028141006997 1240.0223690262562
3176.8747921991935 1238.7216513357837
3176.0 1238.0
3175.7995519504448 1236.4526811454873
3175.248201912349 1235.5764931874799
3174.68494413787 1234.847302489227
3174.1077127815806 1234.2403054365504
3173.514441998055 1233.7306984152715
3174.0 1232.0
3172.2715187675844 1232.9044400101934
3171.617734629787 1232.538181398038
3170.9396476830448 1232.1700983605665
3170.2351920819315 1231.775387283601
3169.5023019810214 1231.3292445529632
3168.0 1232.0
3167.9439224916746 1230.1918567177381
3167.1201069738463 1229.501446647478
3166.271204697432 1228.7612749922014
3165.400955378465 1227.9969804004138
3164.513098732978 1227.2342015206211
3162.0 1226.0
3162.699522326577 1225.8157454910456
3161.781281997728 1225.211345638275
3160.8603932064916 1224.7110160915238
3159.9405956689006 1224.3403954992975
3159.0256291009864 1224.1251225101032
3160.0 1224.0
3157.225147738323 1224.2469658548403
3156.3471123756394 1224.5381110058213
3155.488866846765 1224.8926613939345
3154.6541508677337 1225.2390071877248
3153.8467041545773 1225.5055385557355
3154.0 1226.0
3152.3273095745153 1225.5288459509436
3151.615234246632 1225.239165889307
3150.930173262669 1224.7767592242249
3150.2682594456173 1224.1667796983184
3149.6256256184665 1223.4343810542105
3148.0 1222.0
3148.3827292258275 1221.7029413818793
3147.7747323063186 1220.7542078389001
3147.170546668671 1219.783670148208
3146.5663051358724 1218.816482052426
3145.9581405309145 1217.8777972941757
3144.0 1218.0
3144.714573396481 1216.18173167243
3144.071436512983 1215.445731764202
3143.408907849287 1214.780997104041
3142.72312022838 1214.1837549045913
3142.0102064732528 1213.6502323784982
3142.0 1212.0
3140.487531852298 1212.7592551969626
3139.6700366324503 1212.3942549668104
3138.8099465703426 1212.0778832605959
3137.9033944889634 1211.8063672909634
3136.9465132113046 1211.5759342705583
3136.0 1212.0
3134.8694887509596 1211.2179336879728
3133.7607775653896 1211.0510671108511
3132.624601177766 1210.846685453076
3131.476258762214 1210.56926248706
3130.331049492858 1210.1832719852184
3130.0 1210.0
3128.1112270892313 1208.9602383537658
3127.0672123032077 1208.15267210929
3126.087527359877 1207.2954920992597
3125.187471433363 1206.453701436396
3124.3823436977905 1205.6923032334203
3124.0 1204.0
3123.114322749219 1204.6574471225883
3122.659547403999 1204.4344982275913
3122.31593598528 1204.3929598182003
3122.0763071867145 1204.5183377945534
3121.9334797019596 1204.7961380567876
3120.0 1206.0
3121.909503448497 1205.751029039451
3122.0139920671013 1206.3991315601554
3122.186556774137 1207.1416799672913
3122.420016263256 1207.9641801609969
3122.707189228116 1208.8521380414095
3124.0 1210.0
3123.414148669483 1210.768083522585
3123.8207623921253 1211.7768812816978
3124.254744082782 1212.8127570442177
3124.7101022939332 1213.8710150683564
3125.1808455780606 1214.9469596123263
3126.0 1216.0
3126.14452157517 1217.1331252926082
3126.625471393114 1218.233954945345
3127.0978404939615 1219.3336881507626
3127.5556374301905 1220.4276291670722
3127.992870754285 1221.5110822524862
3128.0 1222.0
3128.7816807759928 1223.627741663478
3129.121274578569 1224.65155650548
3129.4163389789355 1225.6461004494354
3129.660882529573 1226.6066777535568
3129.8489137829642 1227.5285926760564
3130.0 1228.0
3130.031473607931 1229.2376524090398
3130.0140192844683 1230.0154057359475
3129.9160868736853 1230.7357137140825
3129.731684928061 1231.3938806016567
3129.4548220000793 1231.9852106568828
3130.0 1234.0
3128.605672505423 1232.9553189443775
3128.056953634466 1233.3651555405017
3127.462909172585 1233.7702720319887
3126.853098263016 1234.2064225244824
3126.2570800489934 1234.7093611236257
3124.0 1234.0
3125.224658280534 1236.0404024074815
3124.847373012569 1236.8307133617575
3124.6021170130944 1237.6122289618106
3124.5184494253454 1238.3114033715615
3124.6259293925605 1238.8546907549298
3126.0 1240.0
3125.5179305181805 1239.2086864561418
3126.273741683229 1239.0478952494693
3127.1632804165265 1238.7882179673818
3128.1282775814793 1238.5317009214427
3129.1104640414947 1238.3803904232152
3130.0 1238.0
3130.903825710816 1238.7775444560787
3131.66144710977 1239.3859224498758
3132.329150183082 1240.2193339167968
3132.911650256993 1241.2356460079845
3133.4136626577438 1242.3927258745823
3134.0 1244.0
3134.195085744726 1244.9606575385765
3134.4839270834386 1246.2872436382588
3134.7111420539522 1247.586066117922
3134.881445982509 1248.8149921287084
3134.9995541953476 1249.9318888217606
3134.0 1250.0
3135.096448459301 1251.6707262246698
3135.0750872456774 1252.266381429419
3135.001235786865 1252.6974363062207
3134.8700314918838 1252.9797381988242
3134.676611769759 1253.1291344509802
3136.0 1254.0
3134.083675680167 1253.0925994089494
3133.674434130747 1252.9383628022633
3133.183526790274 1252.71460993013
3132.60609106777 1252.4371881363002
3131.937264372261 1252.1219447645235
3130.0 1252.0
3130.311359872849 1251.4397516831746
3129.3767899342092 1251.094710787365
3128.395844753088 1250.755665941136
3127.3958947857254 1250.4286786144985
3126.4043104883594 1250.119810277467
3126.0 1250.0
3124.5557207285774 1249.5806764522722
3123.7534561786406 1249.362533904135
3123.0690391236594 1249.1867562256548
3122.529840019874 1249.059404886845
3122.163229323523 1248.9865413577184
3122.0 1248.0
3122.0454499183406 1249.0285236085665
3122.278191763538 1249.1554923285669
3122.651343124227 1249.3611947383029
3123.1214440981953 1249.6516923077863
3123.6450347832333 1250.033046507031
3124.0 1250.0
3124.6858607214017 1251.0899751232075
3125.1582664325233 1251.7620991702793
3125.59450277069 1252.5181791073926
3125.9932000961016 1253.3487030946749
3126.3529887689588 1254.244159292253
3126.0 1256.0
3126.950361597808 1256.191820958807
3127.1852064741997 1257.225002748038
3127.375664138837 1258.2850693880732
3127.5203649519176 1259.3625090390417
3127.6179392736426 1260.44780986107
3128.0 1262.0
3127.6662298838255 1262.6039476588155
3127.614206892683 1263.6557609547879
3127.5095788509834 1264.677388062329
3127.3509761189275 1265.659317141567
3127.137029056716 1266.5920363526286
3128.0 1268.0
3126.537623382622 1268.2717978107323
3126.1494254911386 1268.9998163780292
3125.7004047102982 1269.640577717659
3125.1891914003 1270.1845699897492
3124.614415921345 1270.6222813544275
3124.0 1270.0
3123.2697323269354 1271.144622684056
3122.503279509327 1271.2330810612655
3121.6801751184535 1271.22291535558
3120.8052440919605 1271.1274658191296
3119.883311367495 1270.9600727040472
3118.0 1270.0
3117.917740575229 1270.4628167465075
3116.8837523827215 1270.159634408313
3115.822062242825 1269.8378695000106
3114.7374950931876 1269.5108622737314
3113.6348758714535 1269.1919529816062
3112.0 1270.0
3111.3947809622837 1268.631789208344
3110.2669551501394 1268.417215231469
3109.140377016485 1268.2641001972734
3108.019871498965 1268.1857843578878
3106.9102635352265 1268.1956079654437
3106.0 1268.0
3104.742125955042 1268.525478605529
3103.68776182605 1268.8268705960631
3102.6526262257566 1269.1790919495477
3101.6360597039693 1269.5501473718564
3100.637402810502 1269.9080415688627
3100.0 1270.0
3098.691180107768 1270.4563651104634
3097.742295398124 1270.5828038668037
3096.808682516045 1270.5681002213357
3095.8896820113396 1270.3802588799326
3094.9846344338207 1269.987284548468
3094.0 1270.0
3093.2137602595876 1268.4855739345912
3092.346614762495 1267.4785562383838
3091.4907843918336 1266.469842724525
3090.645609697415 1265.5931472733462
3089.8104312290498 1264.9821837651791
3090.0 1264.0
3088.167425169726 1265.047217728209
3087.35827867839 1265.720100734083
3086.556490612352 1266.6524867523224
3085.761401521424 1267.7075474372718
3084.972351955417 1268.7484544432778
3084.0 1270.0
3083.4097335974116 1270.2684646279959
3082.634845905036 1270.641734668353
3081.8633599368263 1270.7891847530527
3081.094616242593 1270.7418100893938
3080.327955372149 1270.5306058846752
3078.0 1270.0
3078.7982443018723 1269.7406896812513
3078.0338752016614 1269.2239680971431
3077.2689511244835 1268.6673978011681
3076.502812620151 1268.1019740006254
3075.7348002384742 1267.5586919028133
3076.0 1268.0
3074.190516042334 1266.6558767344275
3073.4129253274928 1266.318392617576
3072.6308229345527 1266.0471481108978
3071.8435494133246 1265.833196960816
3071.0504453136205 1265.6675929137534
3070.0 1264.0
3069.4441075780255 1265.4456411143794
3068.629555041759 1265.371400854914
3067.8065341262604 1265.309722684161
3066.974385381341 1265.2516603485417
3066.132449356813 1265.188267594481
3066.0 1266.0
3064.4236657239285 1265.0099867877097
3063.59802754972 1264.8788920537534
3062.8450209641987 1264.7100535388624
3062.206514851701 1264.496210815367
3061.7243780965637 1264.2301034555983
3060.0 1264.0
3061.378358037531 1263.512053116563
3061.488231553192 1263.045589281958
3061.701988065322 1262.4978191004016
3061.9515155091417 1261.8614821442247
3062.168701819867 1261.1293179857587
3064.0 1260.0
3062.25459838703 1259.3543406799242
3062.1130581386146 1258.3322526490865
3061.9186757473994 1257.255787649018
3061.7293127733137 1256.1529312239186
3061.6028307762863 1255.0516689179872
3060.0 1254.0
3061.7567531365576 1252.9658688404256
3062.073663714318 1252.0373021571934
3062.526467710063 1251.222271769926
3063.093809784324 1250.5487632228226
3063.7543345976374 1250.0447620600817
3066.0 1250.0
3065.2706710496464 1249.6518739081446
3066.0907318059844 1249.7868570692974
3066.9324735366545 1250.1390879155128
3067.781500698763 1250.704451052941
3068.623417749419 1251.4788310877323
3068.0 1252.0
3070.2283393447947 1253.6174438481683
3070.962552803729 1254.849027231077
3071.6320739796374 1256.0243288258769
3072.222507329625 1257.014814683682
3072.7194573108004 1257.6919508556055
3074.0 1258.0
3073.3830439958397 1257.633644102682
3073.5672036181168 1256.890767818576
3073.6929257084075 1255.8196751300704
3073.792128728019 1254.5414666267936
3073.8967311382576 1253.1772428983734
3074.0 1252.0
3074.2440241440063 1250.6536349231276
3074.515848671116 1249.6073486466664
3074.8513404520536 1248.7012430857876
3075.2477149571127 1247.927315621227
3075.702187656585 1247.2775636337196
3076.0 1248.0
3076.7742895199476 1246.3185756128082
3077.386349624425 1245.9933343408757
3078.045369804491 1245.7602580689395
3078.748565530439 1245.6113441777345
3079.493152272564 1245.5385900479966
3080.0 1244.0
3081.095360686516 1245.5895505958665
3081.9474132989308 1245.6972600349447
3082.8297188086954 1245.8491187584327
3083.7394926861048 1246.037124147066
3084.673950401451 1246.2532735815805
3086.0 1246.0
3086.6057792271304 1246.737994111195
3087.5975812780507 1246.9905599677663
3088.602929048084 1247.2392593931609
3089.619038007522 1247.4760897681147
3090.6431236266594 1247.6930484733634
3092.0 1248.0
3092.7040867252067 1248.0371692665028
3093.7353951452033 1248.1592993287607
3094.7635421060736 1248.2514936700463
3095.7857430781105 1248.316722883991
3096.79921353161 1248.3579575642261
3098.0 1250.0
3098.788824764162 1248.3803256980887
3099.7593964838047 1248.3674003389795
3100.7100995660817 1248.3423628206838
3101.638149481288 1248.3081837368334
3102.5407616997163 1248.2678336810586
3102.0 1248.0
3104.2585349274154 1248.1805030282617
3105.0681268772723 1248.139463618501
3105.841143011526 1248.1041356113403
3106.5747988004705 1248.0774896004104
3107.2663097143986 1248.062496179343
3108.0 1246.0
3108.5121400464714 1248.0777936811965
3109.063177893743 1248.1046909906504
3109.5655077242527 1248.1364536630324
3110.018632496832 1248.1667174912448
3110.4220551703165 1248.18911826819
3112.0 1250.0
3111.0778060553303 1248.184873839886
3111.3291401845254 1248.1455002204414
3111.528784049959 1248.0728067213377
3111.6762406104617 1247.960429135477
3111.771012824869 1247.8020032557615
3112.0 1248.0
3111.800516050727 1247.3229278199753
3111.734252979844 1246.9978180513108
3111.613317398198 1246.617739563604
3111.4372122646214 1246.1845963513583
3111.2054405379477 1245.700292409078
3110.0 1244.0
3110.572909140643 1244.5858183124305
3110.1711553876785 1243.9594561470713
3109.7117468769493 1243.2895492296936
3109.1941865672893 1242.5780015548016
3108.6179774175325 1241.826717116899
3108.0 1240.0
3107.290441691025 1240.2140716043637
3106.5550245797363 1239.3656245644486
3105.7927775592743 1238.5032688309586
3105.020107136268 1237.638014444107
3104.2534198173453 1236.780871444108
3104.0 1238.0
3102.8036205182702 1235.134959765521
3102.153321551374 1234.368211167361
3101.5746317150783 1233.6536141169076
3101.08395751601 1233.0021786543748
3100.6977054607996 1232.424914819976
3100.0 1232.0
3100.2950676337955 1231.5369421964372
3100.2573378272305 1231.248253487723
3100.2813420949815 1231.0777765679984
3100.329329895647 1231.036521477476
3100.363550687829 1231.1354982563703
3100.0 1230.0
3100.2467165058138 1231.7914717664326
3100.062324996862 1232.3301936770495
3099.797493409914 1232.9725978159806
3099.4566357516137 1233.6893993224612
3099.044166028605 1234.451313335727
3100.0 1236.0
3098.022046415039 1235.9933394395562
3097.4212245377694 1236.71488180859
3096.766446622369 1237.36439724135
3096.0621266754783 1237.9126008770718
3095.3126787037454 1238.3302078549914
3094.0 1238.0
3093.6960547123213 1238.664962002683
3092.837706705918 1238.5743571008409
3091.951886701246 1238.3376513979672
3091.043008704951 1237.9763776832115
3090.115486723674 1237.5120687457247
3088.0 1238.0
3088.222166832756 1236.3604763591572
3087.265196936402 1235.7162584883768
3086.3072390816433 1235.055136551466
3085.352707275124 1234.3986433375737
3084.4060155234874 1233.7683116358505
3084.0 1232.0
3082.552810849833 1232.6673396295614
3081.6491417714537 1232.2102191275812
3080.7590004352373 1231.8062997429445
3079.8808166781782 1231.4475684890867
3079.0130203372737 1231.1260123794443
3078.0 1232.0
3077.3023092519047 1230.5623736465543
3076.4562541814335 1230.3042650501798
3075.614305875097 1230.0512796517673
3074.7748941698924 1229.7954044647531
3073.936448902815 1229.5286265025745
3074.0 1228.0
3072.2561770310203 1228.9326514133552
3071.4112101002966 1228.601474954496
3070.560928955681 1228.2554370568366
3069.7037634341696 1227.9005713751212
3068.838143372759 1227.542911564096
3068.0 1228.0
3067.0752589782205 1226.8433441730974
3066.1748543190834 1226.5135039026145
3065.259714468028 1226.2050041218035
3064.328269262051 1225.923878485409
3063.378948538148 1225.676160648177
3062.0 1226.0
3061.423241751826 1225.30477568665
3060.430766567092 1225.1913320506583
3059.4482376198034 1225.1317431904356
3058.4911359506477 1225.1301989395397
3057.5749426003163 1225.1908891315284
3056.0 1224.0
3055.9272050188833 1225.515732178392
3055.226622869162 1225.7882647003828
3054.628873201023 1226.13979099949
3054.149437055156 1226.5745009092714
3053.8037954722513 1227.0965842632854
3054.0 1228.0
3053.5611700267286 1228.4167474699063
3053.6072474573198 1229.2059079796165
3053.6732420372946 1230.0646032477644
3053.6867340191743 1230.9797240978944
3053.5753036554797 1231.9381613535518
3054.0 1234.0
3052.7132994808367 1233.932548375627
3051.969701651245 1234.9422797891343
3051.115133438791 1235.9428909023484
3050.228990572309 1236.9212725388134
3049.390668780634 1237.8643155220739
3048.0 1238.0
3048.1591050925563 1239.5950814317516
3047.828857186889 1240.375381656801
3047.6724183374986 1241.1054978259117
3047.673386806287 1241.7911164141697
3047.8153608551524 1242.437923896664
3048.0 1242.0
3048.4567187407147 1243.6378514447106
3048.9232991012123 1244.2023444604386
3049.465278089387 1244.7507722707528
3050.066253967141 1245.288821350741
3050.709824996371 1245.822178175491
3052.0 1248.0
3052.059145556868 1246.8975609596273
3052.7320916119334 1247.4509598691882
3053.382025866076 1248.022412423862
3053.9925465811984 1248.6176050987356
3054.547252019198 1249.242224368897
3054.0 1250.0
3055.4284551624332 1250.6005254257798
3055.7512196974726 1251.333801144753
3056.010702614996 1252.0956913235186
3056.2195724829057 1252.880103419241
3056.390497869107 1253.680944889085
3058.0 1254.0
3056.669189467995 1255.3075457797952
3056.802292816486 1256.1211201149908
3056.9481259548807 1256.926753652966
3057.1193574510803 1257.718353850886
3057.3286558729883 1258.489828165915
3056.0 1258.0
3057.9017008115097 1259.948028975959
3058.2282227397172 1260.6225703853024
3058.5183624168253 1261.2526157404138
3058.7222266865256 1261.8320724984576
3058.7899223925124 1262.3548481165974
3060.0 1264.0
3058.3322637605324 1263.2059857618258
3057.7972927444675 1263.5221627032436
3057.1069198084906 1263.7572883334165
3056.3014214308087 1263.905270109509
3055.4210740896306 1263.9600154886862
3054.0 1264.0
3053.5903881841914 1263.7675728593765
3052.681301103763 1263.521075611772
3051.7798680275077 1263.1827234890145
3050.8870639610523 1262.7592997948213
3050.0038639100226 1262.2575878329094
3048.0 1262.0
3048.270175876743 1261.0464323207955
3047.4216379057466 1260.3505553780278
3046.5866039726798 1259.6035233824086
3045.766049083169 1258.812119637655
3044.9609482428405 1257.9831274474839
3046.0 1256.0
3043.401008732237 1256.2395109457561
3042.6481200732123 1255.3384532416328
3041.914585485876 1254.4269403069604
3041.201379975853 1253.5117554454541
3040.5094785487695 1252.5996819608315
3040.0 1252.0
3039.1919830488164 1250.8117617706089
3038.559309484544 1249.9480382734644
3037.933781020407 1249.1116725701147
3037.3073431593753 1248.3080045652991
3036.671941404421 1247.5423741637562
3034.0 1248.0
3035.342028224633 1246.1465857894445
3034.631407805742 1245.5271076261536
3033.8796055048133 1244.9670266850906
3033.078566824819 1244.4716828709938
3032.2202372687316 1244.0464160886036
3032.0 1242.0
3030.304076308079 1243.4244907475781
3029.257668516962 1243.2206170565123
3028.176817076647 1243.0723901322915
3027.0810000976094 1242.9672549377456
3025.9896956903267 1242.8926564357062
3026.0 1244.0
3023.898537032932 1242.7848493604677
3022.9376390037723 1242.7265307129303
3022.059165988273 1242.6485286092216
3021.2825960969108 1242.5382880121715
3020.627407440161 1242.3832538846118
3020.0 1242.0
3019.7524718951813 1241.8951461811116
3019.5319949645486 1241.576330281795
3019.4314391837256 1241.241236205216
3019.4305963998313 1240.916676665168
3019.5092584599884 1240.6294643754438
3018.0 1240.0
3019.82426450094 1240.27433240214
3020.020192175977 1240.260038146147
3020.2147920835514 1240.3903419956507
3020.3878560707826 1240.6920566644444
3020.519175984792 1241.1919948663212
3022.0 1242.0
3020.5796887263805 1242.8711422856163
3020.4920917166896 1243.968074297332
3020.3291709592377 1245.098675430725
3020.0943447696327 1246.1538557663007
3019.7910314634837 1247.0245253845628
3020.0 1248.0
3018.992774275066 1247.8107700088783
3018.5056120904724 1247.7169484822305
3017.9655261846874 1247.4198231728665
3017.376879939777 1247.0190874675807
3016.7440367378085 1246.6144347531676
3014.0 1246.0
3015.3632129909656 1246.174356248665
3014.6239592102256 1246.2315436593312
3013.8579620006963 1246.4700404623807
3013.0695847444435 1246.8827664717744
3012.263190823536 1247.4626415014739
3012.0 1248.0
3010.613806516023 1249.0839780244762
3009.779542893551 1250.042040026765
3008.944716134693 1251.0004520673313
3008.1136896215144 1251.882894841199
3007.2908267360826 1252.6130490433934
3008.0 1254.0
3005.6870453767297 1253.3304907122128
3004.914853666941 1253.2807967649917
3004.1682791131693 1253.0048514184045
3003.451685097479 1252.541992563581
3002.7694350019397 1251.9315580916498
3002.0 1250.0
3001.5239097469434 1250.4200519268056
3000.96029923582 1249.5660844111
3000.4303619415136 1248.6587496327018
2999.9293991302875 1247.7058138776888
2999.452712068411 1246.71504343214
2998.0 1246.0
2998.5533702577645 1244.651063613747
2998.121318041529 1243.5933868130603
2997.694746639704 1242.5289404661514
2997.268957318558 1241.465490859098
2996.839251344357 1240.4108042779787
2996.0 1240.0
2995.9492945018515 1238.3587853378567
2995.47964616608 1237.3769855510109
2994.987286242317 1236.4350139344128
2994.4675159968283 1235.5406367741407
2993.9156366958805 1234.7016203562735
2994.0 1234.0
2992.696755992672 1233.2207348920665
2992.020357122943 1232.5943984178832
2991.2930542628187 1232.0544878304179
2990.510148678566 1231.6087694157493
2989.666941636451 1231.2650094599555
2988.0 1230.0
2987.7848427091526 1230.9077990207013
2986.7606401492485 1230.8700948177639
2985.7055147820374 1230.8858416347493
2984.6388546665307 1230.923019466103
2983.580047861741 1230.9496083062693
2984.0 1232.0
2981.563546420361 1230.8558451630186
2980.6446279017937 1230.7488902016598
2979.8111149299903 1230.6581402932288
2979.082395563964 1230.6290124653385
2978.477857862726 1230.7069237456017
2978.0 1230.0
2977.7110112327687 1231.353628047176
2977.5402676747103 1231.9418329605553
2977.476836522762 1232.675900766224
2977.4928950885715 1233.5298263286372
2977.5606206837883 1234.4776045122514
2976.0 1236.0
2977.739782209039 1236.5506982009038
2977.7955727623716 1237.6240034348543
2977.791739591706 1238.687140747829
2977.7004600086916 1239.7141050042828
2977.4939113249766 1240.678891068672
2978.0 1242.0
2976.6316805148185 1242.3235415827724
2975.9681406883233 1242.985196783549
2975.173616361027 1243.5482552943936
2974.2680725212276 1244.0205130019149
2973.2714741572267 1244.4097657927243
2972.0 1244.0
2971.0849738098204 1244.9704401706456
2969.935001803015 1245.157453530978
2968.773835225208 1245.292645521039
2967.6214390647 1245.383812027438
2966.4977783097906 1245.4387489367853
2966.0 1246.0
2964.4165229699693 1245.4711175107661
2963.4988583616564 1245.4641409486194
2962.689789112145 1245.452118335862
2962.009280209732 1245.4428455591037
2961.477296642718 1245.4441185049548
2962.0 1244.0
2960.9323965445096 1245.508142239822
2960.9211964484207 1245.5784275754395
2961.0619545579434 1245.674327726868
2961.336422319887 1245.7955813540982
2961.726351181057 1245.9419271171216
2960.0 1248.0
2962.7795979883035 1246.3088496905107
2963.406418827994 1246.5289038208577
2964.0757065541366 1246.7730047269613
2964.769212613539 1247.0408910688113
2965.4686884530074 1247.3323015063997
2966.0 1248.0
2966.816693900366 1247.9849447950116
2967.4535582478325 1248.3474278835697
2968.0730618545217 1248.7359355429342
2968.6817880132044 1249.1519793506482
2969.286320016652 1249.597070884255
2972.0 1248.0
2970.5091347289267 1250.5804434393208
2971.1405840232965 1251.1217476158668
2971.794172333516 1251.6981458284788
2972.4764829523583 1252.3111496547008
2973.1940991725915 1252.9622706720759
2974.0 1254.0
2974.758460271214 1254.384271574775
2975.599643832506 1255.1543405210875
2976.465010360997 1255.9609047805295
2977.342415246816 1256.801641836545
2978.2197138800975 1257.67422917258
2978.0 1260.0
2979.925413949567 1259.5056646184848
2980.7295261660192 1260.4598676952444
2981.484953690458 1261.4366309858017
2982.1795519130146 1262.4336319736015
2982.8011762238207 1263.4485481420884
2982.0 1264.0
2983.7769246707085 1265.5228359549035
2984.106759587052 1266.5775625661206
2984.315042152172 1267.6409142918044
2984.3896277561985 1268.710568615399
2984.3183717892625 1269.7842030203497
2986.0 1270.0
2983.696405601325 1271.924380774714
2983.161299550332 1272.9278316907175
2982.511560268396 1273.8090778212568
2981.7749365353966 1274.5073492494766
2980.979177131214 1274.9618760585229
2980.0 1276.0
2979.3212464288063 1274.9253823714091
2978.5145726903393 1274.4854193599494
2977.759758400201 1273.9038266987156
2977.08455233827 1273.2924317892632
2976.5167032844256 1272.7630620331463
2976.0 1272.0
2975.8073807395504 1272.3728430368667
2975.681261322532 1272.5864612981825
2975.693207061624 1273.0310397157887
2975.83082325096 1273.669218389609
2976.081715184672 1274.463637419566
2976.0 1276.0
2976.8737474617615 1276.371756947581
2977.3900983934063 1277.4107376454845
2977.9701462459634 1278.4565190992164
2978.601496313565 1279.4717414086983
2979.2717538903435 1280.4190446738535
2980.0 1280.0
2980.681269602399 1281.968906177242
2981.4068794525083 1282.5474548535133
2982.144100241462 1283.0100653615352
2982.8916783899585 1283.370088039424
2983.6483603187003 1283.640873225296
2984.0 1284.0
2985.184021199708 1283.9681324734513
2985.960492993374 1284.0513072119668
2986.7410542500807 1284.0986458109287
2987.524451390528 1284.123498608453
2988.309430835415 1284.139215942656
2990.0 1286.0
2989.879122321305 1284.1966455735605
2990.6613272037066 1284.2650585464937
2991.440100073346 1284.3777374085694
2992.214187350922 1284.5480324979028
2992.9823354571336 1284.7892941526104
2994.0 1284.0
2994.496167986323 1285.533479197695
2995.2415541390505 1286.0352673868051
2995.980404579914 1286.6057517387549
2996.7136746179667 1287.2304467141619
2997.4423195622576 1287.8948667736433
2998.0 1288.0
2998.889555405761 1289.2849399872985
2999.6100569230753 1289.9816220627063
3000.3297545828323 1290.6600870646569
3001.0496036940845 1291.3058494537675
3001.770559565881 1291.904423690655
3002.0 1292.0
3003.2196128273135 1292.9060510262116
3003.949620835051 1293.3040459019949
3004.6845568395397 1293.6447361797855
3005.4253761498267 1293.9375491760811
3006.1730340749655 1294.1919122073796
3006.0 1296.0
3007.692687006001 1294.6229976409772
3008.46659263 1294.818574676272
3009.251158105054 1295.0134110125614
3010.047338740214 1295.2169339663424
3010.856089844532 1295.4385708541138
3012.0 1296.0
3012.5121614136883 1295.9724415927092
3013.3436127976947 1296.2948054470737
3014.155896489194 1296.6555432425093
3014.932188098303 1297.0553576660582
3015.6556632351385 1297.4949514047628
3018.0 1296.0
3016.8768665324574 1298.4962875758106
3017.3409459131735 1299.0594353822387
3017.684911262084 1299.665173251993
3017.8919381893047 1300.3142038721157
3017.9452023049535 1301.0072299296498
3018.0 1302.0
3017.530491882397 1302.5275392642302
3017.072952606813 1303.352988870011
3016.4825210448953 1304.2187665706726
3015.7864568491486 1305.1223360079073
3015.0120196720754 1306.0611608234071
3012.0 1308.0
3013.3370649839594 1308.0344311559704
3012.491066777924 1309.0638039564192
3011.6757342005744 1310.1182867019013
3010.9183269044124 1311.1953430341098
3010.246104541942 1312.292436594737
3010.0 1314.0
3009.260003397772 1314.5364473326
3008.963144939174 1315.6774359807307
3008.785512060473 1316.826604799069
3008.7168654322686 1317.9805616168164
3008.746965725159 1319.1359142631763
3010.0 1320.0
3009.0624497566237 1321.4372383585421
3009.327354836397 1322.5764254659525
3009.650049519664 1323.703439718784
3010.020294477023 1324.814888946239
3010.4278503790747 1325.9073809775207
3010.0 1326.0
3011.313937699652 1328.0219247683704
3011.7719904593773 1329.0371921863436
3012.2263968461916 1330.0199337249521
3012.6669175306965 1330.966757213398
3013.0833131834893 1331.8742704808844
3014.0 1332.0
3013.8027720763403 1333.5577976697855
3014.0853566575965 1334.3270272496052
3014.3028588895395 1335.0433779252737
3014.445039442769 1335.7034575259943
3014.5016589878837 1336.3038738809685
3016.0 1338.0
3014.3203108022494 1337.3136833208648
3014.0801828091935 1337.7255029664586
3013.7501732834066 1338.082512487648
3013.338361291983 1338.390530615902
3012.8528259020154 1338.6553760826898
3010.0 1340.0
3011.692901194818 1339.0788239577391
3011.0346700117743 1339.2490638289382
3010.3350316985575 1339.3994059645456
3009.6020653222595 1339.5356690960302
3008.8438499499753 1339.6636719548596
3008.0 1338.0
3007.283988485814 1339.9181717804306
3006.498500528124 1340.0563062101087
3005.720079842818 1340.209455293008
3004.9568054969877 1340.3834377605956
3004.2167565577265 1340.5840723443412
3004.0 1342.0
3002.8368692568565 1341.0878594745861
3002.2024975668546 1341.3983696144576
3001.602284626642 1341.7502470572304
3001.033618040734 1342.145030664808
3000.493885413647 1342.584259299094
3000.0 1342.0
2999.4907724540044 1343.6022070954027
2999.0221673304814 1344.1840039812323
2998.5720465838467 1344.816401341383
2998.1377978186165 1345.5009380377574
2997.7168086393067 1346.2391529322597
2998.0 1348.0
2996.9041594565183 1347.880725572343
2996.507274662072 1348.7748778962316
2996.1131998716132 1349.7042975748627
2995.719322689659 1350.6582403246405
2995.3230307207245 1351.625961861969
2994.0 1352.0
2994.5127528399858 1353.5597641648951
2994.0935421372137 1354.5043563633014
2993.661467065529 1355.4197502148756
2993.213915229448 1356.2952014360217
2992.7482742334882 1357.119965743144
2994.0 1358.0
2991.7529011453375 1358.5706677902313
2991.2217000542437 1359.152384818787
2990.66947180546 1359.5949735105007
2990.097359795566 1359.8649574375581
2989.506507421138 1359.9288601721469
2988.0 1360.0
2988.273155165 1359.3245205277526
2987.632942076446 1358.709350343674
2986.978562209674 1357.9942433569354
2986.3111589612604 1357.2657481902547
2985.631875727786 1356.6104134663494
2984.0 1356.0
2984.2422428919645 1355.8429630786575
2983.5341800827755 1355.7692041058237
2982.8188108748377 1355.84531895767
2982.0972786647308 1356.0231157024332
2981.3707268490325 1356.254402408347
2980.0 1356.0
2979.9069779266574 1356.69305804213
2979.171107250013 1356.854323499855
2978.4328698278455 1356.9768719784427
2977.6924486936105 1357.0627919395126
2976.9500268807633 1357.1141718446872
2976.0 1358.0
2975.4599133530533 1357.1216653338315
2974.7125877051017 1357.0819558410433
2973.9639935123596 1357.016060138843
2973.214313808282 1356.9260666888508
2972.463731626325 1356.8140639526887
2974.0 1356.0
2970.9605919625947 1356.532384468336
2970.2084005477323 1356.366884643388
2969.4560387888114 1356.1877293787527
2968.7036897192884 1355.9970071360513
2967.951536372619 1355.7968063769056
2968.0 1356.0
2966.448548981661 1355.3763231557623
2965.6980810042837 1355.1602176170068
2964.9485408835812 1354.9429874082898
2964.200111653009 1354.7267209912322
2963.452976346023 1354.5135068274556
2962.0 1354.0
2961.9633629214527 1354.1065415787132
2961.221510579716 1353.9286822519055
2960.4822037132585 1353.7856586946932
2959.7458850644707 1353.6912742036143
2959.0129973757453 1353.6593320752047
2956.0 1354.0
2957.5592858480445 1353.837988092542
2956.8393474938516 1354.076192831362
2956.1246110692864 1354.4320531189992
2955.415519316739 1354.91937225199
2954.7125149785998 1355.5519535268706
2954.0 1356.0
2953.326539515116 1357.2921205990992
2952.6444538745536 1358.3313424534047
2951.970226617965 1359.3790985635164
2951.304300487742 1360.3532216898566
2950.6471182262753 1361.1715445928457
2952.0 1362.0
2949.3605386763306 1362.0316826732549
2948.7307212555506 1362.0265347883026
2948.1088074389204 1361.7716605552557
2947.4939343517476 1361.3022641513198
2946.885239119339 1360.653549753702
2946.0 1360.0
2945.6829307200346 1358.9615363513572
2945.0875918037514 1358.0039616917065
2944.494979243455 1357.038517728526
2943.904230164453 1356.1157246296848
2943.3144816920503 1355.2861025630525
2942.0 1354.0
2942.134535068266 1354.094667193238
2941.5426111674965 1353.751184197868
2940.9482363745515 1353.53753285033
2940.3505478147345 1353.4215232905667
2939.7486826133527 1353.3709656585204
2940.0 1354.0
2938.5289707871216 1353.3374467373476
2937.9093984128826 1353.2901057281053
2937.282197898303 1353.1794572063486
2936.6465063686887 1352.9733113120205
2936.001460949346 1352.639478185062
2934.0 1352.0
2934.6803129343502 1351.4711448917421
2934.005220539219 1350.6391895975632
2933.322794655403 1349.684636815121
2932.634908358118 1348.6422212766554
2931.9434347225815 1347.5466777144075
2932.0 1346.0
2930.5572177376116 1345.3351454475285
2929.8662205386117 1344.2886262073787
2929.179128302223 1343.3279178724101
2928.497814103661 1342.4877551748623
2927.824151018142 1341.8028728469774
2928.0 1342.0
2926.507270487096 1341.028226320722
2925.8677991920017 1340.9499601362206
2925.2434713108146 1341.0499703491198
2924.636159918749 1341.305020241047
2924.047738091023 1341.6918730936309
2922.0 1342.0
2922.9350554294497 1342.7680408072806
2922.4145407460355 1343.410882231603
2921.920407927823 1344.0925797430943
2921.4545300500295 1344.7898966233834
2921.0187801878706 1345.4795961540976
2922.0 1346.0
2920.246552613796 1346.7479133644872
2919.9221958671724 1347.3083600344492
2919.6522090667654 1347.8248473354108
2919.4468401026515 1348.3024409760312
2919.3163368649048 1348.7462066649684
2918.0 1348.0
2919.320919128819 1349.55251702243
2919.47650041063 1349.9251931082722
2919.74793897911 1350.284304077067
2920.1454827243356 1350.634915637473
2920.679379536383 1350.9820934981492
2922.0 1352.0
2922.1913819245156 1351.6864109549488
2923.154931300406 1352.0536819683896
2924.225721342726 1352.4377821167357
2925.378947961203 1352.8437771086465
2926.5898070655658 1353.276732652781
2928.0 1356.0
2929.085206370866 1354.2437882323557
2930.3201383912606 1354.7880196851138
2931.513486536456 1355.3794745247305
2932.6404467161815 1356.023218459865
2933.6762148401635 1356.7243171991759
2934.0 1356.0
2935.3797649063613 1358.3158498028913
2936.0267767472815 1359.1984623521846
2936.541056329873 1360.1227870754317
2936.9266376431115 1361.0759369488628
2937.187554675976 1362.0450249487071
2938.0 1362.0
2937.3515318564923 1363.9794672325554
2937.262659982099 1364.9190474690195
2937.0652597832413 1365.823017736816
2936.7633652488958 1366.678491012175
2936.361010368041 1367.4725802713263
2936.0 1368.0
2935.271055522713 1368.8250586459255
2934.591523536195 1369.357673713833
2933.827667159077 1369.7773566704518
2932.9835203803377 1370.0712204920123
2932.0631171889527 1370.226378154744
2930.0 1372.0
2930.0107477342035 1370.0807384746236
2928.8932707090457 1369.8244364801321
2927.728515747661 1369.5184190235318
2926.5269380992795 1369.220068476954
2925.2989930131325 1368.9867672125285
2924.0 1368.0
2922.8058215244655 1368.9292550364266
2921.5615056204083 1369.1262869756285
2920.33264327551 1369.4308538987393
2919.1296897390007 1369.8068162845072
2917.963100260112 1370.2180346116795
2918.0 1370.0
2915.7808344721207 1371.0089502692724
2914.7860686614804 1371.3599841414466
2913.8694879053855 1371.688947038532
2913.041547453066 1372.0033150235333
2912.3127025537524 1372.3105641594566
2912.0 1374.0
2911.1941204110713 1372.9336101360896
2910.825293666165 1373.2643591028104
2910.5973834711895 1373.6178934724746
2910.520845075376 1374.001689308087
2910.606133727956 1374.423222672653
2910.0 1374.0
2911.2950421844757 1375.4070950998025
2911.8657465424203 1375.9705194432006
2912.532447056769 1376.5738518771811
2913.2517730322957 1377.2107016195532
2913.9803537737735 1377.8746778881268
2914.0 1378.0
2915.291796773682 1379.2584468751131
2915.7879176416614 1379.965458029144
2916.119810494689 1380.6740325806122
2916.2441046375393 1381.3777797473272
2916.117429374987 1382.0703087470974
2916.0 1384.0
2914.957544797663 1383.3961491170417
2913.9567357618016 1384.016678922833
2912.769757878357 1384.600427432917
2911.472382121463 1385.1410038651018
2910.1403794652556 1385.632017437197
2910.0 1386.0
2907.6617681942375 1386.440162145763
2906.5838465844695 1386.7467273583047
2905.6086720854705 1386.9825978628971
2904.729160728149 1387.143598517802
2903.9382285434103 1387.2255541812817
2904.0 1386.0
2902.593765815309 1387.135629967008
2902.026067333759 1386.9553998057786
2901.518612148419 1386.6794240861684
2901.0643162901943 1386.303527666439
2900.6560957899915 1385.823535404853
2898.0 1386.0
2899.9495449872793 1384.5380224640558
2899.6370467465827 1383.744909550781
2899.342287987534 1382.8725163275212
2899.058184741039 1381.9374257019506
2898.7776530380065 1380.9562205817433
2898.0 1380.0
2898.1989683859497 1378.921798488119
2897.886647498739 1377.9017473300505
2897.5495622786157 1376.9019133080449
2897.180628756485 1375.9388793297758
2896.772762963256 1375.0292283029175
2898.0 1374.0
2895.813557035758 1373.432956791694
2895.257999055122 1372.758802468039
2894.6550731106486 1372.1629634172166
2894.007645325064 1371.6413228922615
2893.3185818210904 1371.1897641462115
2892.0 1372.0
2891.8270121488827 1370.4804250029658
2891.0302382260966 1370.2144111118425
2890.2032930758223 1370.0020120117667
2889.349042820786 1369.8391109557745
2888.4703535837107 1369.7215911969015
2888.0 1368.0
2886.651122654347 1369.6062285826567
2885.716313207506 1369.6001522333565
2884.7685292695273 1369.6229901933195
2883.810636963135 1369.6706257155809
2882.845502411054 1369.7389420531767
2882.0 1370.0
2880.904495187127 1369.921621698615
2879.931499519142 1370.0305805851222
2878.9570156131913 1370.1494114442937
2877.98105435041 1370.276826601759
2877.003626611937 1370.411538383147
2876.0 1370.0
2875.0444152324562 1370.6977011202082
2874.062653353722 1370.8465767271398
2873.0794685238407 1370.9975982605104
2872.094871623949 1371.1494780459495
2871.1088735351823 1371.3009284090865
2870.0 1372.0
2869.1327173155732 1371.5973901709694
2868.1425809470024 1371.739826220974
2867.1510869141043 1371.8766821511927
2866.1582460980135 1372.0066702872543
2865.1640693798677 1372.1285029547885
2864.0 1374.0
2863.171751761957 1372.342551186791
2862.1736326244636 1372.4321914025177
2861.174221109461 1372.508525452233
2860.1735280980856 1372.5702656615663
2859.171564471473 1372.6161243561467
2858.0 1372.0
2857.1638688970866 1372.6554794921167
2856.1581587115843 1372.6489985160686
2855.151221435392 1372.6266811903924
2854.1430679496452 1372.5898377720216
2853.133709135481 1372.53977851789
2852.0 1372.0
2851.111419046445 1372.4052535300748
2850.098509533847 1372.3234083102586
2849.0844382173773 1372.233588282414
2848.069215978172 1372.1371037034744
2847.052853697368 1372.0352648303738
2846.0 1372.0
2845.01675253551 1371.8207652294207
2843.99703541673 1371.7107250154347
2842.976221780896 1371.6005715350211
2841.954322509146 1371.491615045112
2840.931348482616 1371.385165802641
2840.0 1370.0
2838.8822196897636 1371.1850300877475
2837.8560866857133 1371.0939641291907
2836.828922451429 1371.010646445806
2835.8007378680472 1370.936387294526
2834.771543816705 1370.8724969322839
2834.0 1370.0
2832.7105669235007 1370.7803957754404
2831.68118237681 1370.750798531469
2830.6555849525025 1370.7287971777953
2829.6361620646135 1370.7116950081152
2828.6253011271797 1370.6967953161245
2828.0 1372.0
2826.6388147598173 1370.66281654
2825.66796415796 1370.638344043258
2824.7152251626994 1370.6052871989918
2823.782985188071 1370.5609493008976
2822.8736316481104 1370.5026336426715
2822.0 1372.0
2821.1331335283367 1370.3332822206096
2820.3067637765935 1370.2168530441659
2819.512830115661 1370.0756592823766
2818.753719959574 1369.9070042289375
2818.031820722368 1369.7081911775444
2816.0 1370.0
2816.709204660745 1369.2093042556833
2816.113262664398 1368.9038369726077
2815.5640812430747 1368.5574248663643
2815.06404781081 1368.167371230649
2814.6155497816408 1367.730979359158
2816.0 1366.0
2813.8854445073516 1366.7098924502584
2813.625021602036 1366.128794199978
2813.458502779425 1365.5085512881788
2813.4046849652864 1364.8554572082926
2813.4823650853896 1364.1758054537515
2812.0 1362.0
2814.0926693572933 1362.7620028944325
2814.574462516013 1362.0404390765186
2815.0860916228116 1361.3174915576774
2815.557928758839 1360.5994538313412
2815.920346005244 1359.892619390942
2818.0 1360.0
2816.0552844927665 1358.5377343416815
2815.789801930036 1357.9022707196839
2815.338891869989 1357.3031843573515
2814.73417842763 1356.746768748115
2814.0072857179634 1356.2393173854073
2812.0 1356.0
2812.30928474757 1355.3949791245207
2811.3763794619936 1355.0616657204982
2810.3977008594084 1354.7844635513168
2809.3798277999576 1354.5606526177016
2808.3293391437887 1354.3875129203768
2806.0 1354.0
2806.1568304818816 1354.1823672374958
2805.0479681964366 1354.144921253389
2803.9328057548587 1354.1472665084707
2802.8179220172924 1354.186683003465
2801.709895843885 1354.2604507390968
2802.0 1354.0
2799.5407316301335 1354.5001599351708
2798.492751310081 1354.6606613970616
2797.4779439947724 1354.8446341024883
2796.502888544353 1355.0493580521745
2795.57416381897 1355.2721132468448
2796.0 1358.0
2793.8820219838985 1355.7608373740372
2793.1317625945007 1356.021366308008
2792.4541493707256 1356.2890464898608
2791.8557611727156 1356.5611579203207
2791.3431768606197 1356.8349806001124
2790.0 1356.0
2790.599992835216 1357.377461420077
2790.3720958449844 1357.644169818639
2790.2354081868175 1357.90868998331
2790.1860537236457 1358.1717921717545
2790.2201563183976 1358.4342466416365
2790.0 1356.0
2790.523228133394 1358.9602934563702
2790.7844450794973 1359.2254263165505
2791.113614535244 1359.4929924888256
2791.5068603635627 1359.7637622308596
2791.9603064273842 1360.038505800317
2792.0 1362.0
2793.0322947132536 1360.604366081763
2793.64308466116 1360.9052470867039
2794.2985702962887 1361.2296305049747
2794.994875481568 1361.5865103718622
2795.7281240799275 1361.984880722656
2796.0 1364.0
2797.2897641055556 1362.9399144914978
2798.109306086377 1363.5016388264144
2798.9480925873813 1364.1149754789722
2799.8011502991935 1364.775991330752
2800.663505912435 1365.4807532633324
2802.0 1366.0
2802.396217605694 1367.0057828972133
2803.2566270669563 1367.818184361673
2804.106441192137 1368.6585994332518
2804.940686671858 1369.5230949935283
2805.7543901967424 1370.407737924082
2808.0 1370.0
2807.3002781444893 1372.2217334223405
2808.0225159485963 1373.1432197532038
2808.704318560356 1374.0691209806625
2809.3407126703896 1374.9955039862953
2809.92672496932 1375.9184356516826
2810.0 1376.0
2810.92771089636 1377.7382124880376
2811.332737905715 1378.6271914221638
2811.667489866455 1379.4969865423623
2811.9269934692043 1380.3436647302117
2812.1062754045843 1381.1632928672925
2812.0 1382.0
2812.2085402377124 1382.7070680536513
2812.1471317286364 1383.4317580952168
2812.0367187385414 1384.1304840705875
2811.897883169981 1384.8077220904706
2811.751206925506 1385.4679482655745
2810.0 1388.0
2811.516660019028 1386.755269524274
2811.469953162131 1387.391316829285
2811.497733239532 1388.028256732347
2811.6205821537833 1388.6705653441684
2811.8590818074395 1389.322718775456
2814.0 1390.0
2812.755862084575 1390.6744645392616
2813.3983133615693 1391.3830090931951
2814.124756684995 1392.1193029094259
2814.898780805814 1392.8878220986614
2815.6839744749877 1393.69304277161
2816.0 1394.0
2817.1484518075017 1395.4297501758465
2817.792271044314 1396.359732114774
2818.3763309764245 1397.3234059526933
2818.901578426343 1398.3147907865366
2819.368960216581 1399.3279057132356
2820.0 1400.0
2820.1339141080553 1401.3954022329294
2820.4333798543125 1402.4378220197877
2820.678767230931 1403.4780482872295
2820.871023060421 1404.5101001321868
2821.011094165293 1405.5279966515918
2820.0 1406.0
2821.1375141404237 1407.4974001014716
2821.1200245508976 1408.4369452258102
2821.0426733171857 1409.3384114123248
2820.9006751569905 1410.1958177579459
2820.6892447880177 1411.0031833596058
2822.0 1412.0
2820.0389462945604 1412.4438687187715
2819.590507605486 1413.0652266701404
2819.053495578454 1413.6126202652763
2818.4231249311683 1414.0800686011112
2817.6946103813348 1414.4615907745767
2816.0 1416.0
2815.927573779432 1414.9455579779158
2814.900873170294 1415.0517909363832
2813.799671544469 1415.0796735896681
2812.640575627183 1415.0389747694328
2811.4401921436624 1414.9394633073377
2810.0 1414.0
2808.9819893788213 1414.6030777842186
2807.757383547952 1414.3857413865162
2806.557917051752 1414.148667673602
2805.4001966154456 1413.9016254771363
2804.3008289642594 1413.6543836287817
2804.0 1412.0
2802.3384993564696 1413.1965449988093
2801.478273480223 1412.9944980550674
2800.681872549811 1412.8093511351879
2799.935425920365 1412.639885245385
2799.2250629470172 1412.4848813918727
2798.0 1414.0
2797.857105389139 1412.2133838185764
2797.1717695148727 1412.0944521112217
2796.467034717229 1411.9851064650143
2795.7290303513405 1411.8841278861687
2794.9438857723376 1411.7902973808984
2794.0 1412.0
2793.18087244245 1411.6198117222575
2792.2003366834206 1411.5443612191948
2791.167326694994 1411.4784680903267
2790.093046113893 1411.4245559797473
2788.988698576845 1411.3850485315525
2788.0 1412.0
2786.7346171818103 1411.3589421986937
2785.607290597275 1411.3771906022203
2784.494711603698 1411.4195382445102
2783.4080838378018 1411.4884087696587
2782.358610936314 1411.5862258217608
2782.0 1410.0
2780.4159442734663 1411.8783940832052
2779.5451577855583 1412.0775925807375
2778.756340708962 1412.3154321816025
2778.060696680403 1412.5943365298956
2777.4694293366083 1412.9167292697118
2776.0 1412.0
2776.6448392502134 1413.701674500293
2776.433923781065 1414.1690742792473
2776.372199543583 1414.6896570261047
2776.470870174495 1415.2658463849593
2776.7411393105263 1415.9000659999065
2778.0 1418.0
2777.83362620556 1417.3507439534558
2778.63228260228 1418.1627698542413
2779.555414779556 1419.0239611354843
2780.568257738379 1419.9274617152726
2781.63604647974 1420.866415511694
2782.0 1424.0
2783.797401314047 1422.8232584267867
2784.8214374089766 1423.8274353816334
2785.7613592904136 1424.8396412254638
2786.582401959349 1425.8530198763658
2787.249800416776 1426.8607152524273
2788.0 1426.0
2787.9960703219945 1428.8316318523782
2788.0742054973184 1429.7811409124438
2787.9972239161966 1430.6975423700192
2787.7991543051685 1431.573980143192
2787.5140253907743 1432.4035981500506
2788.0 1432.0
2786.815513571514 1433.8968455665656
2786.451042200534 1434.5581329887414
2786.097334593962 1435.1679166696415
2785.769273559142 1435.7307107036977
2785.4817419034225 1436.251029185342
2784.0 1438.0
2785.087797958671 1437.1822958691214
2785.011151284333 1437.6022722601201
2785.034565218481 1437.9978294764335
2785.1729225684635 1438.3734816124936
2785.4411061416267 1438.7337427627324
2786.0 1440.0
2786.4212601564614 1439.4261484834724
2787.1316580303064 1439.7673212428372
2787.96873699168 1440.1111593941073
2788.916041665407 1440.462177031715
2789.9571166763167 1440.8248882500918
2792.0 1440.0
2792.254756208988 1441.603447806879
2793.4784099804033 1442.0283243341537
2794.730012588308 1442.482950819924
2795.993108657528 1442.9718413586224
2797.2512428128916 1443.4995100446806
2798.0 1444.0
2799.686646072655 1444.6873931871405
2800.830057574506 1445.3455655356356
2801.9007919574046 1446.038431815676
2802.8814469939753 1446.7594358249223
2803.7546204568425 1447.5020213610362
2804.0 1448.0
2805.1089137519666 1449.0257122045098
2805.5552291294744 1449.793705107191
2805.824454023779 1450.5570547273849
2805.899186207505 1451.3092048627504
2805.7620234532783 1452.0435993109495
2806.0 1454.0
2804.793657393562 1453.4328963364926
2803.9951686659 1454.0746865091583
2803.05021415594 1454.672496185302
2802.008910668884 1455.2197691625838
2800.921375009934 1455.7099492386656
2800.0 1456.0
2798.800408933914 1456.4963604810864
2797.8212193477516 1456.8008068620318
2796.90427925151 1457.0645907709877
2796.053712670897 1457.3024836249003
2795.273643631615 1457.5292568407142
2794.0 1456.0
2793.9414942798694 1458.0085300258252
2793.3976620188164 1458.2905728290125
2792.9408234019156 1458.6205816618797
2792.5751024548726 1459.0133279413728
2792.3046232033944 1459.4835830844363
2792.0 1462.0
2792.0643578704794 1460.7101934045984
2792.093651723634 1461.4630180688525
2792.216347141536 1462.2862905709871
2792.4274000330684 1463.1617089812132
2792.7217663071187 1464.07097136974
2794.0 1464.0
2793.540262638318 1465.9178203625393
2794.0543045132385 1466.8188031072323
2794.6314834062214 1467.680422111068
2795.2667552261514 1468.4843754442566
2795.9550758819155 1469.2123611770078
2796.0 1470.0
2797.470965890638 1470.372309992755
2798.2901183862623 1470.7981964404537
2799.1454860030526 1471.135962017121
2800.033695974787 1471.3978320172491
2800.9513755352473 1471.5960317353308
2802.0 1472.0
2802.861652357463 1471.850321503324
2803.8475040867784 1471.9308621422213
2804.849334339937 1471.9966336770406
2805.863770350721 1472.059861402276
2806.8874393529086 1472.1327706124189
2808.0 1472.0
2808.9489852666175 1472.3565346653995
2809.9801166456978 1472.5318400972214
2811.0069899513014 1472.765728191921
2812.0262324172086 1473.0704242439906
2813.0344712771994 1473.458153547923
