485 274
2776.0 1203.5462940532705
3260.0 1476.6497643211897
1.0 1.0
2814.0 1474.0
2841.6186744378747 1476.6497643211897
2852.0 1472.0
2845.143976686377 1460.0507070364306
2834.0 1448.0
2831.517465443867 1443.0459934602259
2834.0 1442.0
2837.7512306504195 1441.6733322022142
2840.0 1440.0
2837.975150653613 1434.9140133264896
2836.0 1428.0
2838.397865427898 1420.8425878388473
2844.0 1416.0
2851.6376567789944 1416.030459640426
2858.0 1420.0
2859.7761938981344 1426.9746543185975
2862.0 1432.0
2869.705179832198 1430.12161444799
2880.0 1428.0
2889.9927271086763 1432.2956589934631
2898.0 1436.0
2902.338457515746 1432.1044315912316
2904.0 1428.0
2903.9765277968477 1431.0777514591477
2904.0 1436.0
2905.8023757031697 1437.4290596538835
2908.0 1436.0
2909.209217984134 1432.3478906175524
2906.0 1428.0
2894.942316392026 1424.4835966408036
2886.0 1422.0
2889.1368836637116 1420.7505295376263
2894.0 1420.0
2890.2363816257066 1419.0132261334388
2884.0 1416.0
2881.4448265820515 1409.1701136617417
2886.0 1404.0
2901.0946588819857 1405.9660918961117
2916.0 1408.0
2919.987220126036 1403.033334961588
2920.0 1398.0
2922.9820203618 1399.8338983343601
2928.0 1402.0
2934.1206577031653 1397.9632750322514
2944.0 1394.0
2960.2940334192135 1396.3864514721324
2976.0 1398.0
2984.11514178156 1391.7180161349547
2990.0 1384.0
2999.0151158914314 1381.3054517181395
3006.0 1382.0
3005.794162869853 1384.4492735562098
3008.0 1390.0
3022.2199068894497 1399.998906944603
3040.0 1406.0
3052.8863957934495 1399.5572847761732
3060.0 1392.0
3060.461718349855 1394.6573843983579
3060.0 1402.0
3064.3432941074225 1408.49840883368
3072.0 1412.0
3081.4785170056093 1410.3521625995625
3092.0 1410.0
3102.7856038589207 1417.3886155689447
3110.0 1424.0
3109.8078598408674 1421.3161439867695
3110.0 1416.0
3118.3672370958748 1414.714520510439
3124.0 1412.0
3115.9887175838835 1402.3967329505977
3106.0 1392.0
3105.7004574008247 1386.9050817859752
3112.0 1386.0
3121.808538011168 1388.172776333552
3132.0 1390.0
3139.4483145321665 1388.0582602127135
3146.0 1386.0
3153.5015747958323 1387.477662390167
3160.0 1392.0
3163.5422366928415 1399.075765446286
3166.0 1402.0
3169.245005047122 1394.0677449321197
3176.0 1386.0
3188.987733024427 1388.5177649609964
3202.0 1394.0
3208.8285968063137 1394.8256653019016
3212.0 1392.0
3214.040686137688 1386.528243227595
3216.0 1384.0
3218.927286367555 1390.0048753325282
3222.0 1396.0
3224.395595656982 1393.4425047772356
3228.0 1388.0
3234.699139690554 1385.3400960040594
3240.0 1386.0
3239.4095661996953 1390.5169191984087
3238.0 1394.0
3240.843463111274 1391.5583888054894
3248.0 1390.0
3259.529655132663 1396.1327479686565
3260.0 1396.0
3233.9786060927545 1375.6451233825721
3208.0 1352.0
3208.5987083108125 1341.9965117359118
3220.0 1340.0
3226.4291440423704 1340.375806201958
3230.0 1340.0
3232.826427434965 1335.7486510523395
3234.0 1332.0
3232.612291347843 1333.1322874840048
3230.0 1334.0
3227.499824477979 1329.4576240436313
3226.0 1326.0
3226.388761784284 1330.1219682542064
3224.0 1336.0
3214.1676048163176 1337.8105664311297
3202.0 1336.0
3192.6056093178095 1331.0146331590147
3188.0 1326.0
3190.1987392768233 1324.1016346147826
3194.0 1322.0
3194.201955021251 1316.3755591522904
3192.0 1312.0
3188.5895305956738 1313.645010471476
3186.0 1316.0
3186.2608614047094 1313.7543780188537
3186.0 1310.0
3181.8453009760715 1307.8287214154016
3178.0 1306.0
3178.6673327388644 1303.2732934887367
3182.0 1302.0
3186.150702590743 1304.5315176521785
3190.0 1306.0
3192.428451716675 1301.5376005981916
3194.0 1300.0
3195.2785871092074 1310.2428787586716
3202.0 1322.0
3219.9000256280838 1325.0051268497791
3236.0 1322.0
3237.32125912229 1315.7263601426537
3234.0 1310.0
3236.1724196381774 1308.6367122942993
3238.0 1308.0
3233.6442230486473 1304.4533660915513
3226.0 1302.0
3217.9622420699416 1304.6430911563934
3214.0 1306.0
3218.582324531705 1299.688086970089
3226.0 1292.0
3230.5438107398295 1289.2283870230722
3232.0 1290.0
3230.1548110293215 1292.9415908914775
3230.0 1296.0
3236.527323084245 1297.1220676280632
3242.0 1296.0
3238.68125046521 1292.3260033401443
3234.0 1288.0
3235.385174124497 1284.921912331071
3238.0 1282.0
3237.0077047878067 1278.1425226734293
3234.0 1276.0
3230.568597148662 1278.2229516283533
3226.0 1280.0
3219.580712320224 1276.5197675564518
3216.0 1270.0
3219.947128929994 1262.6584430329372
3224.0 1258.0
3220.7365140998127 1259.5295742459261
3214.0 1262.0
3207.6337864711295 1260.1641114915074
3206.0 1256.0
3213.4607670734085 1251.4857568050302
3224.0 1250.0
3231.60161108842 1254.9213476783118
3236.0 1260.0
3236.929566396072 1258.9861571250995
3234.0 1254.0
3226.8209905351505 1247.1617095710917
3218.0 1242.0
3210.144490393028 1242.0435854483499
3206.0 1244.0
3208.3120671066836 1244.57677773881
3212.0 1246.0
3211.9831069668703 1250.4957481187894
3208.0 1254.0
3199.7892910920973 1252.4487335484528
3192.0 1248.0
3189.28114648055 1242.811850590494
3188.0 1240.0
3184.5238300246024 1242.680162908584
3180.0 1244.0
3175.5758733718358 1237.1071719580034
3172.0 1230.0
3170.0209297443826 1230.6768053433957
3168.0 1232.0
3164.298548161871 1226.8319959816235
3160.0 1222.0
3156.187781284392 1224.3312187668648
3152.0 1226.0
3146.5747641317794 1219.1806914171889
3142.0 1212.0
3140.3636339249324 1212.584632730004
3138.0 1214.0
3131.243432318629 1209.3115122027875
3124.0 1204.0
3120.1757721632976 1203.5462940532705
3120.0 1206.0
3123.7019347015876 1209.4107234775897
3128.0 1214.0
3129.612619627177 1219.9893650811914
3130.0 1226.0
3130.62234753535 1230.6530860352632
3130.0 1234.0
3126.653295160721 1236.0921187072295
3124.0 1238.0
3125.457881500324 1240.7942017213607
3128.0 1242.0
3128.599415837336 1239.142670964608
3130.0 1238.0
3134.9456234756617 1244.3497724909932
3138.0 1252.0
3133.7268433086947 1254.7586940894334
3128.0 1254.0
3126.693316672172 1251.0980629724063
3126.0 1248.0
3122.1132566582737 1246.652928076129
3120.0 1248.0
3124.627143378186 1252.9843685708197
3130.0 1260.0
3130.1238830726124 1267.4408604989524
3126.0 1272.0
3118.629558186138 1270.3704684354666
3110.0 1268.0
3102.0987678105575 1270.3363288882488
3096.0 1272.0
3092.7778349505143 1267.6115582350424
3090.0 1264.0
3085.2342224863564 1267.9943217014975
3080.0 1272.0
3075.816830131347 1268.4225115559725
3072.0 1264.0
3067.86479672556 1265.4706089626682
3064.0 1268.0
3060.9943895152905 1266.7538346680187
3060.0 1264.0
3062.168866182698 1262.0063830292197
3064.0 1260.0
3061.9924133885243 1257.2078671566633
3060.0 1254.0
3061.876653486159 1250.7464140308011
3066.0 1250.0
3070.747665694521 1254.3136486585308
3074.0 1258.0
3073.637352346716 1255.3716940180148
3072.0 1250.0
3071.428220225185 1245.4561872333818
3078.0 1244.0
3097.7933263021746 1247.8911825816956
3114.0 1250.0
3109.8118219617663 1243.1967172764457
3100.0 1234.0
3099.3357419272265 1228.9285137596307
3102.0 1228.0
3102.173726474876 1231.23220016577
3100.0 1236.0
3095.62189922352 1239.6782852457484
3090.0 1240.0
3084.094878184005 1234.6980883597398
3076.0 1228.0
3063.808831672449 1224.1331845958134
3054.0 1224.0
3053.052131781301 1228.5028040653808
3054.0 1234.0
3049.8783776397486 1236.8499910119026
3046.0 1240.0
3047.677602380213 1246.3972498632043
3052.0 1252.0
3056.0560080789746 1252.7665098088737
3058.0 1252.0
3055.986349145939 1253.0036912835553
3054.0 1256.0
3056.0258970453906 1261.211342489795
3058.0 1266.0
3055.8582685817178 1267.7282537776746
3050.0 1264.0
3040.824491464302 1252.4191348441577
3032.0 1242.0
3027.1947826324713 1241.756937157379
3024.0 1244.0
3020.0068127408704 1241.039242211567
3018.0 1238.0
3020.7643409223083 1240.0076095732188
3024.0 1244.0
3023.407141725282 1246.9151003491206
3020.0 1248.0
3014.792808725999 1246.501788332059
3010.0 1246.0
3007.8360059187253 1250.0741696585253
3006.0 1254.0
3002.1911557616495 1253.0531937167889
2998.0 1248.0
2995.0170595113786 1239.606668040742
2992.0 1232.0
2987.7064871700804 1229.30679803876
2984.0 1230.0
2982.7440174681433 1232.5525437266976
2982.0 1234.0
2979.8294080210626 1231.377939601054
2978.0 1230.0
2978.2795344054834 1235.1798186669791
2978.0 1242.0
2974.493385546039 1245.543148397072
2970.0 1246.0
2966.760152318283 1243.5612909505899
2964.0 1242.0
2960.9457005442637 1245.0891058993896
2960.0 1248.0
2963.565644416137 1245.9040736530733
2970.0 1246.0
2977.660432958915 1255.4864521821703
2984.0 1266.0
2986.4717578303753 1269.177213253905
2986.0 1270.0
2983.5090200588365 1273.4502682943998
2980.0 1276.0
2976.4741218166073 1274.1211769796957
2974.0 1272.0
2973.646249041522 1273.8226698274257
2976.0 1278.0
2981.648383934261 1282.942804055751
2988.0 1286.0
2992.463447352912 1284.5205058380702
2996.0 1284.0
2999.5709319482658 1289.9341609158296
3004.0 1296.0
3010.1109609574924 1295.8745286669518
3016.0 1294.0
3019.7633023067788 1294.8186670824593
3020.0 1298.0
3015.309225201837 1303.213468838293
3010.0 1310.0
3008.3813464822006 1317.900519887783
3010.0 1326.0
3014.40269590496 1333.3834118350096
3016.0 1338.0
3009.2024780880374 1337.7990091021604
3000.0 1340.0
2994.382435566814 1351.8225335520287
2990.0 1362.0
2984.502908511081 1359.2657895856682
2980.0 1354.0
2978.6001133667014 1356.5827289339622
2978.0 1360.0
2975.89641128871 1357.2378368105583
2974.0 1354.0
2974.021418901037 1355.9902502026887
2972.0 1358.0
2963.975075305066 1354.8206619733098
2956.0 1352.0
2954.1281292685635 1355.0857779574526
2954.0 1360.0
2951.2561490835515 1362.6646702819758
2948.0 1362.0
2946.334976230131 1356.9262003506942
2944.0 1352.0
2938.733993535666 1351.7781276138605
2934.0 1352.0
2933.2610625558764 1348.4050339661426
2932.0 1344.0
2925.699631129076 1341.7916685892828
2920.0 1342.0
2920.541150669669 1344.844954498159
2922.0 1348.0
2919.053464852912 1349.1386044217636
2918.0 1350.0
2925.138060212859 1352.3234189712607
2934.0 1356.0
2938.118173869936 1360.9208817506735
2938.0 1366.0
2934.1528965675266 1370.1512905246996
2930.0 1372.0
2928.9644467249054 1370.1713751011307
2926.0 1368.0
2916.060423083042 1368.820458868518
2908.0 1372.0
2910.673014776843 1376.9058716877626
2916.0 1382.0
2915.9014882559004 1385.7443110049076
2912.0 1388.0
2905.918055687756 1388.6282622827914
2900.0 1388.0
2896.590177617565 1386.4861152983435
2896.0 1384.0
2898.5408786068538 1380.455045927148
2900.0 1376.0
2896.1645507413104 1370.7836091387699
2888.0 1368.0
2876.4718169452826 1370.843299240233
2864.0 1374.0
2853.0045475869947 1372.1565954198327
2842.0 1370.0
2829.500897532751 1372.2171282407705
2820.0 1374.0
2817.9900672164986 1370.5406351355443
2818.0 1366.0
2814.5586991682576 1364.5390609459637
2812.0 1364.0
2814.657737773957 1362.2249991886745
2818.0 1360.0
2817.4948741880016 1358.1109439219908
2814.0 1356.0
2808.3730170980343 1353.1093372793812
2802.0 1352.0
2796.2670232237942 1355.233032401722
2792.0 1358.0
2790.0248435591993 1355.4924683102868
2790.0 1354.0
2791.58391542101 1359.8121577365582
2794.0 1366.0
2796.4716639147427 1365.6345852703644
2800.0 1364.0
2805.5861010905373 1366.3803306412556
2810.0 1372.0
2810.0117295420364 1380.083430882102
2810.0 1388.0
2814.3435216572457 1393.1190840661327
2820.0 1398.0
2823.9271405144923 1405.2020647211018
2822.0 1412.0
2810.0936352558033 1415.6685276072562
2796.0 1416.0
2787.5110479506893 1412.7867696353612
2782.0 1410.0
2776.8400770400617 1411.6108545805773
2776.0 1416.0
2783.4484898089413 1421.548102881176
2790.0 1428.0
2786.468984106291 1435.1005281323678
2782.0 1440.0
2785.737605553316 1439.8487283246186
2794.0 1440.0
2803.1053825738136 1445.8071019199213
2808.0 1452.0
2803.6300990037994 1453.3086601558543
2796.0 1454.0
2791.114023403388 1458.3409371449545
2790.0 1464.0
2793.6857605758732 1468.6457169744199
2800.0 1472.0
2806.771413141376 1473.7847610085266
2814.0 1474.0
2814.0 1474.0
