2814.0 1474.0
2815.0 1473.9982654464175
2816.0 1474.0
2817.0 1474.0052036607476
2818.0 1474.0
2819.0 1473.9705125890969
2820.0 1474.0
2820.9999999999995 1474.1717208046712
2822.0 1474.0
2823.0000000000023 1472.9991625828752
2824.0 1472.0
2824.999999999987 1471.8333036980753
2826.0 1472.0
2827.000000000079 1472.0010152286723
2828.0 1472.0
2828.9999999995407 1472.1606049298907
2830.0 1472.0
2831.0000000026757 1471.0353551919827
2832.0 1470.0
2832.999999984405 1469.6272639182125
2834.0 1470.0
2835.000000090893 1471.201061298741
2836.0 1472.0
2836.9999994702343 1471.1663682893404
2838.0 1470.0
2839.0000030877027 1469.8007289652182
2840.0 1470.0
2840.99998200355 1470.0292579193515
2842.0 1470.0
2843.000104890997 1470.023723518672
2844.0 1470.0
2844.999388650471 1469.8284009686165
2846.0 1470.0
2847.00356320618 1471.0058706696304
2848.0 1472.0
2848.9792321124496 1472.1363750136006
2850.0 1472.0
2851.121044119125 1472.1758792487647
2852.0 1472.0
2852.2945031728 1470.8083494938114
2852.0 1470.0
2851.1119368440745 1470.974023788368
2850.0 1472.0
2849.0338757627524 1471.3475077759817
2848.0 1470.0
2846.6848085794127 1468.940929555742
2846.0 1468.0
2846.8572727607725 1467.0069148895664
2848.0 1466.0
2848.171554855953 1465.0175811068611
2848.0 1464.0
2848.113398103509 1462.8875984692675
2848.0 1462.0
2847.148056522996 1461.656828077535
2846.0 1462.0
2844.9982627585186 1463.171433065523
2844.0 1464.0
2842.8623669258927 1463.3145735293272
2842.0 1462.0
2841.827535686126 1460.9411257585143
2842.0 1460.0
2842.1724189573524 1459.0386719195862
2842.0 1458.0
2841.1379505697596 1456.8268427239677
2840.0 1456.0
2838.999877624089 1456.0002717366078
2838.0 1456.0
2836.8627836857086 1455.1715268563867
2836.0 1454.0
2835.82342026166 1452.9705671250742
2836.0 1452.0
2836.1966947443316 1451.005070393169
2836.0 1450.0
2834.99641127235 1448.9990105159116
2834.0 1448.0
2833.8248376215697 1447.0008665113617
2834.0 1446.0
2834.054562998236 1444.9957904159191
2834.0 1444.0
2833.8477843890178 1443.024390993124
2834.0 1442.0
2834.85873066766 1440.8578636253378
2836.0 1440.0
2836.9998316050214 1439.828427254849
2838.0 1440.0
2839.1422797022096 1440.1715728455677
2840.0 1440.0
2840.1464901817217 1439.142135671745
2840.0 1438.0
2839.9787792074594 1436.9756131239621
2840.0 1436.0
2839.980834573524 1435.0041855844822
2840.0 1434.0
2840.1362133513994 1432.9992733691447
2840.0 1432.0
2839.2018853180807 1431.0001742006493
2838.0 1430.0
2836.6524747401163 1428.9996814269603
2836.0 1428.0
2836.883266241222 1427.0017372375903
2838.0 1426.0
2838.047927812553 1424.9898951474984
2838.0 1424.0
2838.829166883458 1423.0588918774201
2840.0 1422.0
2840.977070886699 1420.6567535879803
2842.0 1420.0
2843.308407796349 1421.0005865946966
2844.0 1422.0
2843.172482335207 1421.3397268438398
2842.0 1420.0
2841.65669819241 1418.961052342265
2842.0 1418.0
2842.887328510333 1416.893959102571
2844.0 1416.0
2845.019330745592 1415.6751930423106
2846.0 1416.0
2846.9966870161147 1417.0548826435647
2848.0 1418.0
2849.0005471577188 1417.9955110963015
2850.0 1418.0
2851.0000300375737 1418.972050778627
2852.0 1420.0
2852.999272616839 1420.1721842319373
2854.0 1420.0
2855.0043342613935 1419.9948438297492
2856.0 1420.0
2856.974721814803 1419.858752789568
2858.0 1420.0
2859.147334849788 1420.852639432844
2860.0 1422.0
2860.14126908647 1423.0254106133689
2860.0 1424.0
2860.005050631393 1424.994896886943
2860.0 1426.0
2859.8284271251737 1427.0052080649725
2860.0 1428.0
2861.024386617566 1428.9738547232228
2862.0 1430.0
2862.025253169432 1431.151663595691
2862.0 1432.0
2862.824094365842 1432.1161637026316
2864.0 1432.0
2865.0301806355155 1432.1513541885195
2866.0 1432.0
2866.9948218210643 1430.9757111662523
2868.0 1430.0
2869.0008884380986 1429.9943788139672
2870.0 1430.0
2870.999847550348 1429.0580159499461
2872.0 1428.0
2873.0000262598146 1427.6575254863565
2874.0 1428.0
2874.999994890764 1428.9968311319149
2876.0 1430.0
2877.0000043956024 1430.3614877221562
2878.0 1430.0
2878.9999787356246 1428.8342425351484
2880.0 1428.0
2881.0001231906517 1428.6330570669534
2882.0 1430.0
2882.999282120467 1431.3674150631318
2884.0 1432.0
2885.004184086549 1431.1624525542568
2886.0 1430.0
2886.9756133602405 1429.6578696113286
2888.0 1430.0
2889.14213575201 1430.8903297777724
2890.0 1432.0
2890.1715721277033 1433.0001517220371
2890.0 1434.0
2889.8284314817715 1435.1087598900058
2890.0 1436.0
2890.8578389816666 1436.3472889379289
2892.0 1436.0
2893.024534628229 1434.807506482421
2894.0 1434.0
2894.9949532489604 1434.8076721675454
2896.0 1436.0
2897.005745878011 1436.3464605123067
2898.0 1436.0
2898.9705714829765 1435.1135647586143
2900.0 1434.0
2901.1708252241315 1432.9721509360088
2902.0 1432.0
2902.0044771722364 1431.0535296253333
2902.0 1430.0
2902.8023117424495 1428.706671311992
2904.0 1428.0
2905.1816523730668 1428.7064425027138
2906.0 1430.0
2906.1077740191513 1431.0546736717256
2906.0 1432.0
2906.1717035120246 1432.9655154669322
2906.0 1434.0
2904.8620049087012 1435.1522335266814
2904.0 1436.0
2904.656267035769 1436.1210833729806
2906.0 1436.0
2907.2003928766835 1436.1212662354353
2908.0 1436.0
2908.1413757041287 1435.151319214408
2908.0 1434.0
2907.9513528985444 1432.9708184781182
2908.0 1432.0
2908.150506904606 1431.0237699168838
2908.0 1430.0
2907.145605673819 1428.8865620205793
2906.0 1428.0
2904.9758590524834 1427.6568579596405
2904.0 1428.0
2902.999240011285 1429.1722902215774
2902.0 1430.0
2901.0287008798086 1429.3094007108962
2900.0 1428.0
2898.828554709864 1426.9713055130474
2898.0 1426.0
2897.9999708610103 1424.8627662108202
2898.0 1424.0
2897.171620124079 1423.8520972220324
2896.0 1424.0
2894.9703083945196 1424.024650456986
2894.0 1424.0
2893.0065295088043 1424.0000000360526
2892.0 1424.0
2890.9905145526536 1423.9753493266985
2890.0 1424.0
2889.0503831752753 1424.1479040037552
2888.0 1424.0
2886.7071863956953 1423.1372266507697
2886.0 1422.0
2886.7064984505523 1421.0287360916277
2888.0 1420.0
2889.0538229009926 1418.6903567994655
2890.0 1418.0
2890.970564143494 1418.82912311158
2892.0 1420.0
2893.122792238046 1420.3349045310545
2894.0 1420.0
2894.292682428231 1419.1614497020923
2894.0 1418.0
2893.1211131925697 1416.6963972563908
2892.0 1416.0
2890.980638416352 1416.6601667595626
2890.0 1418.0
2888.995056309319 1419.3426021862344
2888.0 1420.0
2887.049023727736 1419.2842201230308
2886.0 1418.0
2884.710801324267 1416.9520770755807
2884.0 1416.0
2884.686168326664 1415.003317423486
2886.0 1414.0
2887.1721887157514 1413.0280183835048
2888.0 1412.0
2888.2806993788286 1410.8285722754845
2888.0 1410.0
2887.14361501128 1410.000547963589
2886.0 1410.0
2884.8576105534935 1409.1681399429813
2884.0 1408.0
2883.710721667758 1406.990612378522
2884.0 1406.0
2884.8780594399573 1404.8881857858867
2886.0 1404.0
2887.020921692499 1403.6802729061583
2888.0 1404.0
2888.996410405047 1405.0301767771641
2890.0 1406.0
2891.000615877216 1406.1386664308588
2892.0 1406.0
2892.9998943316555 1406.1378246376848
2894.0 1406.0
2895.000018132853 1405.034385743034
2896.0 1404.0
2896.9999968712295 1403.6558609041135
2898.0 1404.0
2899.00000063977 1405.0304488322859
2900.0 1406.0
2900.9999992901503 1406.161446102171
2902.0 1406.0
2903.0000036193296 1406.0008745546886
2904.0 1406.0
2904.999978993874 1405.8333065696995
2906.0 1406.0
2907.000122417428 1406.9992860271159
2908.0 1408.0
2908.9992865015593 1408.1709772676054
2910.0 1408.0
2911.0041585732174 1407.9748503672513
2912.0 1408.0
2912.975762059138 1407.9799205288866
2914.0 1408.0
2915.1412690719544 1408.14562645943
2916.0 1408.0
2916.1766235091363 1407.146320714533
2916.0 1406.0
2915.7989898732267 1404.9764492533723
2916.0 1404.0
2917.0294372515036 1402.9949837652348
2918.0 1402.0
2918.0243866177516 1401.0536481552194
2918.0 1400.0
2918.8242430419896 1398.6831273034484
2920.0 1398.0
2921.0301551303132 1398.8475880240903
2922.0 1400.0
2922.9948261761347 1400.2313445520106
2924.0 1400.0
2925.00088781288 1399.7643446638463
2926.0 1400.0
2926.9998469465845 1401.1825874649119
2928.0 1402.0
2929.0000305076146 1401.140130546683
2930.0 1400.0
2930.9999700077306 1399.9766292549898
2932.0 1400.0
2933.000149446005 1399.000093923377
2934.0 1398.0
2934.999133316245 1398.022807204747
2936.0 1398.0
2937.005050656527 1396.8630628481405
2938.0 1396.0
2938.970562744592 1396.7988157064115
2940.0 1398.0
2941.17157287592 1398.344042913393
2942.0 1398.0
2941.9999999998854 1397.136926813232
2942.0 1396.0
2942.8284271247658 1394.834396207215
2944.0 1394.0
2945.02943725152 1393.8566959434795
2946.0 1394.0
2946.994949366117 1394.0254281319087
2948.0 1394.0
2949.0008665517807 1393.9907352650685
2950.0 1394.0
2950.9998513232013 1394.030160277681
2952.0 1394.0
2953.0000255090135 1393.8283030688463
2954.0 1394.0
2954.9999956227166 1395.0000213092421
2956.0 1396.0
2957.0000007546855 1396.1715690757019
2958.0 1396.0
2958.999999849171 1395.970564236548
2960.0 1396.0
2961.0000001502904 1396.0050455050111
2962.0 1396.0
2962.9999992490884 1395.999162733386
2964.0 1396.0
2965.0000043551818 1395.9999780946748
2966.0 1396.0
2966.999974619822 1396.0009686985663
2968.0 1396.0
2969.000147925887 1395.9942097139283
2970.0 1396.0
2970.9991378248556 1396.0337730178655
2972.0 1396.0
2973.0050251249813 1395.8031521788794
2974.0 1396.0
2974.970711425257 1397.1473139088587
2976.0 1398.0
2977.1707063234767 1397.3129643679686
2978.0 1396.0
2978.005050633884 1394.9748998833297
2978.0 1394.0
2978.798989873223 1392.8376363320535
2980.0 1392.0
2981.2010101267797 1391.9992821243493
2982.0 1392.0
2981.9949493661006 1391.1666709218512
2982.0 1390.0
2982.8292936766193 1389.000692344544
2984.0 1388.0
2985.0292885741846 1386.8291750108842
2986.0 1386.0
2986.994974878273 1386.0242575901502
2988.0 1386.0
2989.0008621561788 1385.0252794482133
2990.0 1384.0
2990.9998521846564 1383.8240657205697
2992.0 1384.0
2993.000024735886 1384.0303262283683
2994.0 1384.0
2994.999999400029 1383.9939769092216
2996.0 1384.0
2996.9999788639398 1384.0058123163033
2998.0 1384.0
2999.000127416331 1383.9711491929597
3000.0 1384.0
3000.9992566380743 1384.1672925259395
3002.0 1384.0
3003.0043327552244 1383.0250956514046
3004.0 1382.0
3004.9747468305795 1381.6821335656327
3006.0 1382.0
3007.1471862612957 1382.8821029547994
3008.0 1384.0
3008.1421356016454 1385.0252487055718
3008.0 1386.0
3008.0000001288327 1386.96640481177
3008.0 1388.0
3007.857863625358 1389.1763224238084
3008.0 1390.0
3008.852818119022 1389.9756606453802
3010.0 1390.0
3011.0252276605142 1390.96971370391
3012.0 1392.0
3012.995815917894 1392.2060571311595
3014.0 1392.0
3014.9998768321225 1391.793943509133
3016.0 1392.0
3017.0049230893737 1393.0302818140433
3018.0 1394.0
3018.9705846316374 1394.0243656066073
3020.0 1394.0
3021.1715691208055 1394.8235245463136
3022.0 1396.0
3022.0000006435293 1397.0344871155116
3022.0 1398.0
3022.8284270180184 1398.9695527606164
3024.0 1400.0
3025.029437248362 1401.1481963207905
3026.0 1402.0
3026.994949491811 1402.1412693146412
3028.0 1402.0
3029.0008658007728 1402.0041877913618
3030.0 1402.0
3030.999855703556 1401.8336039371875
3032.0 1402.0
3032.9999999778925 1402.9941885855146
3034.0 1404.0
3035.0001444290892 1404.2012645497248
3036.0 1404.0
3036.9991334475717 1403.798224116136
3038.0 1404.0
3039.0050548854815 1405.0093907534592
3040.0 1406.0
3040.970537239539 1406.1454313631084
3042.0 1406.0
3043.171721677284 1406.11802106789
3044.0 1406.0
3043.999132696756 1405.146442229553
3044.0 1404.0
3044.833482142181 1403.0033255547928
3046.0 1402.0
3046.9999744501606 1400.8336044416915
3048.0 1400.0
3049.166671156857 1399.9950477950588
3050.0 1400.0
3049.9999986087 1399.1961087879567
3050.0 1398.0
3050.833337190944 1396.8282994772017
3052.0 1396.0
3052.999978245638 1395.8340943488327
3054.0 1396.0
3055.1667933352273 1396.1671344298022
3056.0 1396.0
3055.999261742997 1395.1630990723547
3056.0 1394.0
3056.8376362067893 1392.8542711360715
3058.0 1392.0
3058.9749210162663 1391.7112741112173
3060.0 1392.0
3061.312837695615 1392.8780841966254
3062.0 1394.0
3061.1480528100456 1395.0202207090317
3060.0 1396.0
3059.798845444112 1397.0005915491847
3060.0 1398.0
3060.058874525281 1398.9762299958609
3060.0 1400.0
3059.8479074042 1401.14202847565
3060.0 1402.0
3060.853681049519 1402.1715991502394
3062.0 1402.0
3063.030006298687 1401.8283766229142
3064.0 1402.0
3064.9662811583567 1402.858141112276
3066.0 1404.0
3067.172306751175 1405.0227767034294
3068.0 1406.0
3067.9998783345973 1407.0051986671472
3068.0 1408.0
3068.828423241242 1408.9460312936878
3070.0 1410.0
3071.0295822179523 1411.3186135707265
3072.0 1412.0
3072.9940834510435 1411.1422872819555
3074.0 1410.0
3075.0059170757877 1409.8276627375408
3076.0 1410.0
3076.9704140942326 1409.891736292799
3078.0 1410.0
3079.1715983588174 1410.821919505666
3080.0 1412.0
3079.9999957528635 1413.1767466732053
3080.0 1414.0
3080.828427124001 1414.1176004551016
3082.0 1414.0
3083.0294415031312 1414.1176505961846
3084.0 1414.0
3084.994923857211 1413.1764959677907
3086.0 1412.0
3087.0010153536036 1410.8233735970718
3088.0 1410.0
3088.998984021168 1409.8832624497782
3090.0 1410.0
3091.00508051939 1409.8770517042587
3092.0 1410.0
3092.9705328624923 1410.8544273246694
3094.0 1412.0
3095.171722305657 1412.9963843477249
3096.0 1414.0
3095.9991333035664 1415.1672665889814
3096.0 1416.0
3096.833477872946 1416.0000161183873
3098.0 1416.0
3098.9999994587583 1416.8326367006957
3100.0 1418.0
3101.166525374505 1419.004163677438
3102.0 1420.0
3102.0008482942103 1421.1423812346752
3102.0 1422.0
3102.8283848602314 1422.141548914511
3104.0 1422.0
3105.0288425444023 1422.0083252782588
3106.0 1422.0
3106.9985598733538 1421.8084994159356
3108.0 1422.0
3108.979798215477 1423.1406782261279
3110.0 1424.0
3111.122650833787 1423.347431227297
3112.0 1422.0
3112.2842967818024 1420.7747344100894
3112.0 1420.0
3111.1715684754026 1420.0041623121656
3110.0 1420.0
3108.6862923657836 1419.2002917169166
3108.0 1418.0
3108.7106773298965 1416.7940873863351
3110.0 1416.0
3111.049643654838 1416.0351839650725
3112.0 1416.0
3112.9914607410774 1414.99480882323
3114.0 1414.0
3115.001591898699 1413.9959630955477
3116.0 1414.0
3116.9989878667275 1413.0294126034848
3118.0 1412.0
3119.004480900938 1411.8275612835428
3120.0 1412.0
3120.974126727646 1412.0052196952583
3122.0 1412.0
3123.150758733187 1412.141120544908
3124.0 1412.0
3124.1213208732333 1411.1480570352946
3124.0 1410.0
3124.1213160274147 1408.970537243325
3124.0 1408.0
3123.150782962279 1407.0287195047558
3122.0 1406.0
3120.97398619891 1404.85714572814
3120.0 1404.0
3119.0052998442616 1403.828406126404
3118.0 1404.0
3116.9942147355205 1404.1724175134382
3116.0 1404.0
3115.0294117426147 1403.1370887929677
3114.0 1402.0
3112.8293148087914 1401.0050497287557
3112.0 1400.0
3111.9946994046377 1398.8326128344984
3112.0 1398.0
3111.2024887633806 1397.9992732642538
3110.0 1398.0
3108.7903680150775 1397.1717475799783
3108.0 1396.0
3108.0553031461545 1394.9702412558765
3108.0 1394.0
3106.877813107996 1393.0068048847634
3106.0 1392.0
3106.677818205872 1390.9889294355435
3108.0 1390.0
3109.055277656773 1389.0596185019756
3110.0 1388.0
3110.9905158534903 1386.653359552604
3112.0 1386.0
3113.001627222286 1387.0202241824022
3114.0 1388.0
3114.999720812794 1387.225295352984
3116.0 1386.0
3117.0000479009523 1385.628003699694
3118.0 1386.0
3118.9999917814957 1387.0066824488513
3120.0 1388.0
3121.0000014100724 1388.3319016071976
3122.0 1388.0
3122.99999975807 1387.0019079079634
3124.0 1386.0
3125.000000041509 1385.6566509450215
3126.0 1386.0
3126.9999999928787 1387.058186421908
3128.0 1388.0
3129.000000001222 1387.9942305235304
3130.0 1388.0
3130.99999999979 1388.9764304369091
3132.0 1390.0
3133.000000000039 1390.1471868550152
3134.0 1390.0
3134.9999999999745 1390.1404484329987
3136.0 1390.0
3137.000000000112 1389.0101225469914
3138.0 1388.0
3138.9999999993524 1387.798816285053
3140.0 1388.0
3141.0000000037735 1388.1969797426912
3142.0 1388.0
3142.9999999780107 1387.0193052588008
3144.0 1386.0
3145.0000001281655 1385.6871887045052
3146.0 1386.0
3146.999999252998 1386.8575625141689
3148.0 1388.0
3149.0000043538485 1389.1674362104818
3150.0 1390.0
3150.999974623911 1390.1378202229405
3152.0 1390.0
3153.000147902685 1390.0056424518762
3154.0 1390.0
3154.9991379599787 1389.828325065803
3156.0 1390.0
3157.005024337444 1391.0244071533066
3158.0 1392.0
3158.9707160153584 1392.0252320143584
3160.0 1392.0
3161.170679570403 1392.824200760544
3162.0 1394.0
3162.0052065622226 1395.0295634223776
3162.0 1396.0
3162.798081056262 1396.9984187051896
3164.0 1398.0
3165.2063071002076 1398.979924346484
3166.0 1400.0
3165.964076342495 1401.1220352159053
3166.0 1402.0
3167.009234844826 1402.2878643580834
3168.0 1402.0
3167.980514588552 1401.1507786355946
3168.0 1400.0
3169.1076776238633 1398.8074638283497
3170.0 1398.0
3169.3734196682694 1398.0044383943077
3168.0 1398.0
3166.651804366521 1397.1659058058046
3166.0 1396.0
3166.715754132605 1395.0001267708649
3168.0 1394.0
3169.0536708378513 1392.8333335690058
3170.0 1392.0
3170.962220840287 1391.9998718150996
3172.0 1392.0
3173.1730041204273 1391.1674355403973
3174.0 1390.0
3173.999754437151 1388.9955149425166
3174.0 1388.0
3174.8284692566704 1386.8594748045034
3176.0 1386.0
3177.029430022827 1385.847636230463
3178.0 1386.0
3178.994950606365 1386.0547078127192
3180.0 1386.0
3181.0008663389845 1385.8241168932218
3182.0 1386.0
3182.9998513597293 1387.0005908279495
3184.0 1388.0
3185.0000255026416 1388.1723381390816
3186.0 1388.0
3186.999995624423 1387.9653803375625
3188.0 1388.0
3189.00000075082 1388.035379835544
3190.0 1388.0
3190.999999870656 1387.8223406491736
3192.0 1388.0
3193.000000025244 1389.0305762694147
3194.0 1390.0
3194.9999999778793 1389.9942017343383
3196.0 1390.0
3197.0000001074777 1391.0042133245556
3198.0 1392.0
3198.9999993772544 1391.980518318329
3200.0 1392.0
3201.0000036289966 1393.1126767654723
3202.0 1394.0
3202.999978848766 1393.3434210888377
3204.0 1392.0
3205.000123278405 1390.8267967015029
3206.0 1390.0
3206.999281480803 1389.6957987021458
3208.0 1390.0
3209.0041878367783 1390.9984110856226
3210.0 1392.0
3210.9755914985312 1392.3137347841189
3212.0 1392.0
3213.142263172037 1391.1191802096646
3214.0 1390.0
3214.1708294692494 1388.9711839578938
3214.0 1388.0
3213.8327600124685 1387.0537160429722
3214.0 1386.0
3214.8326104559405 1384.7065197842721
3216.0 1384.0
3217.17157725189 1384.707165251395
3218.0 1386.0
3218.137926032721 1387.050488707359
3218.0 1388.0
3218.0008665517835 1388.9899025044515
3218.0 1390.0
3217.8568746565784 1391.010096265933
3218.0 1392.0
3218.8578855087467 1392.9495198999507
3220.0 1394.0
3220.995812290942 1395.292784334363
3222.0 1396.0
3223.1672407456017 1395.2937740938721
3224.0 1394.0
3224.0007432354505 1392.9445711024043
3224.0 1392.0
3224.828299841698 1391.038799291702
3226.0 1390.0
3227.0294577143623 1388.8226331473838
3228.0 1388.0
3228.9949538721276 1388.0254018239957
3230.0 1388.0
3231.000819052872 1387.0249559086426
3232.0 1386.0
3233.0001318106406 1385.8248627241487
3234.0 1386.0
3234.998390083283 1386.0258677464649
3236.0 1386.0
3237.009527689661 1386.0199307970624
3238.0 1386.0
3238.944443778753 1385.8545474711614
3240.0 1386.0
3241.3238096378223 1386.8527843759707
3242.0 1388.0
3241.112698394316 1389.0287462730148
3240.0 1390.0
3239.999999996284 1390.9747379859418
3240.0 1392.0
3238.887301627983 1393.1228258113356
3238.0 1394.0
3238.6761902358185 1394.288307146046
3240.0 1394.0
3241.055556957105 1393.1473313123888
3242.0 1392.0
3242.9904680215495 1390.8277049796213
3244.0 1390.0
3245.001634913599 1389.8864388098834
3246.0 1390.0
3246.9997224968583 1389.8536621610788
3248.0 1390.0
3249.0000301052523 1390.9915882236437
3250.0 1392.0
3251.0000968716295 1392.196808497059
3252.0 1392.0
3252.999388664971 1391.8275607940018
3254.0 1392.0
3255.0035711385444 1392.8378267389312
3256.0 1394.0
3256.9791845037635 1395.1454787724115
3258.0 1396.0
3259.1213218388766 1396.2893006265995
3260.0 1396.0
3260.2928844629773 1395.118717467992
3260.0 1394.0
3259.1213713832585 1392.9983945654496
3258.0 1392.0
3256.9788872374693 1390.8909151393111
3256.0 1390.0
3255.0053051919267 1389.6561145986848
3254.0 1390.0
3252.989281610974 1391.1723972685804
3252.0 1392.0
3251.059005142231 1391.309501789834
3250.0 1390.0
3248.656687535641 1388.9705919924165
3248.0 1388.0
3249.0008696439236 1386.8669462556675
3250.0 1386.0
3249.33809460082 1385.8277304735798
3248.0 1386.0
3246.9705627511594 1386.1666709028555
3246.0 1386.0
3244.8385288922236 1385.172244109288
3244.0 1384.0
3243.998263895499 1382.7998644414174
3244.0 1382.0
3243.171887734785 1382.0285692422076
3242.0 1382.0
3240.970409695791 1381.0287201053384
3240.0 1380.0
3239.005654090469 1379.7991101257626
3238.0 1380.0
3236.9956657613975 1380.1766191400875
3236.0 1380.0
3235.0203513411498 1379.1411750337138
3234.0 1378.0
3232.8822261917094 1376.9763306576292
3232.0 1376.0
3231.686291508597 1375.0008410205114
3232.0 1374.0
3233.0000247567086 1373.0186232193018
3234.0 1372.0
3234.313559951153 1370.8874196636773
3234.0 1370.0
3233.1186155363735 1369.6568587986349
3232.0 1370.0
3230.974746830607 1371.1714275445129
3230.0 1372.0
3229.0329034799865 1371.3145759342879
3228.0 1370.0
3226.827832289473 1368.9411168497606
3226.0 1368.0
3226.0001027831745 1367.0387229671483
3226.0 1366.0
3225.1715510114814 1364.8265453473498
3224.0 1364.0
3222.9705911479405 1364.0020049487541
3222.0 1364.0
3221.0049021008813 1363.1614249601262
3220.0 1362.0
3218.999996246774 1361.0294452904889
3218.0 1360.0
3216.9951204184736 1358.6619032969406
3216.0 1358.0
3215.029281242385 1358.9991349278685
3214.0 1360.0
3212.8291921272157 1359.3432871358505
3212.0 1358.0
3211.99556599432 1356.9411422570292
3212.0 1356.0
3211.197411906866 1355.009859321974
3210.0 1354.0
3208.8199625644856 1352.999701811126
3208.0 1352.0
3207.8828127062216 1350.9919298112702
3208.0 1350.0
3207.8831611981877 1349.0487193212534
3208.0 1348.0
3208.818220104656 1346.71575426121
3210.0 1346.0
3211.2075181738774 1346.6567551114879
3212.0 1348.0
3211.936670852081 1349.3437150698644
3212.0 1350.0
3213.17245671364 1349.280954469327
3214.0 1348.0
3213.0285888660837 1346.9705581141734
3212.0 1346.0
3212.656010089863 1344.8956968456323
3214.0 1344.0
3215.0353505947437 1343.6552608120326
3216.0 1344.0
3217.1318863416777 1345.1727382821725
3218.0 1346.0
3218.1733313551913 1345.3083094949325
3218.0 1344.0
3217.8281255271763 1342.977404748232
3218.0 1342.0
3218.8579154817535 1340.8272620156754
3220.0 1340.0
3221.0243815823032 1340.0590231577153
3222.0 1340.0
3222.995795024426 1338.818599038033
3224.0 1338.0
3225.0008482711405 1339.029382614087
3226.0 1340.0
3226.9991153487317 1339.0051052774452
3228.0 1338.0
3229.004459636469 1338.939985721242
3230.0 1340.0
3230.9741268324533 1339.3549803951025
3232.0 1338.0
3233.1507793688124 1336.9301319081437
3234.0 1336.0
3234.1211969546735 1335.0642281560374
3234.0 1334.0
3234.1220389031478 1332.6844991556331
3234.0 1332.0
3233.1465696264395 1332.8287769101637
3232.0 1334.0
3230.9985433382144 1334.3428393833851
3230.0 1334.0
3228.862170344273 1333.1141867895262
3228.0 1332.0
3227.8284345961465 1330.9720398794575
3228.0 1330.0
3228.167222078847 1329.0535739337283
3228.0 1328.0
3227.1682329307714 1326.7065165181712
3226.0 1326.0
3224.8233803365233 1326.7073269572452
3224.0 1328.0
3223.891485050087 1329.0495217383593
3224.0 1330.0
3223.827709362955 1330.9955426125994
3224.0 1332.0
3225.1422587721854 1332.9772225860456
3226.0 1334.0
3225.3187380039344 1335.1411218711269
3224.0 1336.0
3222.9453132042127 1336.1760461871934
3222.0 1336.0
3221.0093827707915 1335.8026010057138
3220.0 1336.0
3218.9983901710384 1337.0083477785256
3218.0 1338.0
3217.000276202978 1338.1473123231322
3216.0 1338.0
3214.999952611093 1338.107778282681
3214.0 1338.0
3213.0000081304656 1337.2060179807806
3212.0 1336.0
3210.999998606113 1334.6561138326356
3210.0 1334.0
3209.000000232856 1334.8572990234072
3208.0 1336.0
3206.9999999967495 1336.200092026922
3206.0 1336.0
3204.999999786646 1335.9421488150622
3204.0 1336.0
3203.0000012833734 1336.1470150827054
3202.0 1336.0
3200.999992513116 1335.1757606887052
3200.0 1334.0
3199.000043637929 1332.7984207850645
3198.0 1332.0
3196.9997456593082 1332.0337146009088
3196.0 1332.0
3195.001482406222 1330.999291609483
3194.0 1330.0
3192.9913599033625 1329.970535742193
3192.0 1330.0
3191.0503581736066 1329.17749393736
3190.0 1328.0
3188.706491055 1326.964500633649
3188.0 1326.0
3188.710695496397 1325.0355022607464
3190.0 1324.0
3191.0293359666202 1322.822485801873
3192.0 1322.0
3193.113288703882 1322.029582928017
3194.0 1322.0
3194.2909318100874 1321.000016630026
3194.0 1320.0
3193.141120435592 1319.9703172918262
3192.0 1320.0
3190.8623455763623 1319.1780796190153
3190.0 1318.0
3189.684806106236 1316.9612049940822
3190.0 1316.0
3191.0288177862217 1315.054690416493
3192.0 1314.0
3192.1422871764335 1312.7106525069598
3192.0 1312.0
3192.117459155177 1312.6813945417475
3192.0 1314.0
3191.1529578925047 1315.2009802425555
3190.0 1316.0
3188.9647934897953 1316.112724002919
3188.0 1316.0
3187.0582811687264 1316.1226757399281
3186.0 1316.0
3184.685519497847 1315.151221557511
3184.0 1314.0
3184.8286018441913 1312.9699949150063
3186.0 1312.0
3186.342869437007 1311.028808952451
3186.0 1310.0
3185.1141815337696 1308.8571513702868
3184.0 1308.0
3182.9720413603764 1307.8282828258277
3182.0 1308.0
3181.0535703039723 1308.1731516747468
3180.0 1308.0
3178.706536815792 1307.1328071256921
3178.0 1306.0
3178.707208801276 1305.0300055711023
3180.0 1304.0
3181.050210376552 1302.687159447694
3182.0 1302.0
3182.991528939412 1302.8470377427334
3184.0 1304.0
3185.000615986977 1304.2306140959054
3186.0 1304.0
3187.0047751387256 1303.7692776818353
3188.0 1304.0
3188.970733180672 1305.1537198130832
3190.0 1306.0
3191.170825777244 1305.3084034396647
3192.0 1304.0
3192.0043121558656 1302.9958595489284
3192.0 1302.0
3192.8033012875644 1300.7164392667662
3194.0 1300.0
3195.1758801187507 1300.7055048504744
3196.0 1302.0
3196.1414179999338 1303.0505316303884
3196.0 1304.0
3195.9756118816476 1304.991305367197
3196.0 1306.0
3196.004910710185 1307.0016361664311
3196.0 1308.0
3195.994923857247 1308.998877634217
3196.0 1310.0
3196.0255461463357 1311.0050980282676
3196.0 1312.0
3195.8517992647407 1312.970534196177
3196.0 1314.0
3196.8636582652216 1315.1716967946713
3198.0 1316.0
3198.966251143931 1315.9992850357946
3200.0 1316.0
3201.3388348711924 1316.83259299056
3202.0 1318.0
3201.000739628913 1319.0051570208448
3200.0 1320.0
3200.656727355332 1321.1364648843714
3202.0 1322.0
3203.0588962390957 1322.1760536729275
3204.0 1322.0
3204.9898952100957 1321.8072130780656
3206.0 1322.0
3207.00173250033 1322.9806678586804
3208.0 1324.0
3208.9997097879223 1324.3087797698527
3210.0 1324.0
3211.0000087721387 1323.166653522204
3212.0 1322.0
3213.0002375792465 1320.691299096923
3214.0 1320.0
3214.998565752385 1320.685551896258
3216.0 1322.0
3217.008367906447 1323.195389525531
3218.0 1324.0
3218.9512268089347 1324.1421109505575
3220.0 1324.0
3221.2842712399465 1323.951944771125
3222.0 1324.0
3221.3431457513875 1324.1462204226925
3220.0 1324.0
3218.656854251728 1323.1707326927203
3218.0 1322.0
3218.715728738245 1320.8293834209865
3220.0 1320.0
3221.048773318802 1319.8529667813611
3222.0 1320.0
3222.991631348944 1320.0528158908467
3224.0 1320.0
3225.0014385875365 1319.830137873559
3226.0 1320.0
3226.999737125837 1320.9663568677997
3228.0 1322.0
3229.000138657443 1322.3717209196427
3230.0 1322.0
3230.999430929508 1320.803317614345
3232.0 1320.0
3233.0032757655094 1320.8083733942894
3234.0 1322.0
3234.9809144774363 1322.3464420199198
3236.0 1322.0
3237.1112373698725 1321.1129744861928
3238.0 1320.0
3238.3516613033294 1318.9757110629232
3238.0 1318.0
3236.7787948101527 1317.032759136268
3236.0 1316.0
3236.975569835755 1314.8277341194694
3238.0 1314.0
3237.367786175318 1314.0008361469163
3236.0 1314.0
3234.817713112337 1313.167248999033
3234.0 1312.0
3233.7259351506596 1310.995669858885
3234.0 1310.0
3234.8266759837056 1308.8587318476566
3236.0 1308.0
3237.3140089471062 1307.8519390551764
3238.0 1308.0
3237.2892703336565 1308.0296338212866
3236.0 1308.0
3234.9503690509537 1307.9702580171052
3234.0 1308.0
3233.0085153606215 1308.1488180760834
3232.0 1308.0
3230.998538785319 1307.1368335263946
3230.0 1306.0
3229.000251927465 1305.0301807655478
3228.0 1304.0
3226.9999496498936 1302.6820818803194
3226.0 1302.0
3225.0000501731765 1302.8773279525374
3224.0 1304.0
3222.999749311051 1304.0539504044564
3222.0 1304.0
3221.00145396052 1304.7989696207246
3220.0 1306.0
3218.9915269258317 1307.1522318711955
3218.0 1308.0
3217.0493844844896 1308.2876391521022
3216.0 1308.0
3214.712166167231 1307.1219332161913
3214.0 1306.0
3214.677618512127 1304.9807615507498
3216.0 1304.0
3217.2221227600103 1302.99349747931
3218.0 1302.0
3217.989644927814 1301.0582535733902
3218.0 1300.0
3218.8400076731064 1298.6569810803494
3220.0 1298.0
3220.9703090335497 1298.9998599445141
3222.0 1300.0
3223.338138125595 1299.3438592525658
3224.0 1298.0
3223.000862212876 1296.9369845400897
3222.0 1296.0
3222.656688597147 1295.034233506894
3224.0 1294.0
3225.0590062042443 1292.8576144185447
3226.0 1292.0
3226.9892741773892 1291.8200799818374
3228.0 1292.0
3229.005348731421 1292.2219056904307
3230.0 1292.0
3230.978633434087 1290.8484858755787
3232.0 1290.0
3233.122850664058 1290.6871790560986
3234.0 1292.0
3234.284262581563 1293.0284397878308
3234.0 1294.0
3233.1715738465637 1295.1421822169168
3232.0 1296.0
3230.6862943390524 1296.1184669106672
3230.0 1296.0
3230.710660119121 1296.1470163190806
3232.0 1296.0
3233.049744946225 1294.9994351748492
3234.0 1294.0
3234.99087020353 1293.8563726318248
3236.0 1294.0
3237.005033832597 1293.8623290342034
3238.0 1294.0
3238.9789268008894 1294.9696531629545
3240.0 1296.0
3241.121405362068 1296.3197519880696
3242.0 1296.0
3242.292641026705 1295.1118349086287
3242.0 1294.0
3241.1227484777037 1293.0092385601583
3240.0 1292.0
3238.970868107075 1290.8327337304213
3238.0 1290.0
3237.0520428798463 1289.9943590573125
3236.0 1290.0
3234.716874613847 1289.2011119257031
3234.0 1288.0
3234.646709437072 1286.7989693884679
3236.0 1286.0
3237.40286876372 1286.0050717434895
3238.0 1286.0
3236.936077980609 1285.170600150596
3236.0 1284.0
3236.9806633526296 1282.9713273529346
3238.0 1282.0
3237.179941903617 1281.0014357317968
3236.0 1280.0
3235.9396852256696 1279.0200582562848
3236.0 1278.0
3235.181946742363 1276.878214730496
3234.0 1276.0
3232.96863432015 1275.7106533607403
3232.0 1276.0
3231.006247336737 1276.8578651050636
3230.0 1278.0
3228.9938816594313 1279.1421560088784
3228.0 1280.0
3227.0304627066776 1280.2891988416661
3226.0 1280.0
3224.823342100503 1279.1226509411256
3224.0 1278.0
3224.0294846903053 1276.974895511581
3224.0 1276.0
3222.999749757666 1275.027975989388
3222.0 1274.0
3221.9720167636974 1272.8572485520904
3222.0 1272.0
3221.1681496601495 1271.8285326980701
3220.0 1272.0
3219.0190852754063 1272.1715552594887
3218.0 1272.0
3216.7173386874138 1271.1421357449972
3216.0 1270.0
3216.6768826001135 1268.9756302705277
3218.0 1268.0
3219.2213657119073 1267.0040826318361
3220.0 1266.0
3219.9949231284427 1264.9998739384564
3220.0 1264.0
3220.8090955174343 1262.9966737374266
3222.0 1262.0
3223.1505037669494 1261.0200836369836
3224.0 1260.0
3224.2878818808695 1258.8828244406718
3224.0 1258.0
3223.1222049478347 1257.682969718985
3222.0 1258.0
3220.9788884321233 1259.0193572454173
3220.0 1260.0
3219.004464459428 1260.2008868085127
3218.0 1260.0
3216.994324811309 1259.7753219035062
3216.0 1260.0
3215.02958667272 1261.147181770449
3214.0 1262.0
3212.82815515237 1261.3415874737998
3212.0 1260.0
3212.0014824130585 1258.8032933867528
3212.0 1258.0
3211.1629503692793 1257.838652205684
3210.0 1258.0
3209.0208153712665 1258.1647933791442
3208.0 1258.0
3206.7121574031216 1257.1725875194509
3206.0 1256.0
3206.7062402100046 1254.7996815041506
3208.0 1254.0
3209.050401336853 1254.029323455647
3210.0 1254.0
3210.991351768878 1253.0243777619683
3212.0 1252.0
3213.0014880498793 1251.824409972544
3214.0 1252.0
3214.999719931845 1252.0291624027684
3216.0 1252.0
3217.00019235905 1252.0006156108461
3218.0 1252.0
3218.999125913856 1251.967143932155
3220.0 1252.0
3221.005052157812 1252.1965207962246
3222.0 1252.0
3222.970561139272 1250.8537312904978
3224.0 1250.0
3225.171581006558 1250.6810914607886
3226.0 1252.0
3225.999952821381 1253.0597199447716
3226.0 1254.0
3226.828702065155 1254.9605888705828
3228.0 1256.0
3229.0278347876897 1257.1767468317325
3230.0 1258.0
3231.0042892087054 1257.9789301390226
3232.0 1258.0
3232.946429960076 1258.949672334133
3234.0 1260.0
3235.317131030837 1260.323035856179
3236.0 1260.0
3235.150783854897 1259.1121125287918
3234.0 1258.0
3233.7781658397807 1257.004288971071
3234.0 1256.0
3234.1802211064205 1254.8621536447831
3234.0 1254.0
3233.1405075216976 1253.8227891602307
3232.0 1254.0
3230.9767337633953 1254.2011113938322
3230.0 1254.0
3228.9990898979304 1252.970542476776
3228.0 1252.0
3227.0287268490206 1251.9756337455121
3226.0 1252.0
3224.828549007946 1251.1756550501523
3224.0 1250.0
3223.999979103303 1248.9704359535758
3224.0 1248.0
3223.1715763722364 1247.0017292283942
3222.0 1246.0
3220.9705626632795 1245.019188676059
3220.0 1244.0
3219.005047648088 1242.8831387152525
3218.0 1242.0
3216.9991514481962 1241.6819790324266
3216.0 1242.0
3215.0000436627356 1243.024987090188
3214.0 1244.0
3213.000586575391 1244.1680984264444
3212.0 1244.0
3210.99643688492 1243.9664223511447
3210.0 1244.0
3209.0207921150904 1244.033367466688
3208.0 1244.0
3206.8788104245414 1243.8333728487278
3206.0 1244.0
3205.706345337663 1244.966395440946
3206.0 1246.0
3206.8831175494784 1246.3682545055972
3208.0 1246.0
3208.9949493654667 1244.8240775254712
3210.0 1244.0
3211.1471862577237 1244.6872803415758
3212.0 1246.0
3212.121933088195 1247.0522404250746
3212.0 1248.0
3212.1212152131116 1248.9992771079762
3212.0 1250.0
3211.150775633139 1250.952096927068
3210.0 1252.0
3208.974130988056 1253.2881413296163
3208.0 1254.0
3207.0044384385264 1253.319055095234
3206.0 1252.0
3204.9992383807885 1250.797528098979
3204.0 1250.0
3203.0001312767445 1249.895776310892
3202.0 1250.0
3200.999973958743 1249.8278140356688
3200.0 1250.0
3199.0000249707996 1251.137339475094
3198.0 1252.0
3196.9998762164614 1251.3481491137675
3196.0 1250.0
3195.0007177304333 1248.7737658423016
3194.0 1248.0
3192.99581740094 1248.0092558324222
3192.0 1248.0
3191.024377863924 1247.1706991631647
3190.0 1246.0
3188.857915415515 1244.9665491885894
3188.0 1244.0
3187.8281296429873 1243.0300057052973
3188.0 1242.0
3188.1733067265613 1240.8534165796254
3188.0 1240.0
3187.1320299976437 1239.8494948169507
3186.0 1240.0
3185.0345132875773 1240.0496145186708
3184.0 1240.0
3182.660890276895 1239.852818071025
3182.0 1240.0
3183.0001450510526 1240.8334770551796
3184.0 1242.0
3183.3382394167884 1243.1463195978977
3182.0 1244.0
3180.970418448218 1244.288605357433
3180.0 1244.0
3178.839249893904 1243.1220482575047
3178.0 1242.0
3177.9940821883592 1240.9791050975396
3178.0 1240.0
3177.19625697594 1239.0033211572577
3176.0 1238.0
3174.828375956 1237.0009679589134
3174.0 1236.0
3173.8334872880596 1234.990871089262
3174.0 1234.0
3174.1707003156425 1233.0538055055144
3174.0 1232.0
3173.142310818087 1230.686295877652
3172.0 1230.0
3170.975434775836 1230.8284192285755
3170.0 1232.0
3169.005080526898 1232.3431887508946
3168.0 1232.0
3166.994082062777 1231.1124482660566
3166.0 1230.0
3165.0304270964416 1228.982121652766
3164.0 1228.0
3162.8233553585737 1226.9948218173486
3162.0 1226.0
3162.029440752118 1225.0489474431438
3162.0 1224.0
3161.0000001287235 1222.7114935237896
3160.0 1222.0
3159.970558475543 1222.682091414119
3160.0 1224.0
3159.1766490180207 1225.195957991497
3158.0 1226.0
3156.9695474163336 1226.1421606369
3156.0 1226.0
3155.0060664839766 1225.9510781871031
3154.0 1226.0
3152.994053679806 1226.1513702404818
3152.0 1226.0
3151.0296114371895 1225.1407003700065
3150.0 1224.0
3148.828277697057 1223.0044275394803
3148.0 1222.0
3148.0007223804687 1220.8327343931123
3148.0 1220.0
3147.1673880201315 1219.999166101846
3146.0 1220.0
3144.994949498743 1219.172268995812
3144.0 1218.0
3142.8629149874105 1216.9672199232832
3142.0 1216.0
3141.827560576794 1215.0244114644904
3142.0 1214.0
3142.1717215518274 1212.8863112897752
3142.0 1212.0
3141.1421101122423 1211.6577207968592
3140.0 1212.0
3138.9756177747176 1213.167363929071
3138.0 1214.0
3137.0041832394536 1213.3380956287162
3136.0 1212.0
3134.9992827885667 1210.8040622986318
3134.0 1210.0
3133.000120029149 1209.8375305794927
3132.0 1210.0
3130.9999970365398 1210.1707542244121
3130.0 1210.0
3128.999897751614 1209.1379440740357
3128.0 1208.0
3127.000616453779 1207.0015813313746
3126.0 1206.0
3124.996403525713 1204.8525679377176
3124.0 1204.0
3123.020962391945 1203.8830110423194
3122.0 1204.0
3120.8778221226175 1203.8493658083657
3120.0 1204.0
3119.7121048723493 1205.020794107487
3120.0 1206.0
3120.849548643286 1206.0258695467128
3122.0 1206.0
3123.1906032679344 1206.8239886122374
3124.0 1208.0
3124.0068317491077 1209.0301987798637
3124.0 1210.0
3124.768406237423 1210.9948187085809
3126.0 1212.0
3127.382730826357 1213.0008889686515
3128.0 1214.0
3126.935208804435 1214.9998474795104
3126.0 1216.0
3127.0060163470307 1217.000026154286
3128.0 1218.0
3127.028693113382 1218.9999955947746
3126.0 1220.0
3126.8218249726788 1221.0000002770662
3128.0 1222.0
3128.040357050547 1223.0000027428277
3128.0 1224.0
3128.93603272404 1224.9999832659673
3130.0 1226.0
3130.3434466052113 1227.0000976613678
3130.0 1228.0
3129.003287644691 1228.9994307658258
3128.0 1230.0
3127.6368275266404 1231.0033177436771
3128.0 1232.0
3129.175747195467 1232.9806627721114
3130.0 1234.0
3129.3086893005593 1235.1127056236558
3128.0 1236.0
3126.9721170011794 1236.3431034859555
3126.0 1236.0
3124.858608692365 1234.8286734606118
3124.0 1234.0
3123.876230844632 1234.6848557503731
3124.0 1236.0
3123.884006239844 1237.0621920371502
3124.0 1238.0
3124.819731716302 1238.941992026726
3126.0 1240.0
3127.1976034623412 1241.285855802494
3128.0 1242.0
3127.9946475096485 1241.342873158309
3128.0 1240.0
3128.8345114797667 1238.6569052476511
3130.0 1238.0
3130.998283611751 1238.7156953557837
3132.0 1240.0
3133.1757868497275 1241.0489226176478
3134.0 1242.0
3133.9469952898853 1242.99076893833
3134.0 1244.0
3135.1422414109643 1245.0064637523742
3136.0 1246.0
3135.19955624433 1246.9704485474258
3134.0 1248.0
3133.6604211230556 1249.1708449630703
3134.0 1250.0
3134.8379170173384 1250.004481674152
3136.0 1250.0
3137.312076772915 1250.802264992017
3138.0 1252.0
3137.2896223451708 1253.1819283737468
3136.0 1254.0
3134.950189156062 1254.106164765503
3134.0 1254.0
3133.009242718457 1254.1810830332356
3132.0 1254.0
3130.994354533197 1252.807337035083
3130.0 1252.0
3129.0246300823587 1252.9748947562662
3128.0 1254.0
3126.8578649726514 1253.3432944273195
3126.0 1252.0
3125.8281800817344 1250.9653386798177
3126.0 1250.0
3126.1730545369433 1248.8646734937745
3126.0 1248.0
3125.1334926966083 1247.8466203575356
3124.0 1248.0
3123.0259892834097 1248.0556043610118
3122.0 1248.0
3120.7105716029373 1247.8197534763942
3120.0 1248.0
3120.7105810989697 1249.0258747806233
3122.0 1250.0
3123.0259418032447 1250.0249978398665
3124.0 1250.0
3125.1337680815623 1250.8241381801772
3126.0 1252.0
3126.171449707382 1253.0301730790698
3126.0 1254.0
3125.837533674146 1254.9948233454038
3126.0 1256.0
3126.803348247744 1257.0008868485083
3128.0 1258.0
3129.342376839393 1258.9998555635464
3130.0 1260.0
3129.1423907158996 1260.9999797702144
3128.0 1262.0
3127.8032788652135 1263.0002658151686
3128.0 1264.0
3128.037936092825 1264.998425338774
3128.0 1266.0
3127.9691045778386 1267.009182152187
3128.0 1268.0
3128.147436440144 1268.9464817481044
3128.0 1270.0
3127.146276781302 1271.3119273591874
3126.0 1272.0
3124.9749028720494 1271.1819540967715
3124.0 1270.0
3123.004305986404 1269.596348060184
3122.0 1270.0
3120.9992612095293 1271.2399575421246
3120.0 1272.0
3119.000126756424 1270.9639066870677
3118.0 1270.0
3116.9999782519276 1270.9766023354675
3116.0 1272.0
3115.000003732011 1271.1764793001266
3114.0 1270.0
3112.9999993560073 1269.9645218637738
3112.0 1270.0
3111.000000131946 1269.0363895172309
3110.0 1268.0
3108.999999852318 1267.8171410328405
3108.0 1268.0
3107.0000007541466 1268.0607642857258
3106.0 1268.0
3104.999995622803 1267.818273252804
3104.0 1268.0
3103.0000255090363 1269.0295961974514
3102.0 1270.0
3100.9998513229807 1270.0041495624887
3100.0 1270.0
3099.000866553082 1270.9455064276171
3098.0 1272.0
3096.994949358531 1272.3228118718093
3096.0 1272.0
3095.029437295733 1271.1176223415268
3094.0 1270.0
3092.828426867074 1268.9714540790299
3092.0 1268.0
3092.000001501824 1267.0536531842945
3092.0 1266.0
3091.171564121979 1264.7066268152034
3090.0 1264.0
3088.9706137663015 1264.7065859244842
3088.0 1266.0
3087.004753280212 1267.0538576378917
3086.0 1268.0
3085.0008665524288 1268.9702682481668
3084.0 1270.0
3082.990047405219 1271.124532873108
3082.0 1272.0
3081.058849016262 1272.2825345131862
3080.0 1272.0
3078.656858497212 1271.1802600477754
3078.0 1270.0
3079.0000000004666 1268.6359052001617
3080.0 1268.0
3079.3431414999905 1269.0043087512554
3078.0 1270.0
3076.9411509995934 1269.3382422923066
3076.0 1268.0
3075.0099525024507 1266.9662374949053
3074.0 1266.0
3072.9991339857047 1264.864332738262
3072.0 1264.0
3070.995243583321 1263.8477660755232
3070.0 1264.0
3069.0294045143683 1264.0490708085995
3068.0 1264.0
3066.828329330471 1263.8578090728815
3066.0 1264.0
3066.0006195028072 1264.8040747541115
3066.0 1266.0
3065.167953652688 1267.3177424024498
3064.0 1268.0
3062.9916585810665 1267.289470831191
3062.0 1266.0
3060.8820948609136 1264.945432610404
3060.0 1264.0
3059.715772253455 1263.0379335063853
3060.0 1262.0
3060.82327161836 1260.8269663512826
3062.0 1260.0
3063.344598036383 1260.0002683859184
3064.0 1260.0
3063.10914016334 1259.171423333207
3062.0 1258.0
3062.000560983578 1256.9711916148397
3062.0 1256.0
3060.8874939351913 1255.0014269777557
3060.0 1254.0
3060.6744754052743 1253.0202465186267
3062.0 1252.0
3063.065653633165 1250.8770939104852
3064.0 1250.0
3064.9316027957393 1249.7171900184633
3066.0 1250.0
3067.3447295924025 1250.8197659787356
3068.0 1252.0
3067.0000196498468 1253.3642141091227
3066.0 1254.0
3066.655152508517 1252.9949493665288
3068.0 1252.0
3069.069065299051 1252.6660896917049
3070.0 1254.0
3070.9304556971765 1255.0085124832424
3072.0 1256.0
3073.3482005178876 1257.2828354088415
3074.0 1258.0
3072.9803411954977 1257.2944750637093
3072.0 1256.0
3072.7697523091283 1254.950314208903
3074.0 1254.0
3074.401144949732 1253.003639682874
3074.0 1252.0
3072.8233779924794 1251.027847693854
3072.0 1250.0
3072.658587095392 1248.829274154003
3074.0 1248.0
3075.2250994351716 1247.9965073821295
3076.0 1248.0
3075.9908162935812 1247.1916815532204
3076.0 1246.0
3076.830002803343 1244.853403298548
3078.0 1244.0
3079.0291668863615 1243.6878986554902
3080.0 1244.0
3080.9949958784878 1245.0192047685096
3082.0 1246.0
3083.0008578427123 1246.1968727334527
3084.0 1246.0
3084.9998570652406 1245.7995588307756
3086.0 1246.0
3086.999999765845 1247.0057742818944
3088.0 1248.0
3089.0001443396895 1248.165795477857
3090.0 1248.0
3090.9991341960176 1247.9994528509637
3092.0 1248.0
3093.0050504842056 1247.837487416362
3094.0 1248.0
3094.9705628987485 1248.9756226508657
3096.0 1250.0
3097.171572123304 1250.3087766784452
3098.0 1250.0
3098.000004361427 1249.1717172784645
3098.0 1248.0
3098.8284017081364 1246.6609196507693
3100.0 1246.0
3101.029585389755 1246.8627648169218
3102.0 1248.0
3102.994085953333 1248.1624914477015
3104.0 1248.0
3105.0058988902483 1248.1622864968704
3106.0 1248.0
3106.9705207051784 1246.8637895710772
3108.0 1246.0
3109.1709768786814 1246.6549760766682
3110.0 1248.0
3110.003618022736 1249.2063539689148
3110.0 1250.0
3110.807314984903 1250.1069001098435
3112.0 1250.0
3113.1524920678494 1250.152245372025
3114.0 1250.0
3114.277732608002 1248.9796276580066
3114.0 1248.0
3113.1811122841373 1247.969988679935
3112.0 1248.0
3110.635593687176 1247.200440262383
3110.0 1246.0
3111.005325592808 1244.827369745768
3112.0 1244.0
3111.332452755977 1243.835341263008
3110.0 1244.0
3108.9999578713314 1244.160582676182
3108.0 1244.0
3106.6678000160337 1243.2011626798999
3106.0 1242.0
3106.99324203247 1240.6324412444187
3108.0 1240.0
3107.3727477891503 1241.0041898535883
3106.0 1242.0
3104.77027123263 1241.342419634052
3104.0 1240.0
3104.0056248150704 1238.9412923420998
3104.0 1238.0
3103.19597987695 1237.0098263133493
3102.0 1236.0
3100.818495923232 1234.9997497778054
3100.0 1234.0
3099.893044583659 1232.9916750198195
3100.0 1232.0
3099.8232365748145 1231.0502001032776
3100.0 1230.0
3101.1675359674555 1228.707124360515
3102.0 1228.0
3101.1715476204536 1228.7070537336317
3100.0 1230.0
3099.803178309823 1231.0505532376937
3100.0 1232.0
3100.0093825206104 1232.9896268402058
3100.0 1234.0
3100.140526566519 1235.0116857210712
3100.0 1236.0
3099.1474580802787 1236.940258833367
3098.0 1238.0
3096.9747249518095 1239.3467612787272
3096.0 1240.0
3095.0041922088653 1238.97917349427
3094.0 1238.0
3093.0001217950003 1238.7781977556529
3092.0 1240.0
3090.995077021135 1240.3516399718133
3090.0 1240.0
3089.0294160781914 1239.111962413468
3088.0 1238.0
3086.828426509716 1236.9765855473777
3086.0 1236.0
3086.0000248635133 1235.028524302265
3086.0 1234.0
3085.1714243092056 1232.852268639032
3084.0 1232.0
3082.971429281257 1231.8578638635443
3082.0 1232.0
3081.000000003257 1232.000548179703
3080.0 1232.0
3079.0285706992026 1232.1388470582374
3078.0 1232.0
3076.828575801527 1231.1663694708734
3076.0 1230.0
3075.9999744916367 1228.8629361165217
3076.0 1228.0
3075.171577248655 1227.6560138299951
3074.0 1228.0
3072.970562016435 1229.200980903508
3072.0 1230.0
3071.005050652735 1229.1381007489574
3070.0 1228.0
3068.999134067157 1227.970414602747
3068.0 1228.0
3067.0001449443253 1227.0394116345592
3066.0 1226.0
3064.9999962668917 1225.7931155898973
3064.0 1226.0
3062.9998774543233 1226.2018948260563
3062.0 1226.0
3061.0007390071696 1224.9955154537643
3060.0 1224.0
3058.9956885026613 1223.8250124513588
3058.0 1224.0
3057.0251299768634 1224.0544098380828
3056.0 1224.0
3054.8535316361576 1223.8485285201436
3054.0 1224.0
3053.853680206188 1224.8544190410557
3054.0 1226.0
3054.024387126714 1227.0249572335233
3054.0 1228.0
3053.9999970335293 1228.9958375578058
3054.0 1230.0
3053.9756306721115 1231.000017419643
3054.0 1232.0
3054.1462189338035 1233.004057924336
3054.0 1234.0
3053.1470557250705 1234.9756350343416
3052.0 1236.0
3050.9714467157764 1237.1421318696143
3050.0 1238.0
3049.024263980271 1238.171573747973
3048.0 1238.0
3046.8829694025985 1237.828425642549
3046.0 1238.0
3045.677919604138 1238.8578723967344
3046.0 1240.0
3047.049512972572 1241.0243399770445
3048.0 1242.0
3048.025002560431 1242.996087740998
3048.0 1244.0
3048.800471664844 1244.9991335769664
3050.0 1246.0
3051.1721674505075 1247.0091107972034
3052.0 1248.0
3052.1665236321123 1248.9462016398138
3052.0 1250.0
3051.8286907568186 1251.3136793639146
3052.0 1252.0
3052.8613318269745 1251.171722176699
3054.0 1250.0
3055.0033182813327 1249.6559875758926
3056.0 1250.0
3057.1187584850286 1250.8923523679464
3058.0 1252.0
3058.284130808497 1252.9898982164286
3058.0 1254.0
3057.176456663991 1255.168258333482
3056.0 1256.0
3054.6571292075596 1256.0005517826794
3054.0 1256.0
3054.880768090654 1256.8284309704418
3056.0 1258.0
3056.058262248519 1259.028862394669
3056.0 1260.0
3056.7696584182313 1260.9983946615437
3058.0 1262.0
3059.323787242093 1262.9807696360695
3060.0 1264.0
3059.2876181292095 1265.11698752204
3058.0 1266.0
3056.95050398265 1266.3173052316897
3056.0 1266.0
3055.0093579748914 1264.9791810878216
3054.0 1264.0
3052.993348168004 1263.8076082413804
3052.0 1264.0
3051.0305530170845 1264.175169463896
3050.0 1264.0
3048.823333729488 1263.141374975244
3048.0 1262.0
3048.029444605988 1260.9765806846408
3048.0 1260.0
3046.999998634584 1258.999140916913
3046.0 1258.0
3045.9705635865093 1257.0285738138814
3046.0 1256.0
3045.1766198463615 1254.8294161997983
3044.0 1254.0
3042.9697173353215 1253.9949289873296
3042.0 1254.0
3041.0050761417115 1253.2010098762246
3040.0 1252.0
3038.9998258144096 1250.7990117553236
3038.0 1250.0
3036.9959689718303 1250.0049195918348
3036.0 1250.0
3035.0243603546096 1249.171470693669
3034.0 1248.0
3032.8578689005117 1246.9662562461522
3032.0 1246.0
3031.828426242322 1245.0309918294183
3032.0 1244.0
3032.1715736455562 1242.8477927773372
3032.0 1242.0
3031.1421318843413 1241.8822515065576
3030.0 1242.0
3028.975635048396 1241.8586981833164
3028.0 1242.0
3027.0040578252847 1242.9655593935454
3026.0 1244.0
3025.000017999898 1244.3479454554122
3024.0 1244.0
3022.995834175331 1242.9467678739811
3022.0 1242.0
3021.0249769481206 1241.9714473007016
3020.0 1242.0
3018.8543041359476 1241.2245483218107
3018.0 1240.0
3017.8491982361948 1238.6812627684358
3018.0 1238.0
3018.0505064468857 1238.6878750675753
3018.0 1240.0
3017.8477630824937 1241.1914868261124
3018.0 1242.0
3018.8629150581546 1242.1632039757496
3020.0 1242.0
3020.9747465685796 1241.8292893193898
3022.0 1242.0
3023.2886055303693 1242.8610601079126
3024.0 1244.0
3023.2936202492056 1245.0043500331344
3022.0 1246.0
3020.9496729743964 1247.1128396932813
3020.0 1248.0
3019.0083419044136 1248.3186118071787
3018.0 1248.0
3017.000275599122 1246.9754894636471
3016.0 1246.0
3014.990004500858 1245.8284514109382
3014.0 1246.0
3013.059697395732 1246.053802070724
3012.0 1246.0
3010.6518111247487 1245.848736164718
3010.0 1246.0
3011.0294358557767 1246.8537809409677
3012.0 1248.0
3011.171573740594 1249.0285781894752
3010.0 1250.0
3009.94112170066 1250.9747499221814
3010.0 1252.0
3009.181696055445 1253.1229222774368
3008.0 1254.0
3006.968701966667 1254.2877164131978
3006.0 1254.0
3005.0060921445515 1253.1507792433772
3004.0 1252.0
3002.9947451660237 1250.8076081265388
3002.0 1250.0
3001.025436859308 1250.0035719973905
3000.0 1250.0
2998.8526336781306 1249.1709598891184
2998.0 1248.0
2997.858761071908 1246.9706686678987
2998.0 1246.0
2997.994799890423 1245.0050281034905
2998.0 1244.0
2998.1724395855545 1242.9991627111594
2998.0 1242.0
2996.970562596252 1240.9999956295533
2996.0 1240.0
2996.0041848369347 1239.0008635115214
2996.0 1238.0
2995.0043283821396 1236.9948233013201
2994.0 1236.0
2993.969844870226 1235.0301966805594
2994.0 1234.0
2993.176602396502 1232.8239966153237
2992.0 1232.0
2990.9705407507627 1232.0258236274979
2990.0 1232.0
2989.000153098926 1231.0210616196896
2988.0 1230.0
2987.0285406556814 1229.847806654366
2986.0 1230.0
2984.828602966986 1229.8920984541148
2984.0 1230.0
2983.999841542401 1230.7996026209448
2984.0 1232.0
2983.1723477786063 1233.3102858202164
2982.0 1234.0
2980.9660717859615 1233.3386824577574
2980.0 1232.0
2979.0312215056256 1230.6576194332401
2978.0 1230.0
2976.8465991802827 1230.7156009428036
2976.0 1232.0
2975.889183412677 1233.048774909939
2976.0 1234.0
2975.8183003436534 1234.9917495975624
2976.0 1236.0
2977.2010145254035 1237.0007275046873
2978.0 1238.0
2976.9756125039266 1239.0038853743142
2976.0 1240.0
2976.9453104510358 1240.9759602494269
2978.0 1242.0
2977.352524789856 1243.1403531291237
2976.0 1244.0
2974.939540809826 1244.181920975831
2974.0 1244.0
2973.0102303511876 1243.7681210158908
2972.0 1244.0
2970.9990770830477 1245.209352928824
2970.0 1246.0
2968.9953071505256 1244.9757614111643
2968.0 1244.0
2967.0290800137986 1244.9360786041898
2966.0 1246.0
2964.830212766683 1245.4077669636968
2964.0 1244.0
2963.9896433861063 1242.6173196136308
2964.0 1242.0
2963.23192691668 1242.8883153545198
2962.0 1244.0
2960.6187951138127 1244.0527882592514
2960.0 1244.0
2961.0553024004457 1244.7949550899725
2962.0 1246.0
2961.049390483513 1247.1774812009148
2960.0 1248.0
2960.6483546984773 1248.140157704539
2962.0 1248.0
2963.060481325626 1247.9815725718522
2964.0 1248.0
2964.988757347768 1247.9704068643473
2966.0 1248.0
2967.0069745877668 1248.1959862420626
2968.0 1248.0
2968.969395125632 1246.853675683277
2970.0 1246.0
2971.176654658441 1246.681959658275
2972.0 1248.0
2971.9706769237227 1249.0545663670714
2972.0 1250.0
2972.999283799222 1250.9906421392957
2974.0 1252.0
2974.033620280944 1253.0015807971536
2974.0 1254.0
2974.798994515117 1254.999873077783
2976.0 1256.0
2977.1724126283552 1256.9991807361512
2978.0 1258.0
2978.1665297147524 1259.0050425053105
2978.0 1260.0
2977.828409083131 1260.970564231985
2978.0 1262.0
2978.8630157864613 1263.1715721027801
2980.0 1264.0
2980.9934961981035 1264.0000031513346
2982.0 1264.0
2983.17600702492 1264.828408989212
2984.0 1266.0
2983.950461652375 1267.0295429133935
2984.0 1268.0
2985.12122306083 1268.9943335304267
2986.0 1270.0
2985.3221999826465 1271.004455904047
2984.0 1272.0
2982.9455770432896 1272.9789310452925
2982.0 1274.0
2981.0043377576167 1275.1219578241987
2980.0 1276.0
2979.0283964110126 1276.289322009517
2978.0 1276.0
2976.8252837763075 1275.142110118701
2976.0 1274.0
2976.01990093114 1272.8580172782777
2976.0 1272.0
2975.0553106368516 1271.7097862116336
2974.0 1272.0
2973.648235247753 1272.883265451921
2974.0 1274.0
2975.0552778766314 1274.9906210768404
2976.0 1276.0
2976.02009749246 1277.173008087037
2976.0 1278.0
2976.8241371686095 1277.9713304009392
2978.0 1278.0
2979.035079495885 1278.9990095073285
2980.0 1280.0
2980.9653858560814 1280.034612555089
2982.0 1280.0
2983.1726053676293 1280.7933151621373
2984.0 1282.0
2983.998981938146 1283.2054964720874
2984.0 1284.0
2984.833503003496 1283.9737060053394
2986.0 1284.0
2987.0000000408772 1284.9522674958769
2988.0 1286.0
2989.1664967512397 1286.3126890193998
2990.0 1286.0
2990.0010194516817 1285.1715983877248
2990.0 1284.0
2990.827386538668 1282.6577206542524
2992.0 1282.0
2993.0346613163083 1282.8820776867597
2994.0 1284.0
2994.9646455634793 1284.0498132251896
2996.0 1284.0
2997.177465302816 1284.8190429621022
2998.0 1286.0
2997.9705626196246 1287.0359290021968
2998.0 1288.0
2998.9991589794367 1288.9653830247169
3000.0 1290.0
3000.034483503756 1291.171772849501
3000.0 1292.0
3000.793939998028 1292.0039798782761
3002.0 1292.0
3003.2018765080793 1292.8043478808422
3004.0 1294.0
3003.9948009534996 1295.1699328366722
3004.0 1296.0
3004.829317770924 1296.1760550991262
3006.0 1296.0
3007.02929242096 1295.7737365685718
3008.0 1296.0
3008.9949277033184 1297.1815254894432
3010.0 1298.0
3011.00114135913 1297.1371104947693
3012.0 1296.0
3012.998224141902 1295.9958115419413
3014.0 1296.0
3015.0095137894573 1294.8880202535838
3016.0 1294.0
3016.944693121355 1294.6760669365551
3018.0 1296.0
3019.3223274824113 1297.055578127085
3020.0 1298.0
3019.1213419841806 1298.990464300935
3018.0 1300.0
3017.9496206125086 1301.0016360673062
3018.0 1302.0
3017.180934340766 1302.9997192952283
3016.0 1304.0
3014.9647733428965 1305.0000481613247
3014.0 1306.0
3013.0304256018544 1306.9999917368232
3012.0 1308.0
3010.8526730459776 1309.0000014177367
3010.0 1310.0
3009.85353612228 1310.999999756758
3010.0 1312.0
3010.026110220344 1313.0000000417176
3010.0 1314.0
3009.9898025556613 1314.9999999929375
3010.0 1316.0
3010.0350744456937 1317.000000000658
3010.0 1318.0
3009.7997507701784 1319.0000000031157
3010.0 1320.0
3011.166420933234 1320.9999999806491
3012.0 1322.0
3011.2017236304196 1323.0000001129897
3010.0 1324.0
3009.6232372842496 1324.9999993414121
3010.0 1326.0
3011.058852664082 1327.0000038385379
3012.0 1328.0
3012.0236467312584 1328.9999776273617
3012.0 1330.0
3012.7992669483683 1331.0001303972936
3014.0 1332.0
3015.180751578535 1332.999239988878
3016.0 1334.0
3016.1162235804227 1335.00442966944
3016.0 1336.0
3016.1219069389267 1336.9741819944823
3016.0 1338.0
3015.1523347860175 1339.1504783636674
3014.0 1340.0
3012.9640843449693 1340.1229478235146
3012.0 1340.0
3011.0631591441693 1340.1118346952462
3010.0 1340.0
3008.6569607900165 1339.20604400501
3008.0 1338.0
3008.9950761157315 1336.6519012746958
3010.0 1336.0
3009.372582515594 1336.882548346818
3008.0 1338.0
3006.7694287907043 1338.0528086443978
3006.0 1338.0
3006.010844740177 1338.8005997867947
3006.0 1340.0
3005.1655027682327 1341.143592634834
3004.0 1342.0
3002.9961386504297 1342.337844404201
3002.0 1342.0
3000.8576653291902 1340.8293409399598
3000.0 1340.0
2999.857869374429 1340.6861099560401
3000.0 1342.0
2999.995118424238 1343.053999323799
3000.0 1344.0
3000.171420080145 1344.9898941011663
3000.0 1346.0
2998.9763610948944 1347.0066360692038
2998.0 1348.0
2997.9704133504906 1348.9702894836114
2998.0 1350.0
2997.2011588021633 1351.1716270291272
2996.0 1352.0
2994.822633836533 1351.9999483416248
2994.0 1352.0
2993.863038178643 1352.828682921125
2994.0 1354.0
2993.9991370916123 1355.027954131626
2994.0 1356.0
2994.1421392716866 1357.003592289119
2994.0 1358.0
2993.148027278273 1358.9504921336606
2992.0 1360.0
2990.9696970586783 1361.2934549089168
2990.0 1362.0
2989.033790369659 1361.2887784128382
2988.0 1360.0
2986.8275607233713 1358.9738746140542
2986.0 1358.0
2986.0008452901166 1356.8679739028362
2986.0 1356.0
2985.1673675359334 1355.8182819689287
2984.0 1356.0
2982.9949494942857 1356.2223342835919
2982.0 1356.0
2980.862935498353 1354.8477123295206
2980.0 1354.0
2979.827437515596 1354.6913917392853
2980.0 1356.0
2980.172439408069 1357.0039372347678
2980.0 1358.0
2979.137926035991 1359.2849848521082
2978.0 1360.0
2977.000004375985 1359.2861536525834
2976.0 1358.0
2974.8620477080995 1356.998093232392
2974.0 1356.0
2973.8277093754205 1354.7252869530662
2974.0 1354.0
2974.1716960393796 1354.6501850492125
2974.0 1356.0
2973.1421143883017 1357.3736027516602
2972.0 1358.0
2970.975617630811 1357.1081984408265
2970.0 1356.0
2969.004179826833 1355.9772066033806
2968.0 1356.0
2966.9993034081926 1355.0285619388892
2966.0 1354.0
2964.9999997240157 1353.8514217632846
2964.0 1354.0
2963.000698247716 1353.862907481403
2962.0 1354.0
2960.995810789689 1354.9711333482974
2960.0 1356.0
2959.0244370141504 1356.3102924288141
2958.0 1356.0
2956.857567125409 1355.1671120788192
2956.0 1354.0
2955.8301602333977 1352.6870350982722
2956.0 1352.0
2956.1614714742072 1352.7106773315488
2956.0 1354.0
2955.201010921359 1355.0489009124358
2954.0 1356.0
2952.632462997638 1356.995917193837
2952.0 1358.0
2953.0042110928143 1358.9755959245438
2954.0 1360.0
2953.342270445478 1361.1505072589018
2952.0 1362.0
2950.942166234318 1362.1213605220466
2950.0 1362.0
2949.004732148615 1362.12132960882
2948.0 1362.0
2947.0294408739933 1361.150661825035
2946.0 1360.0
2944.8186226074267 1358.9746994409707
2944.0 1358.0
2944.0588234814477 1357.0011415291426
2944.0 1356.0
2942.828436503886 1355.0184513841746
2942.0 1354.0
2942.9705574952354 1352.8881501658097
2944.0 1352.0
2943.3482185247008 1351.6526476209683
2942.0 1352.0
2940.9401313565604 1353.1959641083827
2940.0 1354.0
2939.010993335939 1353.171567728738
2938.0 1352.0
2936.9939086278046 1351.774629519191
2936.0 1352.0
2935.025554897233 1352.1806551561172
2934.0 1352.0
2932.8527619887986 1351.1414395441052
2932.0 1350.0
2931.8578731699777 1348.9707075792512
2932.0 1348.0
2931.999998991336 1347.034314980388
2932.0 1346.0
2932.142132882009 1344.8234025384204
2932.0 1344.0
2931.1472037166154 1344.025269789089
2930.0 1344.0
2928.9746448183 1343.024978727046
2928.0 1342.0
2927.004927373585 1341.8248578486366
2926.0 1342.0
2924.995790940193 1342.0258741811347
2924.0 1342.0
2923.020326985259 1342.0198970645552
2922.0 1342.0
2920.882247148254 1341.8547434315342
2920.0 1342.0
2919.6861901252178 1342.8516423462388
2920.0 1344.0
2921.0006121004376 1345.0354024910343
2922.0 1346.0
2922.3101372721553 1346.935942707557
2922.0 1348.0
2921.138564266633 1349.348941263625
2920.0 1350.0
2918.858477128051 1348.970409710694
2918.0 1348.0
2917.710572965061 1348.8286004722113
2918.0 1350.0
2918.8780850815847 1350.0579874560385
2920.0 1350.0
2921.0209165454303 1350.823474791559
2922.0 1352.0
2922.9964156458336 1353.001163794609
2924.0 1354.0
2925.000589579572 1355.1695424407872
2926.0 1356.0
2927.000046876737 1355.981581560669
2928.0 1356.0
2928.9991291600063 1356.9409681952002
2930.0 1358.0
2931.0051781632264 1358.3726092681295
2932.0 1358.0
2932.969801860637 1356.823376196024
2934.0 1356.0
2935.1760106729516 1356.687133555728
2936.0 1358.0
2935.9741341016525 1359.053822469608
2936.0 1360.0
2936.9791847171336 1360.9899316266242
2938.0 1362.0
2938.1507575955447 1363.006587770647
2938.0 1364.0
2938.116269709599 1364.970541749493
2938.0 1366.0
2937.151624146867 1367.1701617323952
2936.0 1368.0
2934.973985409199 1368.0084878561368
2934.0 1368.0
2933.0044633979387 1368.7789111307848
2932.0 1370.0
2930.9992342031683 1371.3180453591544
2930.0 1372.0
2929.0001313830526 1371.3128167142893
2928.0 1370.0
2926.999977498518 1368.80505435511
2926.0 1368.0
2925.0000036258375 1367.8568571550506
2924.0 1368.0
2923.000000746455 1368.0538027145876
2922.0 1368.0
2920.9999918954313 1367.8203265574257
2920.0 1368.0
2919.000047880957 1369.0242379408596
2918.0 1370.0
2916.999720818828 1370.0342457974166
2916.0 1370.0
2915.0016272060775 1370.7702872746404
2914.0 1372.0
2912.9905159447067 1373.344030554741
2912.0 1374.0
2911.0552771256835 1373.165529396913
2910.0 1372.0
2908.6778213011958 1371.6627930637815
2908.0 1372.0
2908.8777950671447 1372.8577122203994
2910.0 1374.0
2910.0554082959375 1375.1909336138228
2910.0 1376.0
2910.7897551572314 1375.9966860966642
2912.0 1376.0
2913.2060607606736 1376.8289498061924
2914.0 1378.0
2913.973880278727 1379.0296150661818
2914.0 1380.0
2914.9506575669657 1380.9933597967167
2916.0 1382.0
2916.3221743194763 1383.0102261535183
2916.0 1384.0
2915.116296516175 1384.9452832821744
2914.0 1386.0
2912.980046583472 1387.3180741534368
2912.0 1388.0
2911.003423982992 1387.1462717972056
2910.0 1386.0
2908.999409518575 1385.8042950633303
2908.0 1386.0
2907.000118905559 1386.0279578228146
2906.0 1386.0
2904.999877048073 1386.0279579997832
2904.0 1386.0
2903.0006188060024 1385.8042941784859
2902.0 1386.0
2900.996410115915 1387.146276929302
2900.0 1388.0
2899.0209204985094 1387.3180442457017
2898.0 1386.0
2896.8780668930267 1384.9454575964885
2896.0 1384.0
2895.7106781433304 1383.0092101753687
2896.0 1382.0
2896.857864246992 1380.9992813513004
2898.0 1380.0
2899.1421363747186 1378.9951017168291
2900.0 1378.0
2900.2893175046966 1377.0301083477239
2900.0 1376.0
2899.121958597102 1374.8242481968273
2898.0 1374.0
2896.978930912689 1374.0244024713124
2896.0 1374.0
2895.0044559267635 1373.0293369752972
2894.0 1372.0
2892.99433352673 1371.7995756769055
2892.0 1372.0
2891.0295429128573 1372.173208963272
2890.0 1372.0
2888.828408996127 1371.1611705434643
2888.0 1370.0
2888.000003110379 1368.8597677759412
2888.0 1368.0
2887.171572341597 1367.6802228008883
2886.0 1368.0
2884.970562840038 1369.0588954187306
2884.0 1370.0
2883.0050506181738 1369.9664046867292
2882.0 1370.0
2880.999133450918 1371.1426764608943
2880.0 1372.0
2879.0001486763176 1371.1775365479057
2878.0 1370.0
2876.9999744911765 1369.7921042516714
2876.0 1370.0
2875.000004376622 1370.0698379420655
2874.0 1370.0
2872.9999992490903 1369.7888680959359
2872.0 1370.0
2871.000000128836 1371.1969534823193
2870.0 1372.0
2868.9999999778956 1371.0294110101486
2868.0 1370.0
2867.0000000037926 1370.6265804567893
2866.0 1372.0
2864.9999999993497 1373.2111062491153
2864.0 1374.0
2863.000000000112 1374.106782048519
2862.0 1374.0
2860.999999999981 1374.14820145977
2860.0 1374.0
2859.0000000000036 1373.0040091928602
2858.0 1372.0
2856.9999999999995 1371.827743383068
2856.0 1372.0
2855.0 1372.0295305087297
2854.0 1372.0
2853.0 1371.995073564552
2852.0 1372.0
2851.0 1372.000028103956
2850.0 1372.0
2849.0 1372.0047578117108
2848.0 1372.0
2847.0000000000005 1371.9714250257794
2846.0 1372.0
2844.9999999999977 1372.1666920336133
2844.0 1372.0
2843.0000000000127 1371.0284227725413
2842.0 1370.0
2840.999999999927 1369.6627713311395
2840.0 1370.0
2839.0000000004275 1370.9949492406222
2838.0 1372.0
2836.99999999751 1372.3675332251273
2836.0 1372.0
2835.0000000145174 1370.799851408614
2834.0 1370.0
2832.999999915387 1370.8333583231902
2832.0 1372.0
2831.0000004931608 1372.1999986522442
2830.0 1372.0
2828.9999971256475 1371.9666497633436
2828.0 1372.0
2827.000016752955 1372.0001027676935
2826.0 1372.0
2824.9999023566234 1372.0327336304945
2824.0 1372.0
2823.0005691073075 1371.8034954493396
2822.0 1372.0
2820.9966829995356 1373.146293673469
2820.0 1374.0
2819.019332895482 1373.3187425098467
2818.0 1372.0
2816.8873196275745 1370.941251267451
2816.0 1370.0
2815.6567493390703 1369.0337498854474
2816.0 1368.0
2817.1721843380055 1366.8562494198654
2818.0 1366.0
2817.310144632898 1365.8287535953614
2816.0 1366.0
2814.9669478646074 1366.1712290079663
2814.0 1366.0
2812.8881681794574 1365.1438723568403
2812.0 1364.0
2811.7040430586476 1362.9655368509925
2812.0 1362.0
2812.887573468657 1361.0629065372054
2814.0 1360.0
2814.9705161294123 1358.6570239257753
2816.0 1358.0
2817.2893297548694 1358.9949499081426
2818.0 1360.0
2817.293505341372 1359.3732766253681
2816.0 1358.0
2814.9496381968984 1356.7653903396488
2814.0 1356.0
2813.008665477238 1356.034381336739
2812.0 1356.0
2810.9983689396736 1355.0283216399164
2810.0 1354.0
2809.001120884722 1353.7956888237625
2808.0 1354.0
2806.994905751999 1354.1975454175085
2806.0 1354.0
2805.029444603288 1353.0190386711852
2804.0 1352.0
2802.8284266282726 1351.6882225553807
2802.0 1352.0
2801.999995627077 1352.8516259965315
2802.0 1354.0
2801.1715996092667 1355.2020214654308
2800.0 1356.0
2798.9704067173243 1355.9362452108849
2798.0 1356.0
2797.0059600867876 1357.1805072692598
2796.0 1358.0
2794.993832761951 1356.980711173556
2794.0 1356.0
2793.0310433415066 1356.935225689403
2792.0 1358.0
2790.8199071890112 1357.407934690024
2790.0 1356.0
2790.0495135244287 1354.617166170453
2790.0 1354.0
2788.8830116644176 1354.8890682872593
2788.0 1356.0
2788.6524164890675 1356.0484241059917
2790.0 1356.0
2791.2024894011793 1356.8203870767907
2792.0 1358.0
2792.1326471038587 1359.029253433265
2792.0 1360.0
2792.00162797567 1361.0040923236197
2792.0 1362.0
2791.857585042121 1362.946192625017
2792.0 1364.0
2792.852861771602 1365.3187519262788
2794.0 1366.0
2795.025244328266 1365.1412958173107
2796.0 1364.0
2796.9956722588017 1363.8334731698583
2798.0 1364.0
2799.0007221189253 1363.8578651635407
2800.0 1364.0
2800.9999950276488 1365.0193358488984
2802.0 1366.0
2802.999307715183 1366.0261197430689
2804.0 1366.0
2805.004158681253 1366.8239456926883
2806.0 1368.0
2806.975740197299 1369.0302061008015
2808.0 1370.0
2809.1414001349567 1370.994817702504
2810.0 1372.0
2810.175858992964 1373.0008876841757
2810.0 1374.0
2809.8034459072614 1374.9998561924413
2810.0 1376.0
2811.00346556347 1376.999975161176
2812.0 1378.0
2812.1757607119193 1379.0002928405029
2812.0 1380.0
2811.941970165014 1380.9982677958074
2812.0 1382.0
2812.1724182979992 1383.0101003846535
2812.0 1384.0
2811.023520046992 1384.9411298962723
2810.0 1386.0
2809.6864614200495 1387.3431202377137
2810.0 1388.0
2810.8577114327127 1387.0001486774472
2812.0 1386.0
2813.1672699836727 1386.655987697604
2814.0 1388.0
2814.13866866525 1389.0639251369291
2814.0 1390.0
2814.0007180248276 1390.9604614808218
2814.0 1392.0
2813.857023185786 1393.1733059781413
2814.0 1394.0
2814.857142860457 1393.9997026503306
2816.0 1394.0
2817.0001196514745 1394.8284781198754
2818.0 1396.0
2819.1421392306984 1397.029428630417
2820.0 1398.0
2820.1470449643357 1398.9949500976227
2820.0 1400.0
2819.9755909832847 1401.0008707838479
2820.0 1402.0
2819.999409135954 1402.9998251992904
2820.0 1404.0
2820.027954200992 1405.0001780204102
2820.0 1406.0
2819.832865658096 1406.9991066782493
2820.0 1408.0
2820.974851850432 1409.0051819100947
2822.0 1410.0
2822.3180232393106 1410.969801861182
2822.0 1412.0
2821.1170087137066 1413.1760069228121
2820.0 1414.0
2818.9799244784513 1413.9741566019447
2818.0 1414.0
2817.0034444155863 1414.9790534655206
2816.0 1416.0
2814.9994090280334 1416.1515226049323
2814.0 1416.0
2813.0001014162135 1416.1118109048862
2812.0 1416.0
2810.9999824746856 1415.1776119657507
2810.0 1414.0
2809.0000037356763 1412.8225173006108
2808.0 1412.0
2806.9999951112595 1411.8872842305855
2806.0 1412.0
2805.000025596766 1411.8537773158755
2804.0 1412.0
2802.9998513081428 1412.9900518741608
2802.0 1414.0
2801.0008665543805 1414.2059114391604
2800.0 1414.0
2798.994949365575 1413.7744794908774
2798.0 1414.0
2797.029437252171 1415.147211615576
2796.0 1416.0
2794.8284271214006 1415.3422508156668
2794.0 1414.0
2794.0000000194286 1412.7992834904235
2794.0 1412.0
2793.1715727620285 1411.8620482417925
2792.0 1412.0
2790.9705634084003 1412.0284270588218
2790.0 1412.0
2789.0050467875717 1411.967389405278
2788.0 1412.0
2786.9991558661686 1412.167236509511
2786.0 1412.0
2785.0000180154157 1411.0291915376565
2784.0 1410.0
2783.0007360413383 1409.657614264551
2782.0 1410.0
2780.995565736557 1411.0251228750374
2780.0 1412.0
2779.025869539319 1412.191648485225
2778.0 1412.0
2776.8492170275294 1411.8249862136136
2776.0 1412.0
2775.8788282955056 1412.8584342330942
2776.0 1414.0
2775.8778131994395 1415.024408387822
2776.0 1416.0
2776.854292507859 1416.9951154399748
2778.0 1418.0
2778.9964317534095 1419.004898972329
2780.0 1420.0
2781.1671169716865 1420.9754907260503
2782.0 1422.0
2782.0008664164698 1423.1421566713684
2782.0 1424.0
2782.827684529493 1424.1715692457383
2784.0 1424.0
2785.0330264065724 1423.8284278542014
2786.0 1424.0
2786.9741570310744 1424.857863629054
2788.0 1426.0
2789.1220314069833 1427.0243903714759
2790.0 1428.0
2790.293654527026 1428.9957941420912
2790.0 1430.0
2789.1160414308624 1431.0008447759783
2788.0 1432.0
2787.0100968877987 1432.99913720204
2786.0 1434.0
2784.8233772423455 1435.0043320117825
2784.0 1436.0
2784.0496396581275 1436.9748707272652
2784.0 1438.0
2782.8787848088887 1439.1464436246263
2782.0 1440.0
2782.6776514885405 1440.1464675249763
2784.0 1440.0
2785.055306259867 1439.9747512255149
2786.0 1440.0
2786.990510952259 1440.0050251219336
2788.0 1440.0
2789.00162802658 1439.9950980428844
2790.0 1440.0
2790.9997208882614 1440.0243866207625
2792.0 1440.0
2793.0000466438523 1439.8585822325426
2794.0 1440.0
2794.999999248625 1440.8241199839827
2796.0 1442.0
2796.9999578643974 1443.1966978635628
2798.0 1444.0
2799.0002535649924 1443.9956928346419
2800.0 1444.0
2800.9985207456484 1444.8291451285863
2802.0 1446.0
2803.0086219611167 1447.0294363938413
2804.0 1448.0
2804.9497474876534 1448.9942365083666
2806.0 1450.0
2807.2928931129636 1451.0051445559598
2808.0 1452.0
2807.292893834566 1452.9748961558748
2806.0 1454.0
2804.949743879641 1455.1454785087906
2804.0 1456.0
2803.0086428875866 1456.1522327913817
2802.0 1456.0
2800.998398794839 1455.9411247429198
2800.0 1456.0
2799.000964343381 1456.2010187511005
2798.0 1456.0
2796.9958151448773 1454.8527627504777
2796.0 1454.0
2795.024144787357 1454.6824047460332
2794.0 1456.0
2792.8593161309827 1457.0528087733237
2792.0 1458.0
2791.8199584267477 1459.000742614025
2792.0 1460.0
2792.220933308533 1460.9427355425285
2792.0 1462.0
2790.8544417220555 1463.3428441308054
2790.0 1464.0
2790.652416359136 1463.0001996726394
2792.0 1462.0
2793.231060123128 1462.6559578333583
2794.0 1464.0
2793.961222902096 1465.0640533272103
2794.0 1466.0
2795.0016024642982 1466.959722203381
2796.0 1468.0
2796.0291623121157 1469.1776134525044
2796.0 1470.0
2796.8234236630074 1469.9745970815927
2798.0 1470.0
2799.03029570984 1470.9748040579398
2800.0 1472.0
2800.994802077952 1472.1765785707687
2802.0 1472.0
2803.0008918224503 1471.9657245174485
2804.0 1472.0
2804.9998469873462 1472.0290743245414
2806.0 1472.0
2807.0000262534713 1471.859829535304
2808.0 1472.0
2808.9999954918285 1472.811948463635
2810.0 1474.0
2811.00000079556 1475.268479682888
2812.0 1476.0
2812.999999734813 1475.5771734390373
