2814.0 1474.0
2814.9999316916624 1474.1577762991994
2815.9998907066597 1474.2524420787197
2816.999877044993 1474.2839973385594
2817.9998907066606 1474.2524420787195
2818.9999316916633 1474.1577762991997
2820.0 1474.0
2821.0000956316726 1473.7791131811202
2822.0002185866797 1473.495115842561
2823.0003688650227 1473.1480079843218
2824.0004371733603 1472.7680094629
2825.000314218352 1472.3853401347926
2826.0 1472.0
2826.9994945183016 1471.6119890585219
2827.998797773259 1471.2213073103583
2828.9979097648716 1470.8279547555096
2829.9974862531785 1470.472834477214
2830.9981829982216 1470.1968495587107
2832.0 1470.0
2833.002937258513 1469.8822858010813
2834.0069947737616 1469.8437069619547
2835.0121725457457 1469.8842634826206
2836.014645307564 1469.9505392293706
2837.010587792315 1469.9891180684972
2838.0 1470.0
2838.982881930617 1469.983185023879
2839.959233584168 1469.9386731401341
2840.929054960652 1469.866464348766
2841.9146419014346 1469.8239301465608
2842.938290247884 1469.8684420303055
2844.0 1470.0
2845.0997711577816 1470.218604055644
2846.2376037212293 1470.524254197238
2847.4134976903433 1470.916950424782
2848.4975032838247 1471.328102113485
2849.3596707203774 1471.689118638558
2850.0 1472.0
2850.418491122692 1472.2607461978114
2850.615144088454 1472.4713572319922
2850.5899588972875 1472.6318331025427
2850.433671728945 1472.6519016169718
2850.2370187631827 1472.441290582791
2850.0 1472.0
2849.722615439397 1471.328029868598
2849.404865081374 1470.4253801885857
2849.0467489259304 1469.292050959963
2848.67824412028 1468.093821518015
2848.329327811636 1466.9964711980274
2848.0 1466.0
2847.69026068537 1465.1044079239327
2847.400109867747 1464.3096949698258
2847.1295475471306 1463.6158611376795
2846.8301968827072 1463.0073914971595
2846.4536810336635 1462.4687711179333
2846.0 1462.0
2845.4691537817157 1461.6010781433602
2844.861142378811 1461.2720055480138
2844.175965791287 1461.0127822139607
2843.451685694587 1460.7507183879163
2842.7263637641586 1460.4131243165962
2842.0 1460.0
2841.272594402113 1459.511345438128
2840.5441469704965 1458.9471606309799
2839.814657705151 1458.3074455785563
2839.126355616438 1457.5994092864535
2838.5214697147208 1456.8302607602682
2838.0 1456.0
2837.561946472273 1455.1086270056496
2837.207309131543 1454.1561417772161
2836.9360879778083 1453.1425443147004
2836.6790694956712 1452.0972703378065
2836.367040169735 1451.04975556624
2836.0 1450.0
2835.577948986466 1448.9480036390871
2835.100887129132 1447.8937664835005
2834.5688144279993 1446.8372885332412
2834.1325607428666 1445.8169686867059
2833.9429559335335 1444.8712058422923
2834.0 1444.0
2834.303692942266 1443.2033511598293
2834.8540347603316 1442.4812593217803
2835.651025454197 1441.8337244858528
2836.5255660471294 1441.2231397641801
2837.3085575623977 1440.6118982688959
2838.0 1440.0
2838.5998933599376 1439.387444957492
2839.10823764221 1438.7742331413729
2839.5250328468182 1438.160364551642
2839.825154085466 1437.5108593948792
2839.9834764698603 1436.7907378776654
2840.0 1436.0
2839.8747246758862 1435.1386457618837
2839.607650497517 1434.2066751633154
2839.198777464895 1433.2040882042963
2838.745731662296 1432.156148310989
2838.3461391739975 1431.088118909557
2838.0 1430.0
2837.707314140303 1428.8917915823183
2837.468081594907 1427.7634936565119
2837.282302363811 1426.6151062225808
2837.256011496313 1425.5522507391872
2837.4952440417096 1424.680548664994
2838.0 1424.0
2838.7702793711846 1423.5106047442064
2839.8060821552635 1423.2123628976124
2841.107408352237 1423.1052744602189
2842.384866026491 1422.9747916983317
2843.3490632424123 1422.606366878259
2844.0 1422.0
2844.3376762992543 1421.1556910635547
2844.3620921401757 1420.0734400689234
2844.073247522764 1418.7532470161063
2843.7681256780716 1417.4878879597095
2843.74370983715 1416.570138954341
2844.0 1416.0
2844.536996166621 1415.7774710966871
2845.3546983370134 1415.9025522444015
2846.453106511177 1416.375243443144
2847.673046571745 1416.9867694322986
2848.855344401353 1417.5283549512508
2850.0 1418.0
2851.1070133676862 1418.4017045785465
2852.1763845044115 1418.7334686868899
2853.2081134101763 1418.9952923250307
2854.1935948914565 1419.2581621131644
2855.1242237547317 1419.5930646714876
2856.0 1420.0
2856.820923627262 1420.4789680987012
2857.5869946365174 1421.0299689675917
2858.298213027767 1421.6530026066716
2858.9431618572903 1422.353146777602
2859.510424181368 1423.135479242045
2860.0 1424.0
2860.4118893131863 1424.9467090514672
2860.746092120927 1425.975606396447
2861.0026084232222 1427.086692034939
2861.2585450759125 1428.1785127767776
2861.591008934838 1429.149615431798
2862.0 1430.0
2862.485518271397 1430.729666481384
2863.0475637490295 1431.3386148759494
2863.6861364328984 1431.8268451836966
2864.394456576122 1432.1313321172886
2865.165744431823 1432.18905038939
2866.0 1432.0
2866.8972232806527 1431.564180949119
2867.8574142737816 1430.8815932367465
2868.880572979387 1429.9522368628836
2869.9302710229063 1429.0334945194904
2870.970080029777 1428.3827488985291
2872.0 1428.0
2873.0200309335737 1427.8852478239023
2874.0301728305 1428.0384923702363
2875.030425690778 1428.4597336390025
2876.023917286438 1429.001034099101
2877.013775389512 1429.5144562194337
2878.0 1430.0
2878.9825911179005 1430.4576654408002
2879.9615487432143 1430.8874525418341
2880.9368728759428 1431.289361303102
2881.9262252584604 1431.626967552569
2882.9472676331466 1431.863847118202
2884.0 1432.0
2885.084422359021 1432.0354261979635
2886.2005347102086 1431.9701257120923
2887.348337053564 1431.8040985423868
2888.418731162794 1431.681605029928
2889.3026188116064 1431.7469055157992
2890.0 1432.0
2890.5108747279755 1432.4408884825302
2890.835242995532 1433.06957096339
2890.9731048026715 1433.8860474425794
2891.116943320327 1434.7278467123065
2891.4592417194376 1435.4324975647803
2892.0 1436.0
2892.739218162016 1436.4303540179662
2893.6768962054857 1436.7235596186786
2894.8130341304086 1436.8796168021377
2895.9907200263515 1436.8402035851211
2897.0530419828824 1436.5469979844088
2898.0 1436.0
2898.8315940777056 1435.1992096318947
2899.547824215998 1434.1446268800935
2900.1486904148787 1432.8362517445958
2900.7165142993417 1431.564265110299
2901.333617494382 1430.6188478621007
2902.0 1430.0
2902.715661816195 1429.7077215239979
2903.480602942967 1429.7420124340938
2904.294823380317 1430.1028727302883
2905.0435275109294 1430.6630946419739
2905.6119197174908 1431.2954703985442
2906.0 1432.0
2906.2077683584575 1432.7766834463403
2906.2352247928625 1433.6255207375657
2906.082369303217 1434.5465118736759
2905.9112095239666 1435.3460559267469
2905.883753089561 1435.830551968855
2906.0 1436.0
2906.259950255282 1435.8544000201823
2906.663603855409 1435.3937520294012
2907.2109608003802 1434.6180560276575
2907.7114375674887 1433.7050142419898
2907.974450634029 1432.8323288994372
2908.0 1432.0
2907.7880856654015 1431.2080275436774
2907.3387076302342 1430.4564115304706
2906.6518658944988 1429.7451519603787
2905.8201650710957 1429.0905252879804
2904.93620977293 1428.5088079678544
2904.0 1428.0
2903.0115357523055 1427.5641013844179
2901.9708170298472 1427.2011121211071
2900.877843832626 1426.9110322100692
2899.8120164503757 1426.6407229190152
2898.8527351728344 1426.337045515659
2898.0 1426.0
2897.253810931875 1425.629586372038
2896.614167968457 1425.2258046317734
2896.0810711097474 1424.7886547792064
2895.5299584488716 1424.3984705312596
2894.836268078956 1424.1355856048579
2894.0 1424.0
2893.021154212005 1423.9917137166863
2891.8997307149684 1424.1107267549169
2890.6357295088924 1424.3570391146923
2889.45267730084 1424.5240094489798
2888.574100797876 1424.404996410749
2888.0 1424.0
2887.7303749072125 1423.3090202167318
2887.765225519512 1422.3320570609455
2888.104551836901 1421.0691105326405
2888.6428666349775 1419.790806108193
2889.2746826893444 1418.7677692639795
2890.0 1418.0
2890.8188185669446 1417.4874983162542
2891.731138390178 1417.2302642127424
2892.7369594697016 1417.2282976894649
2893.5790117781794 1417.397820568528
2894.000025288279 1417.65505467204
2894.0 1418.0
2893.5789359133423 1418.4326565524088
2892.736833028305 1418.953024329266
2891.4736913448905 1419.5611033305718
2890.1052849181665 1420.0444927028611
2888.947387803203 1420.1907915926708
2888.0 1420.0
2887.263121508558 1419.4721179248488
2886.736752328876 1418.6071453672173
2886.4208924609547 1417.405082327106
2886.2337231572656 1416.1130009920817
2886.0934256702812 1414.9779735497132
2886.0 1414.0
2885.9534461464227 1413.1790803429428
2885.9537641095494 1412.5152145785407
2886.0009538893805 1412.0084027067946
2886.047931693793 1411.4997235668716
2886.0476137306664 1410.8302559979402
2886.0 1410.0
2885.905090501794 1409.008955573051
2885.762885236048 1407.8571227170933
2885.573384202763 1406.5445014321272
2885.4786866799745 1405.3331020511323
2885.6208919457204 1404.48493490709
2886.0 1404.0
2886.6160108428135 1403.878297329862
2887.4689244741608 1404.1198268966764
2888.558740894043 1404.7245887004433
2889.7466148930253 1405.3905530152224
2890.8937012616784 1405.8156901150746
2892.0 1406.0
2893.0655111079914 1405.9434826699978
2894.090234585652 1405.6461381250688
2895.074170432982 1405.1079663652129
2896.0416239618717 1404.545802079754
2897.016900484211 1404.1764799580162
2898.0 1404.0
2898.9909225092383 1404.016362205705
2899.9896680119264 1404.2255665751313
2900.9962365080646 1404.627613108279
2902.003641335743 1405.1124122840313
2903.0048958330553 1405.569874581272
2904.0 1406.0
2904.9889538365787 1406.4027885402163
2905.9717573427897 1406.7782402019202
2906.948410518634 1407.1263549851124
2907.9365280236702 1407.4463908827238
2908.9537245174592 1407.7376058876864
2910.0 1408.0
2911.075354471292 1408.2335732196643
2912.179787931336 1408.4383255466792
2913.313300380132 1408.6142569810456
2914.3771905222316 1408.653686864068
2915.2727570621882 1408.448934537053
2916.0 1408.0
2916.558919335668 1407.3068832529086
2916.949515069192 1406.3695842957793
2917.171787200573 1405.1881031286125
2917.355884398492 1403.964821266198
2917.631955331635 1402.9021202233273
2918.0 1402.0
2918.460018403588 1401.2584605962159
2919.012010542399 1400.6775020119753
2919.6559764164326 1400.2571242472786
2920.376391975703 1400.0018299831863
2921.157733170226 1399.9161219007601
2922.0 1400.0
2922.903192465026 1400.253464280906
2923.8673105653033 1400.676514743478
2924.892354300833 1401.2691513877162
2925.9413193028436 1401.8019766124617
2926.9772012025664 1402.0455928165563
2928.0 1402.0
2929.009715695146 1401.6651981627924
2930.0063482880028 1401.0411873049338
2930.9898977785715 1400.1279674264247
2931.975692207235 1399.1863103420428
2932.9790596143775 1398.476987866568
2934.0 1398.0
2935.0385133641 1397.7553467423386
2936.094599706679 1397.7430280935837
2937.1682590277373 1397.963044053736
2938.2045274537422 1398.191272446391
2939.1484411111633 1398.2035910951458
2940.0 1398.0
2940.759204120253 1397.5804991609537
2941.42605347192 1396.9450885780068
2942.0005480550044 1396.0937682511596
2942.574920848087 1395.2216105351656
2943.241404829753 1394.5236877847792
2944.0 1394.0
2944.8507063588304 1393.6505471808284
2945.793523906243 1393.475329327264
2946.8284526422385 1393.4743464393073
2947.901503013292 1393.5901754537265
2948.958685465879 1393.7653933072909
2950.0 1394.0
2951.025446615654 1394.2939955318545
2952.0350253128418 1394.6473799028538
2953.028736091564 1395.0601531129983
2954.0160610721596 1395.4595589646983
2955.006482374972 1395.7728412603658
2956.0 1396.0
2956.996613947243 1396.1410351836012
2957.9963242167014 1396.1959468111688
2958.9991308083763 1396.164734882704
2960.0021305537443 1396.0969152025266
2961.002420284286 1396.042003574959
2962.0 1396.0
2962.9948697008863 1395.97090447765
2963.9870293869453 1395.9547170079095
2964.976479058177 1395.951437590778
2965.971155605369 1395.95894982014
2966.9789959193104 1395.9751372898809
2968.0 1396.0
2969.0341678474383 1396.0335379504975
2970.081499461625 1396.0757511413738
2971.141994842561 1396.1266395726284
2972.1709358140383 1396.149385876632
2973.1236041998513 1396.107172685756
2974.0 1396.0
2974.8001232144834 1395.8278678193637
2975.523973843302 1395.5907761438473
2976.1715518864567 1395.2887249734513
2976.7810072881757 1394.9225126978433
2977.3904899926906 1394.492937706693
2978.0 1394.0
2978.6095373101043 1393.4436995777642
2979.219101923003 1392.8240364399855
2979.8286938386973 1392.1410105866646
2980.4763537902363 1391.4266490474176
2981.200122510671 1390.712978851863
2982.0 1390.0
2982.8759862582247 1389.2877124918286
2983.8280812853445 1388.5761163273487
2984.8562850813596 1387.8652115065609
2985.916425525961 1387.1842596843148
2986.9643304988417 1386.5625225154613
2988.0 1386.0
2989.0234340294364 1385.496692137931
2990.0346325871515 1385.0525989292541
2991.0335956731446 1384.66772037397
2992.025093053994 1384.356681735581
2993.0138944962796 1384.1341082775912
2994.0 1384.0
2994.983409565156 1383.9543569028078
2995.964123191746 1383.9971789860142
2996.9421408797725 1384.12846624962
2997.9330161500707 1384.231205457754
2998.9523025234803 1384.1883833745476
3000.0 1384.0
3001.0761085796307 1383.6660553341112
3002.180628262371 1383.1865493768817
3003.3135590482225 1382.5614821283111
3004.3768100455795 1382.0338632956714
3005.272290362839 1381.8467025862344
3006.0 1382.0
3006.5599389570616 1382.4937555369681
3006.9521072340253 1383.3279691971388
3007.1765048308907 1384.5026409805125
3007.3616791320023 1385.7878369904386
3007.636177521706 1386.9536233302679
3008.0 1388.0
3008.453146566885 1388.926966999635
3008.9956172223615 1389.7345243291725
3009.6274119664295 1390.4226719886133
3010.34200405129 1391.0168925394732
3011.1328667291477 1391.542668543269
3012.0 1392.0
3012.9434038638487 1392.3888869096668
3013.9630783206926 1392.7093292722689
3015.0590233705334 1392.9613270878071
3016.14185211581 1393.2219188838321
3017.1221776589655 1393.5681431878966
3018.0 1394.0
3018.7753191389124 1394.5174893201427
3019.448135075703 1395.1206111483243
3020.018447810373 1395.8093654845452
3020.5846610316257 1396.5404830464224
3021.2451784281684 1397.2706945515743
3022.0 1398.0
3022.8491257471214 1398.7283993917001
3023.7925556695313 1399.4558927266744
3024.830289767231 1400.182480004923
3025.90573724999 1400.8685161709661
3026.96230732758 1401.4743561693251
3028.0 1402.0
3029.018815267251 1402.44544766299
3030.018753129332 1402.8106991582958
3030.9998135862434 1403.0957544859175
3031.9809154684335 1403.3595310388905
3032.980977606353 1403.6609462102515
3034.0 1404.0
3035.0379826493754 1404.3766924081363
3036.0949255544783 1404.7910234346605
3037.1708287153106 1405.2429930795724
3038.2087699394065 1405.6409642623569
3039.1518270343036 1405.8932999024996
3040.0 1406.0
3040.753288836497 1405.9610645548578
3041.411693543794 1405.7764935670739
3041.9752141218923 1405.4462870366478
3042.544242672903 1405.0169056091886
3043.2191712989393 1404.5348099303062
3044.0 1404.0
3044.8867287760863 1403.4124758182707
3045.8793576271974 1402.7722373851177
3046.977886553334 1402.0792847005414
3048.0813295787293 1401.3687131936222
3049.0887007276183 1400.6756182934419
3050.0 1400.0
3050.815227395875 1399.3418583132964
3051.5343829152425 1398.701193233331
3052.157466558104 1398.0780047601042
3052.745557632497 1397.437481895743
3053.3597354464628 1396.7448136423754
3054.0 1396.0
3054.6663512931095 1395.203040968618
3055.3587893257904 1394.3539365482288
3056.0773140980436 1393.4526867388327
3056.77865795962 1392.6730620985848
3057.419553260272 1392.1888331856405
3058.0 1392.0
3058.5199981788023 1392.1065625416627
3058.97954779668 1392.5085208106293
3059.3786488536334 1393.2058748068996
3059.69360572089 1394.0797010683032
3059.9007227696793 1395.01107613267
3060.0 1396.0
3059.9914374118525 1397.0464726702933
3059.875035005237 1398.1504941435498
3059.650792780154 1399.3120644197697
3059.50415215948 1400.4042870471517
3059.6205545660964 1401.3002655738953
3060.0 1402.0
3060.6424884611934 1402.5034903254664
3061.5480199496747 1402.8107365502935
3062.7165944654453 1402.9217386744826
3063.948147988894 1403.050132204342
3065.0426165004133 1403.409552646181
3066.0 1404.0
3066.820298487657 1404.8214742657985
3067.503511963383 1405.8739754435765
3068.049640427178 1407.1575035333344
3068.584737684933 1408.4060308379067
3069.2348575425403 1409.3535296601287
3070.0 1410.0
3070.8801650573123 1410.345441857521
3071.8753527144754 1410.3898552326916
3072.985562971492 1410.1332401255117
3074.0989814570653 1409.8470161015512
3075.1037937999013 1409.8026027263809
3076.0 1410.0
3076.787600057361 1410.4392079224092
3077.466593971984 1411.120226493608
3078.0369817438705 1412.043055713597
3078.5991513504514 1412.9563169972307
3079.2534907691615 1413.6086317593652
3080.0 1414.0
3080.8386790429677 1414.1304217191353
3081.769527898063 1413.9998969167705
3082.792546565288 1413.608425592907
3083.861665995782 1413.0817485817304
3084.930817140686 1412.545606717428
3086.0 1412.0
3087.069214573724 1411.4449284294462
3088.138460861858 1410.8803920057667
3089.207738864403 1410.3063907289616
3090.2308526748575 1409.8865248457205
3091.1616063867236 1409.7843946027333
3092.0 1410.0
3092.746033514688 1410.533341037521
3093.399706930786 1411.384417715296
3093.9610202482963 1412.5532300333248
3094.5309957328514 1413.8213245661702
3095.210655650086 1414.9702478883953
3096.0 1416.0
3096.8990287825945 1416.9105809009839
3097.907741997868 1417.701990591347
3099.026139645822 1418.3742290710902
3100.138728483593 1418.963305535035
3101.130015268319 1419.505229178005
3102.0 1420.0
3102.748682678636 1420.4476180010197
3103.376063304227 1420.8480831810643
3103.8821418767734 1421.2013955401344
3104.4144111433698 1421.5099533347295
3105.1203638511115 1421.7761548213514
3106.0 1422.0
3107.0533195900334 1422.1814888706745
3108.2803226212127 1422.3206214333757
3109.681009093538 1422.4173976881034
3110.930360211743 1422.42141890103
3111.703357180564 1422.282286338329
3112.0 1422.0
3111.820288670053 1421.574559886043
3111.16422319072 1421.0059659964577
3110.031803562003 1420.2942183312448
3108.892316475063 1419.517088814644
3108.2150486210626 1418.752349370896
3108.0 1418.0
3108.2471706118768 1417.260040701957
3108.9565604566915 1416.5324714767662
3110.128169534446 1415.8172923244283
3111.4935187156557 1415.1427148777727
3112.784128870841 1414.53695076963
3114.0 1414.0
3115.141132103133 1413.5318625688824
3116.2075251802403 1413.1325384762777
3117.1991792313224 1412.8020277221858
3118.1465712309987 1412.5155108076078
3119.0801781538917 1412.2481682335463
3120.0 1412.0
3120.906036769324 1411.7710061069697
3121.7982884618636 1411.5611865544552
3122.6767550776194 1411.3705413424568
3123.404831676126 1411.097553609912
3123.84591331692 1410.64070649576
3124.0 1410.0
3123.8670917253667 1409.175434122632
3123.44718849302 1408.1670088636563
3122.7402903029606 1406.9747242230733
3121.8688831566865 1405.7880564218067
3120.9554530557 1404.7964816807823
3120.0 1404.0
3119.002523989586 1403.3986113794592
3117.963025024458 1402.9923158191602
3116.881503104618 1402.7811133191035
3115.8263138281945 1402.6185523036902
3114.8658127933227 1402.3581811973222
3114.0 1402.0
3113.228875448228 1401.5440087117233
3112.5524391380054 1400.990207332492
3111.970691069334 1400.3385958623062
3111.3954560963653 1399.6117408671632
3110.738559073254 1398.8322089130613
3110.0 1398.0
3109.179778876603 1397.1151141279793
3108.277895703063 1396.177551296999
3107.2943504793807 1395.1873115070598
3106.46761626028 1394.1554469377736
3106.0361661004863 1393.0930097687537
3106.0 1392.0
3106.35911795882 1390.8764176315121
3107.113519976948 1389.7222626632906
3108.263206054383 1388.5375350953354
3109.5766241197316 1387.455577506194
3110.822222101605 1386.609732474416
3112.0 1386.0
3113.1099578149187 1385.626380082947
3114.1520955463593 1385.4888727232565
3115.126413194324 1385.5874779209287
3116.0726390213267 1385.7777546917278
3117.030501289886 1385.9152620514183
3118.0 1386.0
3118.98113515167 1386.0319685374727
3119.9739067448945 1386.011167663837
3120.9783147796757 1385.9375973790927
3121.987541752306 1385.8778943434386
3122.994770159081 1385.8986952170744
3124.0 1386.0
3125.0032312750627 1386.181808692215
3126.00446398427 1386.4441212937197
3127.0036981276216 1386.7869378045143
3128.002110464835 1387.177101469861
3129.0008777556277 1387.5814555350232
3130.0 1388.0
3130.999477197951 1388.4327348647919
3131.9993093494813 1388.8796601293986
3132.999496454592 1389.3407757938207
3133.999795458681 1389.72616350406
3134.9999633071507 1389.94590490612
3136.0 1390.0
3136.999905537229 1389.8884487857001
3137.9996799188375 1389.6112512632205
3138.999323144826 1389.1684074325613
3139.999116783076 1388.6881397279992
3140.999342401467 1388.2986705838125
3142.0 1388.0
3143.0010895786754 1387.792127976563
3144.002611137492 1387.6750545135
3145.004564676451 1387.6487796108127
3146.005503842865 1387.7005536834997
3147.003982284048 1387.8176271465625
3148.0 1388.0
3148.99355699072 1388.2476722438128
3149.9846532562096 1388.5606438780007
3150.9732887964683 1388.9389149025642
3151.9678601597325 1389.330760393224
3152.976763894244 1389.6844554257027
3154.0 1390.0
3155.037568477002 1390.2773941161158
3156.0894693252494 1390.5166377740502
3157.155702544742 1390.7177309738036
3158.187335198736 1390.9815506238224
3159.135434350489 1391.4089736325543
3160.0 1392.0
3160.7810321472684 1392.7546297261588
3161.4785307922957 1393.6728628110304
3162.0924959350805 1394.7546992546158
3162.685906425625 1395.8910469749528
3163.3217411139317 1396.972813890081
3164.0 1398.0
3164.7206830838304 1398.9726053047095
3165.4837903654216 1399.8906298042102
3166.2893218447753 1400.7540734985018
3167.030559580845 1401.4499453042374
3167.6007856325873 1401.8652541380702
3168.0 1402.0
3168.2282026830844 1401.8541828900268
3168.28539368184 1401.4278028081508
3168.1715729962675 1400.7208597543718
3168.0196249781907 1399.8537256440657
3167.9624339794354 1398.9467723926086
3168.0 1398.0
3168.1323230398857 1397.01340846624
3168.3594030990926 1395.986997791329
3168.6812401776206 1394.920767975267
3169.073912772232 1393.8721452758118
3169.5134993796923 1392.898555950723
3170.0 1392.0
3170.533414633156 1391.176477423643
3171.113743279159 1390.427988221652
3171.740985938011 1389.7545323940271
3172.425787277304 1389.135624923285
3173.178791964634 1388.5507807919428
3174.0 1388.0
3174.8894113834017 1387.4832825474568
3175.8470261148395 1387.0006284343135
3176.872844194314 1386.55203766057
3177.926919119496 1386.2029940733662
3178.969304388058 1386.018981519843
3180.0 1386.0
3181.0190059553215 1386.1460495138372
3182.0263222540234 1386.4571300613547
3183.0219488961056 1386.9332416425527
3184.012698005719 1387.4241884142946
3185.0053817070175 1387.7797745334435
3186.0 1388.0
3186.996552884668 1388.0848648139636
3187.9950403610187 1388.0343689753342
3188.995462429055 1387.8485124841127
3189.9968928461894 1387.6963198853102
3190.9984053698377 1387.7468157239396
3192.0 1388.0
3193.0016767366756 1388.4558727134925
3194.003435579865 1389.114433864416
3195.0052765295677 1389.9756834527716
3196.005944917144 1390.8423367182884
3197.0041860739548 1391.5171089006983
3198.0 1392.0
3198.9933866952797 1392.2910100161944
3199.9843461597925 1392.3901389492808
3200.9728783935407 1392.29738679926
3201.967437650946 1392.1385486938477
3202.976478186433 1392.0394197607611
3204.0 1392.0
3205.0380030916476 1392.0202894115646
3206.090487461377 1392.1002879954544
3207.1574531091874 1392.2399957516704
3208.1894291771773 1392.3263711186257
3209.136944807449 1392.2463725347357
3210.0 1392.0
3210.778594754832 1391.5872535144183
3211.472729071944 1391.0081330779908
3212.082402951337 1390.2626386907182
3212.6737650637656 1389.4587801499522
3213.312964079987 1388.7045672530464
3214.0 1388.0
3214.7348728238057 1387.3450783908133
3215.5175825514034 1386.7398024254867
3216.348129182793 1386.1841721040196
3217.1013137735613 1385.8098368705482
3217.651937379297 1385.7484461692084
3218.0 1386.0
3218.145501635669 1386.5644983629231
3218.088442286304 1387.4419412579778
3217.828821951907 1388.6323286851639
3217.6072411837513 1389.9044208489802
3217.664300533116 1391.0269779539256
3218.0 1392.0
3218.614339584403 1392.8234869872035
3219.5073192863247 1393.497438915536
3220.6789391057664 1394.0218557849976
3221.921905790593 1394.319193591126
3223.028926088671 1394.3119083294603
3224.0 1394.0
3224.83512752458 1393.383468602745
3225.5343086624107 1392.4623141376953
3226.0975434134934 1391.2365366048516
3226.6391018504655 1389.9581953820405
3227.2732540459683 1388.87934984709
3228.0 1388.0
3228.8193397125624 1387.3201458407705
3229.7312731836532 1386.8397873694014
3230.735800413275 1386.558924585893
3231.799038662168 1386.3760785610748
3232.887105191077 1386.1897703657776
3234.0 1386.0
3235.137723088939 1385.8067674637434
3236.3002744578916 1385.6100727570067
3237.4876541068606 1385.4099158797908
3238.5666661765263 1385.3408888070655
3239.404114807573 1385.537583513802
3240.0 1386.0
3240.3543217538067 1386.7281382656595
3240.467080068994 1387.7219983107802
3240.3382749455623 1388.981580135363
3240.1342976120045 1390.2452552631983
3240.0215392968175 1391.2513952180773
3240.0 1392.0
3240.0696797215523 1392.4910696089669
3240.2305784614746 1392.724604044977
3240.482696219767 1392.7006033080315
3240.849770373666 1392.5209129470788
3241.355538300411 1392.2873785110685
3242.0 1392.0
3242.7831554724335 1391.6587774138738
3243.7050047177117 1391.2637107526898
3244.7655477358353 1390.814800016448
3245.8781912571058 1390.4070448321065
3246.9563420118275 1390.1354448266238
3248.0 1390.0
3249.009165221623 1390.0007103522344
3249.9838376766966 1390.1375758833276
3250.924017365221 1390.41059659328
3251.8810820836957 1390.8145958380585
3252.906409628623 1391.344396973632
3254.0 1392.0
3255.1618531978293 1392.781404917163
3256.391969222108 1393.6886117251204
3257.6903480728397 1394.7216204238728
3258.8353162407175 1395.594269028431
3259.605200216438 1396.0203955538068
3260.0 1396.0
3260.019715591405 1395.5330823670106
3259.664346990652 1394.6196426548383
3258.9338941977426 1393.259680863484
3257.99590936089 1391.8420122135772
3257.017944628308 1390.7554519257494
3256.0 1390.0
3254.942075475963 1389.5756564363296
3253.844171056198 1389.4824212347376
3252.706286740705 1389.7202943952243
3251.633672038388 1390.0203243567723
3250.7315764581535 1390.1135595583642
3250.0 1390.0
3249.4389426639273 1389.6796456816799
3249.0484044499353 1389.152496603403
3248.828385358026 1388.4185527651707
3248.6465028532216 1387.5915972013445
3248.370374400546 1386.7854129462878
3248.0 1386.0
3247.5353796515833 1385.2353583624813
3246.9765133552964 1384.4914880337315
3246.323401111138 1383.7683890137512
3245.5984219533934 1383.0967591018257
3244.8239549163477 1382.507296097242
3244.0 1382.0
3243.126557204351 1381.5748708100991
3242.203626529399 1381.2319085275396
3241.231207975147 1380.9711131523218
3240.207409870861 1380.7167370765878
3239.1303405458125 1380.3930326924806
3238.0 1380.0
3236.816388233424 1379.5376389991457
3235.5795052460844 1379.005949689918
3234.2893510379818 1378.404932072317
3233.157118821438 1377.7139295497564
3232.394001808778 1376.912285525651
3232.0 1376.0
3231.975113395105 1374.9770729728039
3232.3193419940917 1373.843504444062
3233.0326857969626 1372.5992944137754
3233.738766089396 1371.444130069316
3234.0612041570757 1370.5776985980576
3234.0 1370.0
3233.5551536181697 1369.711034275143
3232.7266650115835 1369.7108014234866
3231.5145341802436 1369.999301445031
3230.18806241996 1370.287956701013
3229.0165510265456 1370.288189552669
3228.0 1370.0
3227.138409340323 1369.4233880430047
3226.431779047515 1368.558353681684
3225.8801091215764 1367.4048969160376
3225.3550816130646 1366.1614630579381
3224.7283785725394 1365.0264974192592
3224.0 1364.0
3223.1699458954467 1363.081970800161
3222.2382162588797 1362.2724098197416
3221.204811090299 1361.5713170587428
3220.125892346096 1360.9654871735786
3219.0576219826626 1360.4417148206644
3218.0 1360.0
3216.9530263981064 1359.6403427115856
3215.9167011769837 1359.3627429554213
3214.891024336631 1359.167200731507
3213.8895643103588 1358.9345027894794
3212.9258895314824 1358.5454358789773
3212.0 1358.0
3211.1118957159115 1357.2981951525471
3210.261576679217 1356.4400213366193
3209.449042889917 1355.4254785522166
3208.758944013968 1354.3163849784323
3208.2759297173297 1353.17455879436
3208.0 1352.0
3207.9311548619794 1350.792708595352
3208.0693943032675 1349.552684580416
3208.4147183238665 1348.2799279551923
3208.8901049391598 1347.1671873399257
3209.4185321645386 1346.4072113548618
3210.0 1346.0
3210.634508445545 1345.945553275341
3211.3220575011737 1346.243871180884
3212.062647166887 1346.89495371663
3212.789315239957 1347.5693798709021
3213.435099517662 1347.9377286320255
3214.0 1348.0
3214.4840166869703 1347.7561939748257
3214.8871495785743 1347.2063105565023
3215.209398674813 1346.3503497450301
3215.4851147322033 1345.4165334346621
3215.7486485072654 1344.6330835196522
3216.0 1344.0
3216.239169210406 1343.5172828757054
3216.4661561384837 1343.1849321467685
3216.6809607842342 1343.0029478131896
3216.9666630334877 1342.8203084100128
3217.406342772076 1342.485992472283
3218.0 1342.0
3218.7476347172587 1341.3623309931638
3219.649246923852 1340.5729854517745
3220.7048366197805 1339.6319633758321
3221.82601817798 1338.772727216371
3222.924405971387 1338.2287394244274
3224.0 1338.0
3225.0528002638202 1338.0865089430895
3226.082806762847 1338.4882662536954
3227.090019497082 1339.2052719318183
3228.07722789863 1339.8766616250923
3229.0472213996036 1340.141570981153
3230.0 1340.0
3230.9355636998207 1339.451948681633
3231.853912499064 1338.4974170260525
3232.7550463977323 1337.1364050332581
3233.4883922080144 1335.745080810851
3233.9033767421042 1334.6996124664317
3234.0 1334.0
3233.778261981703 1333.646243411556
3233.2381626872116 1333.6383427011
3232.3797021165283 1333.9762978686317
3231.436863297726 1334.3195201764674
3230.643629258884 1334.3274208869236
3230.0 1334.0
3229.5059755210746 1333.3372575156966
3229.161555822108 1332.3391934340134
3228.966740903101 1331.0058077549506
3228.7793168945145 1329.6711314636764
3228.4570699268147 1328.6691955453596
3228.0 1328.0
3227.40810711407 1327.663544827598
3226.681391269026 1327.6598300281526
3225.819852464867 1327.9888556016651
3224.998346446293 1328.5425799303628
3224.3917289580045 1329.2129613964744
3224.0 1330.0
3223.8231595722805 1330.9036957409392
3223.8612076748445 1331.924048619292
3224.114144307695 1333.0610586350592
3224.3417155388343 1334.1845000652572
3224.3036674362693 1335.1641471869045
3224.0 1336.0
3223.4307132300255 1336.6920585045448
3222.595807126346 1337.240322700538
3221.4952816889627 1337.6447925879802
3220.2846936540313 1337.9059752336486
3219.119599757711 1338.0243777043222
3218.0 1338.0
3216.925894380899 1337.8328421206825
3215.8972829004074 1337.5229040663694
3214.9141655585267 1337.0701858370612
3213.9501225369722 1336.6018707550722
3212.978734017464 1336.2451421427186
3212.0 1336.0
3211.01392048458 1335.8664443269163
3210.0204954712053 1335.8444751234672
3209.019724959876 1335.9340923896534
3208.014571124129 1336.038355791472
3207.0079961375036 1336.0603249949208
3206.0 1336.0
3204.990582711618 1335.8573808067092
3203.9797442723575 1335.6324674150483
3202.967484682219 1335.325259825018
3201.962450718254 1334.9457722738723
3200.973289157514 1334.5040189988665
3200.0 1334.0
3199.0425832457117 1333.4337152772734
3198.101038894649 1332.8051648306862
3197.1753669468117 1332.1143486602389
3196.2107245663497 1331.3981216764048
3195.152268917412 1330.6933387896586
3194.0 1330.0
3192.7539178141114 1329.3181053074288
3191.414022359748 1328.647654711945
3189.98031363691 1327.9886482135494
3188.7732018836464 1327.3321643343643
3188.1130973380104 1326.6692815965148
3188.0 1326.0
3188.4339098696164 1325.3243195448204
3189.4148269468596 1324.6422402309754
3190.942751231729 1323.9537620584658
3192.4833974651024 1323.2755589840747
3193.50248038786 1322.6243049645861
3194.0 1322.0
3193.9759563015223 1321.4026440903162
3193.430349292428 1320.8322372355346
3192.363178972717 1320.288779435656
3191.215302214624 1319.6811484278535
3190.427575890385 1318.9182219493016
3190.0 1318.0
3189.932574543469 1316.926482579949
3190.225299520791 1315.6976696891484
3190.878174931968 1314.3135613275983
3191.5581225804845 1313.0819948932485
3191.9320642698285 1312.3108077840493
3192.0 1312.0
3191.7619297709994 1312.1495715411008
3191.217853582825 1312.759522407352
3190.367771435479 1313.8298525987536
3189.43596230247 1314.937993323765
3188.646705157311 1315.6613757908474
3188.0 1316.0
3187.4958468305385 1315.953865951223
3187.1342456489265 1315.522973644516
3186.915196455163 1314.7073230798799
3186.7149924935857 1313.7344896086033
3186.409927008531 1312.832048581977
3186.0 1312.0
3185.4852114679916 1311.2383438626728
3184.8655614125064 1310.547080169995
3184.141049833545 1309.9262089219674
3183.385193847128 1309.32173569128
3182.67151056928 1308.6796660506243
3182.0 1308.0
3181.3706621392885 1307.2827375394072
3180.7834969871446 1306.5278786688457
3180.2385045435694 1305.7354233883161
3179.862733312534 1305.0017629103827
3179.783231798011 1304.4232884476107
3180.0 1304.0
3180.513037918501 1303.7318975675507
3181.3223455535144 1303.618981150263
3182.4279229050403 1303.6612507481364
3183.6606284998898 1303.778797957535
3184.851320864877 1303.8917143748229
3186.0 1304.0
3187.1066659052603 1304.103654833066
3188.171318580657 1304.202678874021
3189.1939580261915 1304.2970721228658
3190.1734956881264 1304.3254493444065
3191.10884301273 1304.2264253034514
3192.0 1304.0
3192.8469666499377 1303.6461734340528
3193.6497429625415 1303.1649456056093
3194.4083289378136 1302.55631651467
3195.0761751491264 1302.0462837538037
3195.606732169855 1301.8608449155806
3196.0 1302.0
3196.2559786395605 1302.4637490070618
3196.374668088536 1303.2520919367664
3196.356068346928 1304.3650287891141
3196.2583423060023 1305.6190703549917
3196.1396528570267 1306.830727425287
3196.0 1308.0
3195.839383734923 1309.1268880791308
3195.657804061796 1310.2113916626793
3195.455260980619 1311.2535107506455
3195.37377101486 1312.239294116246
3195.555350687987 1313.1547905326975
3196.0 1314.0
3196.7077189508996 1314.7749225181533
3197.6785075406856 1315.4795580871576
3198.912365769358 1316.113906707013
3200.1656982715067 1316.7229427253098
3201.19490968172 1317.3516404896388
3202.0 1318.0
3202.5809692263447 1318.6680212563933
3202.9378173607547 1319.3557042588186
3203.0705444032315 1320.0630490072765
3203.1875949116557 1320.7563828652283
3203.4974134439117 1321.4020331961362
3204.0 1322.0
3204.6953545799192 1322.5502832768202
3205.5834771836708 1323.0528830265962
3206.664367811253 1323.5077992493284
3207.8198433696684 1323.8498711944321
3208.9317207659174 1324.0139381113227
3210.0 1324.0
3211.0246810719154 1323.8080568604644
3212.005763981665 1323.438108692715
3212.943248729248 1322.8901554967533
3213.893344870331 1322.3666121904014
3214.912261960582 1322.0698936914837
3216.0 1322.0
3217.156558988585 1322.15693111595
3218.381938926337 1322.540687039334
3219.6761398132576 1323.1512677701521
3220.8200874083423 1323.7282334409363
3221.594707470589 1324.011144184219
3222.0 1324.0
3222.035964996572 1323.6948008882794
3221.7026024603083 1323.095546849057
3220.9999123912066 1322.2022378823333
3220.297241790725 1321.2639871639797
3219.9639376603236 1320.5299078698686
3220.0 1320.0
3220.4054288097554 1319.6742635543735
3221.18022408959 1319.5526985329893
3222.3243858395035 1319.6353049358477
3223.6186840695264 1319.798954686295
3224.8438887896923 1319.9205197076792
3226.0 1320.0
3227.087017700449 1320.0373955632572
3228.1049418910407 1320.032706397451
3229.053772571775 1319.9859325025811
3229.9906537921133 1319.9422847182489
3230.9727296015226 1319.9469738840553
3232.0 1320.0
3233.072464987547 1320.1013630660832
3234.190124564163 1320.251063082305
3235.3529787298494 1320.449100048666
3236.4373931777895 1320.5473370042114
3237.3197336011744 1320.3976369879897
3238.0 1320.0
3238.478192374268 1319.3544260402423
3238.754310723977 1318.4609151087166
3238.8283550491306 1317.3194672054237
3238.718320474475 1316.1070265898138
3238.4422021247656 1315.0005375213395
3238.0 1314.0
3237.3917141001784 1313.1054140257959
3236.617344425301 1312.3167795987267
3235.676890975369 1311.634096718793
3234.8082395309098 1311.0327256791272
3234.2492758724534 1310.488026772863
3234.0 1310.0
3234.060411913549 1309.5686453605388
3234.430511613101 1309.193962854479
3235.1102990986565 1308.8759524818206
3235.7655756733984 1308.5855082243131
3236.0621426405137 1308.2935240637064
3236.0 1308.0
3235.579147751859 1307.7049360331944
3234.7995858960903 1307.408332163289
3233.661314432695 1307.1101883902843
3232.3760842064767 1306.7875583083276
3231.1556460622455 1306.4174955115661
3230.0 1306.0
3228.9091460197396 1305.5350717736296
3227.883084121465 1305.022710832454
3226.9218143051767 1304.4629171764745
3225.977919087737 1304.0224752590555
3225.003980986012 1303.8681695335642
3224.0 1304.0
3222.9659761297016 1304.4179666583627
3221.9019093751162 1305.1220695086527
3220.807799736245 1306.1123085508698
3219.756401267097 1307.077590137338
3218.8204680216822 1307.7068206203814
3218.0 1308.0
3217.294997202051 1307.9571282761938
3216.7054596278354 1307.5782054489625
3216.231387277353 1306.8632315183067
3215.9281177541247 1305.9564283613602
3215.8509886616744 1305.002017855258
3216.0 1304.0
3216.3751517691035 1302.9503747955862
3216.9764439689834 1301.8531422420165
3217.8038765996407 1300.708302339291
3218.674892208155 1299.628284138945
3219.4069333416087 1298.725516692515
3220.0 1298.0
3220.4540921833304 1297.4517340614007
3220.7692098915986 1297.0807188767164
3220.945353124806 1296.886954445948
3221.1336401080557 1296.718311249413
3221.485189066454 1296.4226597674306
3222.0 1296.0
3222.678072908694 1295.4503319471216
3223.5194077925353 1294.7736556087955
3224.5240046515255 1293.9699709850215
3225.6343782546205 1293.1729594756869
3226.793043370779 1292.51630248068
3228.0 1292.0
3229.255248142284 1291.6240520336478
3230.5587877976304 1291.3884585816222
3231.9106189660406 1291.2932196439244
3233.060090364219 1291.3550430075766
3233.7565507088725 1291.5906364596017
3234.0 1292.0
3233.790438237602 1292.583133628771
3233.127865421678 1293.3400373459153
3232.0122815522295 1294.2707111514328
3230.8939684489515 1295.141226923298
3230.2232079315418 1295.7176565394873
3230.0 1296.0
3230.224344654326 1295.9882573048362
3230.8962418945193 1295.682428453996
3232.015691720582 1295.0825134474794
3233.3538767198474 1294.4642621193007
3234.681979479654 1294.1034243034744
3236.0 1294.0
3237.3079382808864 1294.153989208878
3238.605794322313 1294.5653919301083
3239.89356812428 1295.234208163691
3240.982771231963 1295.8509781386751
3241.684915190536 1296.106242084112
3242.0 1296.0
3241.9280256603543 1295.5322518863402
3241.4689921716 1294.7029977431318
3240.622899533736 1293.5122375703759
3239.638384777264 1292.207646826425
3238.7640849326854 1291.036900969633
3238.0 1290.0
3237.3461299792075 1289.096943917526
3236.8024748703074 1288.327732722211
3236.3690346733015 1287.692366414055
3236.0758089933393 1287.1253631249979
3235.9527974355724 1286.5612409869796
3236.0 1286.0
3236.2174166866234 1285.4416401640594
3236.605047495442 1284.8861614791576
3237.162892426456 1284.3335639452948
3237.684539040479 1283.706841090255
3237.963574898328 1282.9289864418238
3238.0 1282.0
3237.793814345498 1280.9198817647846
3237.34501793482 1279.6886317361768
3236.653610767967 1278.3062499141777
3235.816956763788 1277.0780347779164
3234.9324198411323 1276.3092848065241
3234.0 1276.0
3233.0196972403915 1276.150180358345
3231.9915115623053 1276.7598258815583
3230.9154429657438 1277.8289365696405
3229.8581648212385 1278.9360613533577
3228.886350499324 1279.6597491634777
3228.0 1280.0
3227.199113323267 1279.9568138629247
3226.483690469123 1279.5301907522517
3225.853731437571 1278.7201306679813
3225.2562765310026 1277.7500415463812
3224.638366051812 1276.843331323721
3224.0 1276.0
3223.3411783755655 1275.2200475752186
3222.661901178509 1274.5034740493766
3221.9621684088315 1273.850279422474
3221.2708426594127 1273.2303560350215
3220.616786523136 1272.61359622753
3220.0 1272.0
3219.4204830900067 1271.3895673524307
3218.878235793154 1270.7822982848224
3218.3732581094428 1270.1781927971756
3218.007556401411 1269.534488910156
3217.883137031597 1268.808424644431
3218.0 1268.0
3218.358145306621 1267.1092149768635
3218.957572951458 1266.1360695750213
3219.7982829345137 1265.0805637944734
3220.6838189321206 1264.007154948487
3221.4177246206173 1262.9803003503291
3222.0 1262.0
3222.430645070272 1261.0662538974998
3222.709659831431 1260.1790620428283
3222.837044283479 1259.3384244359854
3222.778418894753 1258.644803621146
3222.4994041335935 1258.1986621424842
3222.0 1258.0
3221.280206493972 1258.0488171936938
3220.3400236155103 1258.3451137235652
3219.1794513646146 1258.8888895896148
3217.9790010326933 1259.4573566579718
3216.9191839111554 1259.827726794767
3216.0 1260.0
3215.221449299228 1259.974176273671
3214.5835318088393 1259.75025561578
3214.086247528833 1259.3282380263267
3213.569797131308 1258.8332786532455
3212.874381288364 1258.3905326444699
3212.0 1258.0
3210.9466532662154 1257.6616807198357
3209.7143410870112 1257.375574803977
3208.303063462387 1257.1416822524243
3207.0466606238983 1256.8763047558882
3206.2789728031034 1256.49574400508
3206.0 1256.0
3206.209742214589 1255.3890727406479
3206.9081994468697 1254.6629622270236
3208.0953716968443 1253.8216684591275
3209.48357245863 1253.0200039225363
3210.785115226349 1252.412781102827
3212.0 1252.0
3213.128226779584 1251.781660614055
3214.1697955651007 1251.7577629449918
3215.1247063565497 1251.928306992811
3216.0519046243207 1252.114782820005
3217.0103358388046 1252.1386804890683
3218.0 1252.0
3219.020897107908 1251.6987413528004
3220.073027162527 1251.2349045474693
3221.156390163859 1250.6084895840072
3222.204999795444 1250.06907693521
3223.152869740825 1249.8662470738743
3224.0 1250.0
3224.7463905729705 1250.4703357135872
3225.392041459736 1251.2772542146358
3225.936952660297 1252.420755503146
3226.495874380791 1253.692977790957
3227.1835568273586 1254.8860592899084
3228.0 1256.0
3228.9452038987138 1257.0347999212322
3230.019168523501 1257.9904590536044
3231.2218938743617 1258.8669773971174
3232.3753094753633 1259.550834096826
3233.3013448505767 1259.928508297787
3234.0 1260.0
3234.471274923634 1259.765309203465
3234.7151696214787 1259.224435908182
3234.7316840935346 1258.377380114151
3234.5856021003597 1257.446462072531
3234.341707402515 1256.6540020344808
3234.0 1256.0
3233.560479892815 1255.484455969089
3233.0231470809595 1255.1073699417475
3232.3880015644336 1254.868741917976
3231.666633478033 1254.659282356876
3230.870632956556 1254.369701717551
3230.0 1254.0
3229.054734608366 1253.5501772042237
3228.034836781653 1253.0202333302213
3226.940306519864 1252.410168377994
3225.8590414758814 1251.708954897323
3224.8789393025936 1250.9055654379918
3224.0 1250.0
3223.2222235681 1248.9922585833476
3222.545610006895 1247.8823411880348
3221.9701593163836 1246.6702478140614
3221.401339888898 1245.53143270363
3220.74462011677 1244.641350098943
3220.0 1244.0
3219.167479538587 1243.6073824068017
3218.2470587325315 1243.4634973193474
3217.2387375818344 1243.568344737638
3216.1773636351736 1243.7691155475643
3215.0977844412287 1243.9130006350183
3214.0 1244.0
3212.884010311487 1244.0301136425096
3211.7498153756906 1244.0033415625464
3210.5974151926102 1243.9196837601112
3209.53447830006 1243.8538740109846
3208.668673235857 1243.8806460909475
3208.0 1244.0
3207.528458592489 1244.211935738142
3207.254049013324 1244.5164533053735
3207.176771262506 1244.9135527016947
3207.2824332311307 1245.3298626087503
3207.5568428102956 1245.6920117081856
3208.0 1246.0
3208.6119048002442 1246.2538274841938
3209.3925572110284 1246.4534941607671
3210.3419572323533 1246.5990000297202
3211.215366757599 1246.8336170031794
3211.768047680148 1247.3006169932728
3212.0 1248.0
3211.9112237171544 1248.931766023361
3211.5017188316115 1250.0959150633557
3210.7714853433727 1251.4924471199847
3209.8698106677166 1252.7795464832834
3208.945982219926 1253.6153974432889
3208.0 1254.0
3207.031864007938 1253.9333541534177
3206.0415742437403 1253.4154599035414
3205.0291307074085 1252.4463172503715
3204.0102136805403 1251.377992986008
3203.0005034447377 1250.5625539025507
3202.0 1250.0
3201.008703346328 1249.6903312783556
3200.0266134837193 1249.6335477376176
3199.053730412177 1249.8296493777862
3198.0689072490395 1250.0636067117796
3197.0509971116476 1250.1203902525178
3196.0 1250.0
3194.915915914098 1249.7024359542265
3193.7987448539407 1249.2276981151972
3192.6484868195294 1248.5757864829125
3191.576342825222 1247.795922298869
3190.6935138853787 1246.937326804565
3190.0 1246.0
3189.4958011690846 1244.983941885174
3189.180917392633 1243.8891524600874
3189.0553486706467 1242.71563172474
3188.917480244071 1241.60530393945
3188.5656973538557 1240.700093364537
3188.0 1240.0
3187.220388182504 1239.5050238458398
3186.2268619013676 1239.2151649020557
3185.019421156592 1239.1304231686481
3183.8076645992396 1239.2389207310966
3182.801190880376 1239.5287796748805
3182.0 1240.0
3181.404091958113 1240.652581706455
3181.0134667547136 1241.4865247942453
3180.8281243898036 1242.5018292633715
3180.680976604937 1243.405616118415
3180.404935141669 1243.905006363958
3180.0 1244.0
3179.466171179931 1243.6905970265418
3178.80344868146 1242.9767974435829
3178.0118325045887 1241.8586012511232
3177.217586882253 1240.5496047806362
3176.5469760473898 1239.2634043635953
3176.0 1238.0
3175.5766587400826 1236.7593916898504
3175.276952267637 1235.5415794331466
3175.100880582666 1234.346563229889
3174.9023909904345 1233.2967551977667
3174.5354307962125 1232.5145674544704
3174.0 1232.0
3173.2960986017965 1231.7530528343555
3172.423726601602 1231.7737259575367
3171.3828839994176 1232.062019369544
3170.256956064028 1232.33653069943
3169.129328064223 1232.315857576249
3168.0 1232.0
3166.8689718713604 1231.3889579706836
3165.7362436783033 1230.4827314882994
3164.6018154208305 1229.2813205528478
3163.555872625394 1228.0173939389852
3162.688600818451 1226.9236204213696
3162.0 1226.0
3161.4900701700417 1225.2465326748768
3161.158811328576 1224.663218446
3161.0062234756033 1224.2500573133696
3160.852252628051 1224.0035501111013
3160.5168448028503 1223.9201976733116
3160.0 1224.0
3159.3017182195003 1224.2429570911665
3158.421999461352 1224.6490689468114
3157.360843725554 1225.2183355669347
3156.219500495188 1225.7390831721834
3155.0992192533367 1225.999637983205
3154.0 1226.0
3152.921842735178 1225.7401692225678
3151.8647474588697 1225.2201456509085
3150.828714171076 1224.4399292850226
3149.8307444008205 1223.5619508557977
3148.887839677129 1222.7486410941237
3148.0 1222.0
3147.167225369434 1221.3160275734267
3146.3895157854313 1220.6967238144039
3145.6668712479923 1220.1420887229315
3145.01825532211 1219.5558783596962
3144.462631572779 1218.841848785386
3144.0 1218.0
3143.630360603772 1217.0303320035391
3143.3537133840955 1215.9328447960024
3143.170058340971 1214.7075383773908
3142.948612555408 1213.54722343047
3142.5585931084174 1212.6447106380065
3142.0 1212.0
3141.2728332301554 1211.6130915164513
3140.3770927988835 1211.4839851873594
3139.312778706184 1211.6126810127253
3138.178958234332 1211.8274477241516
3137.0746986656045 1211.9565540532435
3136.0 1212.0
3134.9548622375187 1211.9577855644213
3133.93928537816 1211.8299107465075
3132.9532694219256 1211.616375546259
3131.9776380385956 1211.2658680023967
3130.9932148979547 1210.727076153644
3130.0 1210.0
3128.9979933447335 1209.084639541465
3127.987194932154 1207.9809947780388
3126.9676047622625 1206.689065709722
3125.9552135340896 1205.4662331503553
3124.9660119466694 1204.5698779137813
3124.0 1204.0
3123.0571776940815 1203.7565994090112
3122.137545028915 1203.8396761408146
3121.2411020045 1204.2492301954107
3120.513302979085 1204.82562198436
3120.0996023109187 1205.409211919223
3120.0 1206.0
3120.21449604633 1206.5979862266906
3120.743090449908 1207.203170599295
3121.5857832107354 1207.8155531178131
3122.520524146954 1208.4689238323726
3123.3252630767092 1209.1970727931018
3124.0 1210.0
3124.544734916826 1210.8777054530674
3124.959467827188 1211.830189152304
3125.2441987310867 1212.85745109771
3125.4746632502984 1213.916390576958
3125.7265970066032 1214.9639068777215
3126.0 1216.0
3126.294872230489 1217.0246699437942
3126.6112136980705 1218.0379167091032
3126.9490244027447 1219.039740295928
3127.2981630179193 1220.0327327058792
3127.648488217005 1221.0194859405703
3128.0 1222.0
3128.3526983669053 1222.974274884169
3128.70658331772 1223.9423105930773
3129.0616548524454 1224.9041071267247
3129.403025308849 1225.8872131877663
3129.715807024701 1226.9191774788583
3130.0 1228.0
3130.2556042347474 1229.129680751192
3130.4826197289417 1230.3082197324336
3130.681046482584 1231.5356169437255
3130.7281295734297 1232.6439881675226
3130.5011140792353 1233.465449186281
3130.0 1234.0
3129.2247873357246 1234.2476406086803
3128.175476086408 1234.2083710123213
3126.8520662520523 1233.8821912109233
3125.561530583906 1233.5821911404312
3124.6108418332224 1233.6214607367904
3124.0 1234.0
3123.7290050842403 1234.7178089300605
3123.797857085942 1235.774887526972
3124.206556005106 1237.1712357907345
3124.791575812024 1238.5295316565555
3125.389390476989 1239.4724530596443
3126.0 1240.0
3126.6234043810578 1240.112172477623
3127.2596036201617 1239.8089704925133
3127.9085977173127 1239.0903940446706
3128.5779034328384 1238.3517300313456
3129.275037527068 1237.988265349789
3130.0 1238.0
3130.7527908516363 1238.3869339819794
3131.5334100819755 1239.1490672957266
3132.341857691019 1240.2863999412425
3133.074336924279 1241.5823103775929
3133.6270510272734 1242.8201770638454
3134.0 1244.0
3134.1931838424593 1245.1217791860565
3134.206602554651 1246.185514622015
3134.0402561365763 1247.1912063078755
3133.864963910373 1248.154407703097
3133.8515451981807 1249.0906722671384
3134.0 1250.0
3134.3103283158302 1250.8823909016814
3134.7825301456714 1251.7378449721828
3135.416605489524 1252.5663622115044
3135.9581018357044 1253.2690211816025
3136.15256667253 1253.7469004444345
3136.0 1254.0
3135.500401818115 1254.028319848299
3134.6537721268746 1253.8318599893314
3133.4601109262794 1253.410620423098
3132.1642028531774 1252.8981318739534
3131.0108325444185 1252.4279250662541
3130.0 1252.0
3129.1317052199247 1251.6143566751907
3128.405948204191 1251.2709950918268
3127.8227289528004 1250.969915249908
3127.278903267453 1250.675520908009
3126.671326949853 1250.3522158247067
3126.0 1250.0
3125.264922417894 1249.618873433889
3124.4660942035343 1249.2088361263739
3123.603515356922 1248.7698880774547
3122.8290442087714 1248.382076011323
3122.294539089797 1248.1254466521718
3122.0 1248.0
3121.9454269393796 1248.0057360548083
3122.130819907935 1248.1426548165962
3122.5561789056683 1248.4107562853642
3123.0801648132524 1248.8098008018287
3123.561438511363 1249.3395487067073
3124.0 1250.0
3124.3958492791635 1250.7911546817068
3124.7489863488527 1251.713012751827
3125.0594112090694 1252.7655742103616
3125.3566335783808 1253.8702302888155
3125.670163175358 1254.948372218695
3126.0 1256.0
3126.346144052307 1257.0251136327304
3126.708595332279 1258.023713116886
3127.087353839917 1258.9957984524676
3127.4467003831282 1259.968817465278
3127.7509157698228 1260.9702179811225
3128.0 1262.0
3128.1939530736604 1263.058163521911
3128.3327749908035 1264.1447085468556
3128.41646575143 1265.2596350748338
3128.407608567294 1266.3168649195154
3128.2687866501506 1267.230319894571
3128.0 1268.0
3127.601248616842 1268.625905235803
3127.072532500676 1269.1080356019797
3126.413851651503 1269.4463910985303
3125.6632037686627 1269.685548573185
3124.8585865514947 1269.8700848736753
3124.0 1270.0
3123.087444114178 1270.07529395216
3122.120918894029 1270.095966730155
3121.100424339553 1270.0620183339852
3120.0576132651754 1270.0142880858184
3119.0241384853252 1269.9936153078236
3118.0 1270.0
3116.9851978092015 1270.033442162348
3115.9797319129284 1270.0939417948673
3114.983602311183 1270.1814988975584
3113.991116640284 1270.2287229119029
3112.996582536557 1270.1682232793837
3112.0 1270.0
3111.0013690306137 1269.7240530737522
3110.0006896283976 1269.3403825006399
3108.9979617933523 1268.848988280664
3107.995686893117 1268.39115222054
3106.996366295333 1268.1081561269855
3106.0 1268.0
3105.0065880071174 1268.0666838395837
3104.016130316685 1268.3082076457365
3103.0286269287044 1268.7245714184587
3102.0347620010116 1269.2021415426343
3101.0252196914435 1269.627284403148
3100.0 1270.0
3098.9591029266817 1270.32028833319
3097.9025284714885 1270.5881494027185
3096.8302766344204 1270.803583208585
3095.795741100814 1270.840442968099
3094.8523155560074 1270.572581898571
3094.0 1270.0
3093.238794432791 1269.1226972723866
3092.568698854382 1267.9406737157306
3091.989713264773 1266.4539293300322
3091.413013616324 1265.088533982104
3090.7497758614004 1264.2705575387602
3090.0 1264.0
3089.163686032124 1264.2768613658236
3088.2408339577714 1265.101141636231
3087.2314437769437 1266.4728408112223
3086.1706216456837 1267.9616864726088
3085.093473720036 1269.1374062022012
3084.0 1270.0
3082.8902004855768 1270.5494678660048
3081.7640751767653 1270.7858098002157
3080.6216240735666 1270.7090258026333
3079.5632565095743 1270.4746805155764
3078.6893818183858 1270.2383385813653
3078.0 1270.0
3077.4951110544175 1269.7596647714804
3077.1747149816374 1269.5173328958067
3077.038811781661 1269.2730043729784
3076.894283741315 1268.9680082117106
3076.5480131474283 1268.5436734207178
3076.0 1268.0
3075.250244299031 1267.3369879495567
3074.29874604452 1266.5546372693886
3073.1455052364686 1265.6529479594956
3071.959929931424 1264.8283813252694
3070.9114281859347 1264.2773986721047
3070.0 1264.0
3069.2256453736204 1263.9961853089558
3068.588364306796 1264.2659545989718
3068.0881567995266 1264.8093078700488
3067.5683588923625 1265.3950371700034
3066.8723066258535 1265.791934546654
3066.0 1266.0
3064.9514390148015 1266.0192335300417
3063.7266236702585 1265.849635136779
3062.3255539663714 1265.4912048202123
3061.0743611588455 1265.0236178769314
3060.2991765033885 1264.5265496035274
3060.0 1264.0
3060.176831648681 1263.4439690663494
3060.82967144943 1262.8584568025753
3061.958519402248 1262.243463208678
3063.096585265677 1261.5743666795188
3063.777078798261 1260.8265456099596
3064.0 1260.0
3063.7653488708925 1259.0947298496405
3063.0731254109396 1258.1107351588805
3061.923329620142 1257.0480159277208
3060.7905716915343 1255.9746264904004
3060.1494618181537 1254.9586211811604
3060.0 1254.0
3060.3421862370724 1253.0987629469196
3061.1760205293717 1252.254910021919
3062.5015028768985 1251.4684412249985
3063.937762362891 1250.8000966003003
3065.1039280705922 1250.3106161919675
3066.0 1250.0
3066.6259781511153 1249.8682480243974
3066.9818625239377 1249.91536026516
3067.0676531184677 1250.141336722288
3067.138409686671 1250.5581272411298
3067.449191980515 1251.1776816670338
3068.0 1252.0
3068.790833745125 1253.0250822400285
3069.8216932158903 1254.2529283871193
3071.0925784122965 1255.6835384412725
3072.342890628191 1256.9622510640315
3073.3120311574266 1257.7344049169408
3074.0 1258.0
3074.4067971559125 1257.7590363132092
3074.532422625164 1257.0115138565684
3074.376876407755 1255.7574326300776
3074.1375798775107 1254.3350330413473
3074.01195440826 1253.0825554979879
3074.0 1252.0
3074.101716652732 1251.087366547383
3074.317104366457 1250.3446551401369
3074.646163141174 1249.7718657782623
3075.0538523289624 1249.249772910107
3075.5051312819055 1248.6591509840196
3076.0 1248.0
3076.538458483249 1247.2723199580487
3077.1205067316496 1246.4761108581652
3077.746144745204 1245.6113727003496
3078.428195037602 1244.8329961646784
3079.179480122534 1244.2958719312287
3080.0 1244.0
3080.8897546700005 1243.9453803709923
3081.848744132534 1244.132013044206
3082.8769683876026 1244.5598980196407
3083.932533000981 1245.0855834351553
3084.9735435384464 1245.5656174286084
3086.0 1246.0
3087.01190238564 1246.3887311493302
3088.009250695367 1246.7318108765987
3088.9920449291812 1247.0292391818061
3089.9766069565103 1247.3201698910564
3090.9792586467834 1247.6437568304545
3092.0 1248.0
3093.038831016159 1248.3888993996936
3094.0957516952612 1248.8104550295348
3095.1707620373077 1249.2646668895236
3096.2078252599513 1249.6600638851737
3097.1509045808493 1249.9051749219993
3098.0 1250.0
3098.755111517404 1249.9445391191757
3099.416239133061 1249.7387922795267
3099.983382846972 1249.3827594810532
3100.5542192615553 1248.941669020123
3101.2264249792315 1248.4807491931053
3102.0 1248.0
3102.874944323862 1247.4994214408068
3103.851257950815 1246.9790135155258
3104.9289408808627 1246.4387762241572
3106.0224147262725 1246.02325532742
3107.046101099319 1245.8769965860345
3108.0 1246.0
3108.8841114283164 1246.3922655693168
3109.698435384268 1247.0537932939849
3110.4429718678552 1247.9845831740045
3111.089070158585 1248.918799015356
3111.6080795359676 1249.5906046240214
3112.0 1250.0
3112.264831550685 1250.1469851432923
3112.4025741880205 1250.0315600538977
3112.413227912008 1249.653724731817
3112.3320532111043 1249.13061724711
3112.1943105737682 1248.5793756698376
3112.0 1248.0
3111.749121489799 1247.3924902375966
3111.4416750431647 1246.7568463826278
3111.077660660099 1246.093068435094
3110.6963883525655 1245.4086086130944
3110.3371681325334 1244.71091913473
3110.0 1244.0
3109.684883954967 1243.275851208905
3109.3918199974337 1242.5384727614446
3109.120808127401 1241.7878646576191
3108.8229500068337 1241.0843977409893
3108.4493472977 1240.4884428551163
3108.0 1240.0
3107.4749081137325 1239.6190691756406
3106.8740716388984 1239.3456503820375
3106.197490575498 1239.1797436191919
3105.4770227175413 1238.9738938298585
3104.744525859043 1238.5806459567948
3104.0 1238.0
3103.243445140414 1237.2319559594744
3102.474861280285 1236.2765138352179
3101.6942484196134 1235.133673627231
3100.9815803545825 1233.961128168748
3100.4168308813787 1232.9165702930043
3100.0 1232.0
3099.7310877104483 1231.211417289735
3099.610094012722 1230.550822162209
3099.637018906823 1230.0182146174227
3099.744606266074 1229.7037816020977
3099.8655999638 1229.697710062957
3100.0 1230.0
3100.1478063746763 1230.610651413227
3100.309019087826 1231.5296643026381
3100.4836381394516 1232.7570386682335
3100.5507820489765 1234.0384044408877
3100.3895693358263 1235.1193915514766
3100.0 1236.0
3099.3820740414985 1236.6802297864579
3098.535791460321 1237.16008091085
3097.4611522564683 1237.4395533731768
3096.2840347734 1237.621347308131
3095.1303173545775 1237.8081628504053
3094.0 1238.0
3092.8930827096683 1238.1968587569147
3091.809565483581 1238.3987391211497
3090.7494483217397 1238.6056410927051
3089.745009310623 1238.6779561547703
3088.8285265367094 1238.4760757905353
3088.0 1238.0
3087.259429700494 1237.2497287831643
3086.6068156381916 1236.2252621400285
3086.0421578130936 1234.9266000705925
3085.4681315850853 1233.64424909658
3084.7874123140546 1232.6687157397162
3084.0 1232.0
3083.1058946429225 1231.6381018774318
3082.1050962428217 1231.583021372012
3080.997604799698 1231.8347584837402
3079.8906456233076 1232.1232159324147
3078.891444023409 1232.178296437835
3078.0 1232.0
3077.2163135530827 1231.5883266189105
3076.5403846826553 1230.9432762945662
3075.9722133887194 1230.0648490269673
3075.4102168972895 1229.1720108644863
3074.7528124343835 1228.4837278554976
3074.0 1228.0
3073.1517795941395 1227.7208272979944
3072.2081512168015 1227.64620974948
3071.169114867987 1227.7761473544579
3070.0924974373966 1227.9558299917778
3069.036125814735 1228.030447540292
3068.0 1228.0
3066.984119993192 1227.8644873709018
3065.988485794311 1227.623909652997
3065.013097403358 1227.278266846287
3064.034798478325 1226.8707869626237
3063.0304326772057 1226.4446980138614
3062.0 1226.0
3060.9435004467077 1225.5366929210393
3059.860934017329 1225.0547767769795
3058.7523007118643 1224.5542515678208
3057.698711692651 1224.1527815658123
3056.78127812203 1223.9680310432054
3056.0 1224.0
3055.3548773265616 1224.248688436195
3054.845910101714 1224.714096351791
3054.473098325458 1225.3962237467886
3054.217375810211 1226.2125236424993
3054.059676368392 1227.0804490602366
3054.0 1228.0
3054.0383467050356 1228.9711764617896
3054.1747164834983 1229.9939784456053
3054.409109335389 1231.0684059514476
3054.552589001637 1232.1276321347457
3054.4162192231743 1233.10483015093
3054.0 1234.0
3053.303931332114 1234.813141681956
3052.328013219517 1235.5442551967978
3051.072245662209 1236.1933405445257
3049.8004235132985 1236.7994613268033
3048.776341625896 1237.4016811452948
3048.0 1238.0
3047.471398635612 1238.594417890919
3047.1905375327315 1239.1849348180517
3047.1574166913583 1239.7715507813982
3047.3115365852386 1240.4089332377673
3047.59239768812 1241.151749643968
3048.0 1242.0
3048.534343520881 1242.9536843058636
3049.1954282507613 1244.0128025615584
3049.983254189643 1245.177354767085
3050.774801419714 1246.302494802148
3051.4470500231673 1247.2433765464532
3052.0 1248.0
3052.4336513502144 1248.5723651627889
3052.748004073809 1248.9604720348193
3052.943058170785 1249.1643206160923
3053.1507660075863 1249.3316535048998
3053.503079950658 1249.6102132995359
3054.0 1250.0
3054.641526155613 1250.5010136062924
3055.427658417495 1251.113254118413
3056.3583967856484 1251.836721536362
3057.2094914236573 1252.5964730573414
3057.756692495108 1253.317565878554
3058.0 1254.0
3057.9394139383344 1254.643775421679
3057.5749343101093 1255.248892143591
3056.9065611153264 1255.8153501657364
3056.2589521171376 1256.4228414843844
3055.9567650786953 1257.1510580958059
3056.0 1258.0
3056.3886568810512 1258.969667196967
3057.1227357218504 1260.060059686707
3058.2022365223957 1261.27117746922
3059.2367958735194 1262.422033591906
3059.836050366054 1263.3316411021663
3060.0 1264.0
3059.728644775356 1264.4271102854077
3059.0219846921227 1264.6129719583887
3057.8800197503006 1264.557585018944
3056.5424948639666 1264.3782902975115
3055.2491549472 1264.19242862453
3054.0 1264.0
3052.7950300223665 1263.8010044239209
3051.6342450143006 1263.5954418962929
3050.517644975802 1263.383312417116
3049.5082349426793 1263.0860024008018
3048.669019950746 1262.6248982617633
3048.0 1262.0
3047.5011750904414 1261.2113076155117
3047.1725452220717 1260.2588211082987
3047.0141103948895 1259.1425404783608
3046.852539924398 1257.9945841865647
3046.514503126102 1256.947070693778
3046.0 1256.0
3045.3090305460933 1255.1533721052313
3044.44159476438 1254.4071870094713
3043.397692654862 1253.7614447127207
3042.265414399819 1253.1687147020316
3041.132850181532 1252.5815664644583
3040.0 1252.0
3038.8668638552244 1251.4240153086569
3037.733441747204 1250.853612390429
3036.5997336759397 1250.2887912453166
3035.5549736766884 1249.6597942679114
3034.688395784709 1248.8968638528058
3034.0 1248.0
3033.4897863225633 1246.9692027094943
3033.157754752396 1245.8044719812879
3033.0039052895013 1244.5058078153816
3032.849187984494 1243.3169641349457
3032.514552887994 1242.4816948631521
3032.0 1242.0
3031.3055293205125 1241.87187954549
3030.4311408495305 1242.0973334996215
3029.376834587055 1242.6763618623952
3028.2387873052335 1243.327309811303
3027.113175776216 1243.768522523838
3026.0 1244.0
3024.899259976588 1244.021742239789
3023.810955705978 1243.8337492432051
3022.7350871881713 1243.4360210102482
3021.7180881841036 1242.9413992194584
3020.806392454714 1242.4627255493756
3020.0 1242.0
3019.298910819963 1241.5532225713316
3018.703124914603 1241.1223932633702
3018.21264228392 1240.707512076116
3017.8971280345872 1240.3576282052804
3017.8262472732813 1240.1217908465753
3018.0 1240.0
3018.4183862147447 1239.992255665555
3019.0814059175154 1240.0985578432399
3019.9890591083117 1240.3189065330553
3020.899143608372 1240.690609326636
3021.569457238935 1241.2509738156175
3022.0 1242.0
3022.1907718915686 1242.9376878797832
3022.1417729136388 1244.064037454967
3021.8530030662123 1245.379048725552
3021.374676981849 1246.609826946014
3020.7570092931114 1247.4834773708303
3020.0 1248.0
3019.1036491025134 1248.1593948335237
3018.0679566006515 1247.961661871401
3016.892922494416 1247.4068011136324
3015.7416833894204 1246.7615401083897
3014.7773758912817 1246.2926064038456
3014.0 1246.0
3013.409555715574 1245.8837208968525
3013.006043038004 1245.9437690944037
3012.7894619672916 1246.1801445926533
3012.6196671260686 1246.5987101814242
3012.356513136972 1247.20532865054
3012.0 1248.0
3011.5501277151525 1248.982724229805
3011.006896282431 1250.153501339954
3010.3703057018347 1251.512331330448
3009.6514249652746 1252.7573099141755
3008.8613230646633 1253.5865328040263
3008.0 1254.0
3007.067455771285 1253.9977115020965
3006.0636903785175 1253.5796673103162
3004.9887038216993 1252.745867424659
3003.916227526725 1251.7463192224106
3002.919992919492 1250.8310300808578
3002.0 1250.0
3001.1562487682477 1249.2532289798378
3000.388739224237 1248.5907170203707
2999.6974713679674 1248.0124641215991
2999.073432096593 1247.4314414180276
2998.5076083072713 1246.7606200441614
2998.0 1246.0
2997.5506071747814 1245.149581285544
2997.159429831613 1244.2093639007928
2996.826467970497 1243.179347845747
2996.532068782604 1242.1094767138684
2996.2565794591046 1241.0496940986197
2996.0 1240.0
2995.7623304052895 1238.96039441801
2995.5435706749727 1237.9308773526495
2995.343720809051 1236.9114488039186
2995.0674885411167 1235.9116982987612
2994.619581604767 1234.941215364122
2994.0 1234.0
2993.2087437268165 1233.088052206396
2992.245812785216 1232.2053719833098
2991.111207175199 1231.3519593307415
2989.9518888595817 1230.6425557157859
2988.9148198011826 1230.1919026055389
2988.0 1230.0
2987.2074294560352 1230.0668478991697
2986.5371081692865 1230.3924463030476
2985.9890361397565 1230.976795211634
2985.4434005236126 1231.5663007398573
2984.7803884770274 1231.9073690026457
2984.0 1232.0
2983.1022350925296 1231.8441937319196
2982.087093754618 1231.4399501984046
2980.954575986264 1230.7872693994552
2979.832152443184 1230.1818620672932
2978.847293781096 1229.919438934142
2978.0 1230.0
2977.290271099894 1230.4235452648682
2976.7181070807796 1231.1900747287464
2976.2835079426573 1232.2995883916349
2976.0081292617215 1233.564749078604
2975.9136266141695 1234.7982196147261
2976.0 1236.0
2976.2672494192143 1237.1700902344264
2976.715374871811 1238.3084903180047
2977.344376357792 1239.4152002507356
2977.896849764263 1240.4296434610808
2978.115390978332 1241.291243377502
2978.0 1242.0
2977.5506768292653 1242.555913328574
2976.7674214661292 1242.9589833632244
2975.650233910591 1243.2092101039516
2974.388549930477 1243.4129457104668
2973.1718052936135 1243.6765423424831
2972.0 1244.0
2970.873134049636 1244.383318683018
2969.7912074425226 1244.8264983915365
2968.7542201786596 1245.3295391255558
2967.7718506528713 1245.7593489427848
2966.8537772599857 1245.982835900933
2966.0 1246.0
2965.210518872915 1245.810841239986
2964.4853338787316 1245.4153596208907
2963.8244450174498 1244.813555142715
2963.2025683745114 1244.2531828550461
2962.594420035362 1243.9819978074747
2962.0 1244.0
2961.4193082684255 1244.307189432622
2960.8523448406395 1244.9035661053406
2960.2991097166414 1245.7891300181561
2959.9016279889447 1246.7215539269368
2959.8019247500642 1247.4585105875515
2960.0 1248.0
2960.495853738752 1248.3460221642824
2961.2894859663193 1248.4965770803985
2962.3808966827037 1248.451664748349
2963.609885914042 1248.3063824722215
2964.816253686474 1248.1558275561051
2966.0 1248.0
2967.161124854619 1247.8388998039056
2968.299628250332 1247.6725269678223
2969.4155101871384 1247.50088149175
2970.4390565268027 1247.4401512397333
2971.3005531310905 1247.6065240758167
2972.0 1248.0
2972.537397133533 1248.6205790122838
2972.912744531688 1249.4682611126673
2973.126042194466 1250.5430463011512
2973.3113304806957 1251.7193767560457
2973.6026497492076 1252.871694655662
2974.0 1254.0
2974.503381233074 1255.1042927890599
2975.1127934484293 1256.184573022841
2975.828236646067 1257.2408407013445
2976.581849477911 1258.2435882239931
2977.305770595889 1259.1633079902117
2978.0 1260.0
2978.664537690245 1260.7536642533578
2979.299383666623 1261.424300750285
2979.9045379291347 1262.0119094907823
2980.530905985171 1262.5968716777718
2981.2293933421265 1263.2595685141778
2982.0 1264.0
2982.8427259587907 1264.818166135238
2983.757571218499 1265.714066919892
2984.7445357791257 1266.6877023539623
2985.566047944391 1267.7307372649298
2985.984536018015 1268.8348364802757
2986.0 1270.0
2985.612439890343 1271.2262278241028
2984.821855689045 1272.513519952584
2983.6282473961082 1273.8618763854438
2982.2950285707016 1275.0187047326492
2981.085612771999 1275.731412604168
2980.0 1276.0
2979.038190254705 1275.8244669201456
2978.2001835361134 1275.2048133646044
2977.4859798442258 1274.1410393333765
2976.886002853621 1273.0459232280648
2976.3906762388797 1272.3322434502727
2976.0 1272.0
2975.7139741369833 1272.0491928772467
2975.5325986498283 1272.4798220820126
2975.4558735385367 1273.291887614298
2975.5000654186806 1274.261311454517
2975.681440905835 1275.1640155830844
2976.0 1276.0
2976.455742701175 1276.7692647052634
2977.0486690093594 1277.471809698875
2977.7787789245544 1278.107634980835
2978.558049078737 1278.7195413781646
2979.2984561038857 1279.3503297178863
2980.0 1280.0
2980.66268076708 1280.6685522245054
2981.2864984051253 1281.3559863914027
2981.8714529141375 1282.062302500692
2982.484973442229 1282.7547736098272
2983.194489137517 1283.4006727762635
2984.0 1284.0
2984.9015060296783 1284.5527552810374
2985.899007226552 1285.058938619375
2986.9925035906217 1285.5185500150137
2988.087665823441 1285.8629280739824
2989.090164626567 1286.0234114023115
2990.0 1286.0
2990.8171719437387 1285.7926938670487
2991.5416804577835 1285.4014930034573
2992.173525542135 1284.826397409226
2992.7668093949 1284.2898801684996
2993.3756342141887 1284.0144143654245
2994.0 1284.0
2994.6399067523334 1284.2466370722261
2995.2953544711895 1284.7543255821029
2995.966343156569 1285.523065529631
2996.644811140488 1286.397790915018
2997.322696754965 1287.2234357384746
2998.0 1288.0
2998.676720875591 1288.7274836995944
2999.352859381741 1289.4058868372572
3000.0284155184486 1290.0352094129894
3000.6976570955003 1290.6567076747235
3001.3548519226842 1291.311637870394
3002.0 1292.0
3002.6331013274466 1292.721794063542
3003.2541559050255 1293.4770200610196
3003.863163732737 1294.2656779924334
3004.502579619839 1294.995296369973
3005.2148583755934 1295.5734037058287
3006.0 1296.0
3006.8580044930577 1296.2750852524875
3007.7888718547674 1296.398659463291
3008.792602085129 1296.3707226324107
3009.842420741017 1296.2604029943277
3010.9115533793074 1296.1368287835244
3012.0 1296.0
3013.1077606030935 1295.8499166437553
3014.2348351885885 1295.6865787147894
3015.381223756486 1295.5099862131037
3016.442895934053 1295.4422856640608
3017.315821348558 1295.6056235930264
3018.0 1296.0
3018.49543188838 1296.6254148849812
3018.802117013697 1297.4818682479704
3018.9200553759524 1298.5693600889676
3018.8335369879956 1299.752549687972
3018.5268518626785 1300.8960963249829
3018.0 1302.0
3017.252981399961 1303.0642607130233
3016.2857960625606 1304.0888784640529
3015.0984439878002 1305.073853253089
3013.889215471306 1306.0424162081051
3012.856400808706 1307.0177984570755
3012.0 1308.0
3011.3200130451874 1308.9890208368786
3010.8164399442685 1309.984860967711
3010.489280697244 1310.9875203924978
3010.2756146286097 1311.9929530633958
3010.112521062862 1312.9971129325634
3010.0 1314.0
3009.9380514400254 1315.0016142657055
3009.926675382937 1316.00195572968
3009.9658718287355 1317.0010243919241
3010.0126523125923 1317.999865411518
3010.0240283696808 1318.9995239475434
3010.0 1320.0
3009.940567203551 1321.0012935688878
3009.845729980333 1322.003404654207
3009.715488330347 1323.0063332559575
3009.648471495839 1324.007854467495
3009.7433087190566 1325.0057433821762
3010.0 1326.0
3010.41854533867 1326.9906243209673
3010.9989447350645 1327.9776163450774
3011.741198189186 1328.960976072331
3012.540963156821 1329.9530077835107
3013.2938970937594 1330.9660157594005
3014.0 1332.0
3014.6592718755437 1333.0549605053093
3015.2717127203896 1334.1308972753282
3015.8373225345395 1335.227810310057
3016.216860674346 1336.2740988314397
3016.271086496167 1337.1981620614208
3016.0 1338.0
3015.403601185846 1338.6796126471772
3014.4818900537057 1339.2370000029528
3013.2348666035787 1339.6721620673266
3011.935650574878 1339.9579547834053
3010.8573617070188 1340.0672340942967
3010.0 1340.0
3009.3635654538225 1339.756252500516
3008.948058068486 1339.3359915958438
3008.7534778439904 1338.739217285984
3008.6136803208296 1338.20039469035
3008.3625210395 1337.9539889283553
3008.0 1338.0
3007.5261172023293 1338.3384279052837
3006.9408726464885 1338.969272644207
3006.244266332478 1339.8925342167697
3005.4933786112497 1340.8396770744944
3004.745289833757 1341.5421656689045
3004.0 1342.0
3003.2575091099775 1342.2131800677805
3002.517817163691 1342.181705872246
3001.7809241611403 1341.9055774133972
3001.092714678335 1341.6504317515707
3000.499073291289 1341.6819059471052
3000.0 1342.0
2999.595494804469 1342.6047139102552
2999.285557704696 1343.496047677871
2999.0701887006817 1344.674001302847
2998.839222207626 1345.924399082746
2998.482492640732 1347.0330653151304
2998.0 1348.0
2997.391744285429 1348.8252031373552
2996.6577254970193 1349.5086747271953
2995.7979436347714 1350.0504147695208
2994.9830631870186 1350.5809515297303
2994.3837486420953 1351.2308132732235
2994.0 1352.0
2993.831817260734 1352.8885117100594
2993.879200424297 1353.8963484034023
2994.1421494906895 1355.0235100800287
2994.373509781373 1356.1454472944263
2994.3261266178097 1357.1376106010832
2994.0 1358.0
2993.3951299279433 1358.7326154911761
2992.511516401641 1359.3354570746117
2991.3491594210923 1359.8085247503072
2990.109211458078 1360.1019202592674
2988.992824984381 1360.1657453424984
2988.0 1360.0
2987.130736504936 1359.6046842317726
2986.3850344991884 1358.9797980378155
2985.762893982758 1358.1253414181292
2985.1934436923807 1357.2430311499697
2984.6058123647954 1356.5345840105933
2984.0 1356.0
2983.376006597997 1355.6392791181893
2982.733832158784 1355.4524213651616
2982.0734766823625 1355.439426740917
2981.396793054304 1355.5510039520238
2980.7056341601838 1355.737861705052
2980.0 1356.0
2979.2798905737536 1356.337418836869
2978.5453058814437 1356.7501182156584
2977.796245923071 1357.2380981363685
2977.09246464846 1357.673167360108
2976.4937160074364 1357.927134647985
2976.0 1358.0
2975.611316626151 1357.8917634161528
2975.3276658858895 1357.6024248964432
2975.149047779215 1357.1319844408717
2974.937307943825 1356.632214109551
2974.554292017421 1356.2548859625938
2974.0 1356.0
2973.274431891563 1355.86755622177
2972.37758769211 1355.8575546279035
2971.309467401641 1355.969995218401
2970.1725765774736 1356.0891035381421
2969.0694207769275 1356.0991051320086
2968.0 1356.0
2966.9643142466925 1355.791788142116
2965.9623635170046 1355.4744695583572
2964.9941478109376 1355.0480442487235
2964.027232591328 1354.610942439373
2963.0291833210154 1354.2615943564656
2962.0 1354.0
2960.939682628281 1353.8261593699772
2959.8482312058586 1353.7400724663967
2958.725645732734 1353.741739289259
2957.6640278745567 1353.8007973811743
2956.755479296979 1353.8868842847548
2956.0 1354.0
2955.3975899836205 1354.14014452691
2954.948249247839 1354.3073178654847
2954.6519777926583 1354.5015200157245
2954.4330446057747 1354.806495495803
2954.2157186748886 1355.305988823895
2954.0 1356.0
2953.7858885811083 1356.8885290241183
2953.573384418213 1357.9715758962498
2953.3624875113164 1359.2491406163945
2953.071037824126 1360.471340755118
2952.616875320354 1361.388293882987
2952.0 1362.0
2951.2204118630634 1362.3064591061582
2950.2781109095445 1362.307671201461
2949.1730971394436 1362.0036362859091
2948.0296173383554 1361.4765710845988
2946.971918291874 1360.8086923226294
2946.0 1360.0
2945.113862462733 1359.0504941167108
2944.3135056800734 1357.9601746727612
2943.598929652021 1356.7290416681524
2942.9734803679635 1355.558121626176
2942.4405038172904 1354.648441070125
2942.0 1354.0
2941.6519689160928 1353.6127984158002
2941.3964105655687 1353.4868363175256
2941.233324948429 1353.6221137051766
2941.0183893427484 1353.8413658250106
2940.6072810266055 1353.9673279232852
2940.0 1354.0
2939.196546262932 1353.9393820551556
2938.1969198154 1353.7854740887515
2937.001120657407 1353.5382761007882
2935.805072464433 1353.1714612015385
2934.8046989119644 1352.658702501276
2934.0 1352.0
2933.39097572854 1351.1953536977112
2932.9776260975837 1350.2447635944095
2932.7599511071326 1349.148229690095
2932.595620315096 1348.018755854648
2932.3423032793853 1346.9693459579496
2932.0 1346.0
2931.5687104769413 1345.1107179807989
2931.048434710208 1344.3014999003465
2930.439172699801 1343.5723457586432
2929.732316756104 1342.9382258927965
2928.9192591895044 1342.4141106399154
2928.0 1342.0
2926.974539187592 1341.6958939730498
2925.8428767522805 1341.501792559065
2924.6050126940654 1341.4176957580462
2923.4549235927243 1341.4629998996834
2922.586586028036 1341.6571013136681
2922.0 1342.0
2921.6951655086164 1342.4916959586794
2921.672082553885 1343.132189189706
2921.9307511358065 1343.92147969308
2922.2048083542154 1344.7282191535473
2922.2278913089467 1345.421059255854
2922.0 1346.0
2921.5211344273753 1346.4650413859854
2920.791294591073 1346.81618341381
2919.810480491093 1347.0534260834743
2918.871781837536 1347.2787962901439
2918.2682883405055 1347.5943209289858
2918.0 1348.0
2918.0669168160193 1348.4958335031863
2918.469038788564 1349.081821438545
2919.2063659176347 1349.7579638060756
2920.120056176119 1350.4878919944783
2921.0512675369077 1351.2352373924534
2922.0 1352.0
2922.9662535653965 1352.782179817119
2923.9500282330964 1353.5817768438096
2924.951324003101 1354.3987910800724
2925.9634366613045 1355.127185076319
2926.979661993604 1355.6609213829615
2928.0 1356.0
2929.0244506804916 1356.144420927434
2930.0530140350793 1356.0941841652639
2931.0856900637627 1355.8492897134897
2932.099323856054 1355.6378864364956
2933.070760501467 1355.6881231986656
2934.0 1356.0
2934.8870423516546 1356.5735168404985
2935.7318875564292 1357.4086737201615
2936.5345356143257 1358.5054706389888
2937.218397980149 1359.7121629713738
2937.7068861087073 1360.877006091711
2938.0 1362.0
2938.097739654027 1363.0811446962412
2938.0001050707883 1364.1204401804337
2937.707096250285 1365.1178864525784
2937.2569549297173 1366.0891357352612
2936.6879228462894 1367.0498402510684
2936.0 1368.0
2935.1931863908503 1368.9396149820561
2934.267482018839 1369.8686851972366
2933.2228868839675 1370.787210645542
2932.1287613304357 1371.5308003948373
2931.054465702447 1371.9350635129904
2930.0 1372.0
2928.965364223096 1371.7256098558664
2927.9505583717337 1371.11189308059
2926.955582445914 1370.1588496741706
2925.9704770876688 1369.1705063401575
2924.985282939031 1368.4508897821008
2924.0 1368.0
2923.014628270576 1367.8178369938553
2922.029167750759 1367.9044007636664
2921.043618440549 1368.2596913094342
2920.0483761435503 1368.7794948975497
2919.0338366633678 1369.359597794405
2918.0 1370.0
2916.9468661534484 1370.7007015143352
2915.874435123712 1371.4617023374099
2914.7827069107916 1372.2830024692248
2913.739266051028 1373.0414131634338
2912.8116970807646 1373.6137456736924
2912.0 1374.0
2911.304174808735 1374.2001761423564
2910.7242215069687 1374.214274100762
2910.2601400947024 1374.0422938752172
2909.9604719947242 1373.8609150107347
2909.8737586298234 1373.8468170523292
2910.0 1374.0
2910.339196105254 1374.320463853748
2910.8913469455856 1374.8082086135719
2911.656452520995 1375.463234279473
2912.4979019806274 1376.2375412166018
2913.2790844736287 1377.0831297901111
2914.0 1378.0
2914.6606485597404 1378.988151846269
2915.2610301528493 1380.0475853289176
2915.801144779328 1381.1783004479466
2916.163227232622 1382.2693932452094
2916.2295123061795 1383.2099597625604
2916.0 1384.0
2915.474690314082 1384.6395139575277
2914.6535832484274 1385.1285016351437
2913.5366788030356 1385.4669630328485
2912.300512401413 1385.7016548676975
2911.1216194670687 1385.8793338567482
2910.0 1386.0
2908.935654000209 1386.0636532974531
2907.928581467695 1386.0702937491073
2906.9787824024584 1386.0199213549633
2906.0336983588973 1385.9651219930493
2905.0407708914113 1385.958481541395
2904.0 1386.0
2902.911385684664 1386.0896773688646
2901.7749279454024 1386.2275136479884
2900.5906267822165 1386.4135088373723
2899.4972974452035 1386.507613174006
2898.633755184465 1386.369776894882
2898.0 1386.0
2897.5960318918083 1385.3982824893592
2897.4218508598897 1384.5646243629603
2897.4774569042456 1383.4990256208034
2897.649183636546 1382.3225322962455
2897.8233646684644 1381.1561904226446
2898.0 1380.0
2898.179089631153 1378.8539610283124
2898.3606335619234 1377.7180735075813
2898.5446317923115 1376.5923374378067
2898.607600735519 1375.5571930485196
2898.426056804749 1374.693080569251
2898.0 1374.0
2897.3294303212733 1373.4779513407675
2896.4143477685684 1373.1269345915528
2895.2547523418853 1372.9469497523564
2894.038545283672 1372.7787538570806
2892.953627836377 1372.4631039396286
2892.0 1372.0
2891.177661774541 1371.3894420381948
2890.4866131599993 1370.6314300542133
2889.9268541563765 1369.7259640480552
2889.3833497846695 1368.881394920107
2888.7410650658776 1368.3060735707552
2888.0 1368.0
2887.160154587037 1367.9631742078413
2886.221528826988 1368.1955961942788
2885.1841227198547 1368.6972659593132
2884.105800452753 1369.266209955611
2883.0444262128017 1369.70045463584
2882.0 1370.0
2880.972521814348 1370.1648460480908
2879.961991655846 1370.1949927801127
2878.9684095244943 1370.0904401960656
2877.9818474988097 1369.9657897906704
2876.992377657312 1369.9356430586488
2876.0 1370.0
2875.004714526874 1370.1588606147245
2874.006521237934 1370.4122249028221
2873.005420133181 1370.7600928642933
2872.0031145543867 1371.1612735225876
2871.0013078433267 1371.5745759011565
2870.0 1372.0
2868.999191024407 1372.4375458191175
2867.9988809165475 1372.8872133585091
2866.999069676422 1373.3490026181755
2865.999465174869 1373.7332357404691
2864.9997752827285 1373.9502348677443
2864.0 1374.0
2863.000139326683 1373.8825311372366
2862.000193262779 1373.5978282794542
2861.0001618082865 1373.1458914266532
2860.0000943963973 1372.6615342568175
2859.0000404603015 1372.2795704479333
2858.0 1372.0
2856.999973015492 1371.8228229130177
2855.999959506778 1371.7480391869863
2854.999959473858 1371.7756488219063
2853.9999684467466 1371.85311427418
2852.9999819554605 1371.9278980002114
2852.0 1372.0
2851.0000225803637 1372.0694202735458
2850.000049696552 1372.136158820849
2849.0000813485667 1372.2002156419096
2848.0000949231207 1372.2197800981012
2847.000067806932 1372.1530415507982
2846.0 1372.0
2844.9998915023243 1371.760655445707
2843.999742313905 1371.4350078879188
2842.999552434743 1371.0230573266363
2841.999462014526 1370.6059829149895
2840.9996112029453 1370.2649638061107
2840.0 1370.0
2839.0006284056894 1369.8110914966567
2838.001496420015 1369.698238296081
2837.002604042976 1369.6614403982735
2836.00313298972 1369.699877967516
2835.002264975395 1369.8127311680917
2834.0 1370.0
2832.9963380635363 1370.2616844632414
2831.9912791660036 1370.5977845578159
2830.9848233074017 1371.0083002837234
2829.9817400471543 1371.4169715021364
2828.9867989446875 1371.747538074229
2828.0 1372.0
2827.0213432130918 1372.1743572794499
2826.0508285839624 1372.2706099125785
2825.088456112614 1372.2887578993864
2824.1064267273505 1372.2427374641081
2823.0769413564794 1372.1464848309795
2822.0 1372.0
2820.875602657912 1371.8032829711701
2819.703749330216 1371.5563337444896
2818.4844400169122 1371.2591523199585
2817.379699588738 1370.904381490992
2816.5515529164345 1370.484664051006
2816.0 1370.0
2815.7250408394348 1369.4503893379742
2815.7266754347393 1368.8358320649288
2816.0049037859135 1368.1563281808635
2816.282042406884 1367.4420847010506
2816.28040781158 1366.723308640763
2816.0 1366.0
2815.440818972145 1365.272158778762
2814.6028647280145 1364.5397849770488
2813.4861372676087 1363.8028785948609
2812.483601525512 1363.1097769693702
2811.9882224363096 1362.5088174377502
2812.0 1362.0
2812.518934216585 1361.58332465612
2813.5450250860636 1361.2587914061103
2815.0782726084367 1361.026400249971
2816.594126217823 1360.7881423716155
2817.568035348345 1360.4460089549589
2818.0 1360.0
2817.8900201727897 1359.4501155067396
2817.2380958667136 1358.796355475177
2816.044227081773 1358.0387199053132
2814.6183078342146 1357.272479912046
2813.270232140291 1356.5929066102753
2812.0 1356.0
2810.807611413343 1355.4937600812207
2809.693066380318 1355.0741868539371
2808.6563649009277 1354.7412803181498
2807.6960267768864 1354.4658670449958
2806.8105718099105 1354.2187736056123
2806.0 1354.0
2805.264311347155 1353.8095462281585
2804.6035058513758 1353.6474122900877
2804.017583512662 1353.513598185788
2803.42775372669 1353.4878733735352
2802.7552258891355 1353.650007311606
2802.0 1354.0
2801.1620760592823 1354.5378514387176
2800.2414540669824 1355.263561627758
2799.2381340231013 1356.1771305671223
2798.181895307419 1357.0513371582365
2797.1025172997192 1357.6589603025295
2796.0 1358.0
2794.874343408262 1358.0744562506486
2793.7255475245056 1357.8823290544751
2792.553612348731 1357.4236184114798
2791.480874428793 1356.8707703437105
2790.6296703125495 1356.3962308732177
2790.0 1356.0
2789.5918634911436 1355.6820777240582
2789.405260785981 1355.442464045392
2789.4401918845133 1355.2811589640014
2789.599524786486 1355.2795963350547
2789.7861274916486 1355.5192100137212
2790.0 1356.0
2790.241142311541 1356.7219662938915
2790.5095544262704 1357.6851088953954
2790.8052363441902 1358.8894278045123
2791.144199074512 1360.118318312626
2791.5424536264486 1361.1551757111222
2792.0 1362.0
2792.516838195166 1362.6527911792596
2793.092968211947 1363.113549248901
2793.7283900503435 1363.3822742089246
2794.42416965533 1363.5660493447426
2795.181372971882 1363.7719579417678
2796.0 1364.0
2796.880050739683 1364.2501755194392
2797.821525190932 1364.5224845000857
2798.824423353747 1364.816926941939
2799.8663385490618 1365.1520522855837
2800.924864097813 1365.5464099716041
2802.0 1366.0
2803.0917462556226 1366.5128223707713
2804.200102864681 1367.084877083918
2805.3250698271754 1367.7161641394405
2806.3777990502967 1368.4105258306427
2807.269442441239 1369.171804450829
2808.0 1370.0
2808.5694717265806 1370.8951124781552
2808.977857620981 1371.8571418852944
2809.2251576832014 1372.886088221418
2809.42242270471 1373.9403482861153
2809.6807034769763 1374.9783188789763
2810.0 1376.0
2810.380312273782 1377.0053916491872
2810.8216402983203 1377.9944938265376
2811.323984073617 1378.9673065320512
2811.7543313881097 1379.9473844526644
2811.9796700302377 1380.958282275314
2812.0 1382.0
2811.815321297398 1383.0725376267221
2811.4256339224307 1384.1758951554807
2810.8309378750987 1385.3100725862755
2810.2738111888552 1386.3753449978979
2809.9968318971564 1387.2719874691393
2810.0 1388.0
2810.2833154973873 1388.5593825904796
2810.8467783893175 1388.9501352405782
2811.690388675792 1389.1722579502962
2812.602801478756 1389.3561011155036
2813.3726719201595 1389.6320151320717
2814.0 1390.0
2814.484785718278 1390.4600557192887
2814.827029074994 1391.0121822899375
2815.026730070148 1391.656379711947
2815.220491049713 1392.376937197968
2815.544914359664 1393.1581439606523
2816.0 1394.0
2816.585747970721 1394.902505316011
2817.3021582718275 1395.865659908685
2818.149230903319 1396.8894637780227
2818.963141111851 1397.9378312522435
2819.580064144078 1398.9746766595697
2820.0 1400.0
2820.2229486796164 1401.0138012735351
2820.248910182928 1402.0160804801744
2820.077884509935 1403.0068376199188
2819.8895511680666 1403.9960752885695
2819.8635896647556 1404.9937960819302
2820.0 1406.0
2820.298782173802 1407.014687042779
2820.7599361861594 1408.0378572102677
2821.3834620370735 1409.0695105024656
2821.9217741019716 1410.0857170163376
2822.1272867562802 1411.0625468488493
2822.0 1412.0
2821.539913833131 1412.8980764697897
2820.747028255672 1413.7567762582185
2819.621343267625 1414.5760993652868
2818.357581997883 1415.26740039118
2817.1504675753413 1415.7420339360845
2816.0 1416.0
2814.9061792718594 1416.0412985829266
2813.8690053909186 1415.8659296848643
2812.8884783571793 1415.4738933058134
2811.932733910732 1414.9765473032478
2810.969907791673 1414.4852495346436
2810.0 1414.0
2809.023010535714 1413.5207986993173
2808.038939398815 1413.0476456325955
2807.0477865893026 1412.5805407998346
2806.0460145377233 1412.2066491226658
2805.030085674622 1412.013135522721
2804.0 1412.0
2802.955757513856 1412.1672425545025
2801.897358216191 1412.514863186229
2800.824802107005 1413.0428618951792
2799.7911788629285 1413.5613357385337
2798.8495781605934 1413.880381773474
2798.0 1414.0
2797.242444381148 1413.9201904181111
2796.576911304037 1413.6409530278079
2796.0034007686677 1413.1622878290902
2795.4291345069273 1412.6475586683523
2794.761334250705 1412.260129391989
2794.0 1412.0
2793.1451317548126 1411.8671704923854
2792.1967295151426 1411.8616408691453
2791.1547932809904 1411.9834111302794
2790.078458539951 1412.1088678069068
2789.026860779621 1412.1143974301472
2788.0 1412.0
2786.9978762010883 1411.7656755164649
2786.0204893828854 1411.4114239795422
2785.0678395453924 1410.9372453892324
2784.100114253367 1410.4770122679818
2783.0775010715697 1410.1645971382377
2782.0 1410.0
2780.8676110386577 1409.9832208532687
2779.680334187544 1410.1142596980435
2778.4381694466574 1410.3931165343251
2777.3208559398468 1410.8068363629789
2776.508132790961 1411.3424641848706
2776.0 1412.0
2775.796457566963 1412.7794438083674
2775.8975054918506 1413.6807956099728
2776.303143774663 1414.7040554048162
2776.8636389964386 1415.793080665256
2777.429257738218 1416.8917288636508
2778.0 1418.0
2778.5758657817855 1419.1178940743046
2779.1568550835736 1420.2454110865638
2779.7429679053657 1421.382551036778
2780.3861989704087 1422.4346796454859
2781.1385430019545 1423.3071626332264
2782.0 1424.0
2782.970569964547 1424.513191745806
2784.0502528955953 1424.8467378706446
2785.2390487931452 1425.0006383745158
2786.3747227366616 1425.1543970173834
2787.295039805614 1425.4875175592117
2788.0 1426.0
2788.48960331982 1426.6918443397487
2788.763849765075 1427.5630505784573
2788.8227393357647 1428.6136187161264
2788.698797942951 1429.7500493613227
2788.424551497696 1430.8788431226142
2788.0 1432.0
2787.425143449863 1433.1135199934804
2786.699981847285 1434.2194031030556
2785.8245151922656 1435.3176493287256
2784.988045161187 1436.3453068146785
2784.3798734304323 1437.2394237051033
2784.0 1438.0
2783.8484248698906 1438.627035699368
2783.925148040104 1439.1205308032079
2784.2301695106407 1439.4804853115197
2784.7062644232574 1439.7336653061602
2785.2962079197105 1439.906836868987
2786.0 1440.0
2786.8176406641264 1440.013154699199
2787.7491299120893 1439.9463009665842
2788.794467743889 1439.7994388021557
2789.88547941038 1439.6971457928034
2790.9539901624175 1439.7639995254185
2792.0 1440.0
2793.023508923129 1440.4051472165486
2794.024516931804 1440.979441175064
2795.0030240260253 1441.7228818755466
2795.980859114463 1442.527904381463
2796.9798511057875 1443.286943756281
2798.0 1444.0
2799.0413057970995 1444.6670731126205
2800.1037684970865 1445.288163094142
2801.187388099961 1445.863269944565
2802.2293659028437 1446.468761251751
2803.166903202857 1447.1810046035628
2804.0 1448.0
2804.7286562942736 1448.9257474410626
2805.3528720856766 1449.9582469267507
2805.87264737421 1451.0974984570644
2806.19850102403 1452.2150836635856
2806.240951899293 1453.1825841778975
2806.0 1454.0
2805.47564532615 1454.6673311298928
2804.6678878777425 1455.184577567576
2803.576727654779 1455.5517393130503
2802.3574057307533 1455.7962923222906
2801.1651631791606 1455.945712551274
2800.0 1456.0
2798.8619161932725 1455.959154668469
2797.750911758978 1455.8231765566804
2796.666986697117 1455.5920656646351
2795.6570645914508 1455.451606847115
2794.768069025746 1455.5875849589033
2794.0 1456.0
2793.352857514214 1456.6888519704048
2792.8266415683884 1457.6541408701178
2792.4213521625225 1458.8958666991396
2792.144651164984 1460.1607332616854
2792.004200444144 1461.1954443619725
2792.0 1462.0
2792.1320498325535 1462.574400175769
2792.400349941803 1462.918644889278
2792.8049003277506 1463.0327341405286
2793.2528061964194 1463.1395491383278
2793.6511727538364 1463.461971091485
2794.0 1464.0
2794.299287934911 1464.7536358638727
2794.5490365585692 1465.7228786831029
2794.7492458709753 1466.907728457691
2795.005178323164 1468.1130830194586
2795.422096366173 1469.1438402002284
2796.0 1470.0
2796.7388892246468 1470.6815624187732
2797.6387640401126 1471.1885274565484
2798.699624446398 1471.5208951133257
2799.8272349757062 1471.7375083004747
2800.9273601602395 1471.897209929366
2802.0 1472.0
2803.045154494986 1472.0458785123756
2804.062823645198 1472.0348454664938
2805.0530074506355 1471.9669008623541
2806.031411822599 1471.9063116221357
2807.013742672387 1471.9173446680177
2808.0 1472.0
2808.990183805438 1472.1542776180827
2809.9842940887006 1472.3801775222655
2810.982330849788 1472.6776997125485
2811.9842940887 1473.046844188932
2812.9901838054375 1473.4876109514157
