291 227
2996.0 2282.0
3286.0 2508.0
1.0 1.0
3286.0 2508.0
3285.6666666666665 2507.0
3285.3333333333335 2506.0
3285.0 2505.0
3284.6666666666665 2504.0
3284.3333333333335 2503.0
3284.0 2502.0
3283.3333333333335 2501.0
3282.6666666666665 2500.0
3282.0 2499.0
3281.3333333333335 2498.0
3280.6666666666665 2497.0
3280.0 2496.0
3279.0 2496.0
3278.0 2496.0
3277.0 2496.0
3276.0 2496.0
3275.0 2496.0
3274.0 2496.0
3273.0 2495.3333333333335
3272.0 2494.6666666666665
3271.0 2494.0
3270.0 2493.3333333333335
3269.0 2492.6666666666665
3268.0 2492.0
3267.3333333333335 2491.0
3266.6666666666665 2490.0
3266.0 2489.0
3265.3333333333335 2488.0
3264.6666666666665 2487.0
3264.0 2486.0
3263.3333333333335 2485.6666666666665
3262.6666666666665 2485.3333333333335
3262.0 2485.0
3261.3333333333335 2484.6666666666665
3260.6666666666665 2484.3333333333335
3260.0 2484.0
3259.3333333333335 2483.6666666666665
3258.6666666666665 2483.3333333333335
3258.0 2483.0
3257.3333333333335 2482.6666666666665
3256.6666666666665 2482.3333333333335
3256.0 2482.0
3255.3333333333335 2481.6666666666665
3254.6666666666665 2481.3333333333335
3254.0 2481.0
3253.3333333333335 2480.6666666666665
3252.6666666666665 2480.3333333333335
3252.0 2480.0
3251.0 2479.6666666666665
3250.0 2479.3333333333335
3249.0 2479.0
3248.0 2478.6666666666665
3247.0 2478.3333333333335
3246.0 2478.0
3245.6666666666665 2477.0
3245.3333333333335 2476.0
3245.0 2475.0
3244.6666666666665 2474.0
3244.3333333333335 2473.0
3244.0 2472.0
3243.6666666666665 2471.0
3243.3333333333335 2470.0
3243.0 2469.0
3242.6666666666665 2468.0
3242.3333333333335 2467.0
3242.0 2466.0
3241.6666666666665 2465.3333333333335
3241.3333333333335 2464.6666666666665
3241.0 2464.0
3240.6666666666665 2463.3333333333335
3240.3333333333335 2462.6666666666665
3240.0 2462.0
3239.0 2461.6666666666665
3238.0 2461.3333333333335
3237.0 2461.0
3236.0 2460.6666666666665
3235.0 2460.3333333333335
3234.0 2460.0
3234.3333333333335 2459.3333333333335
3234.6666666666665 2458.6666666666665
3235.0 2458.0
3235.3333333333335 2457.3333333333335
3235.6666666666665 2456.6666666666665
3236.0 2456.0
3235.6666666666665 2455.6666666666665
3235.3333333333335 2455.3333333333335
3235.0 2455.0
3234.6666666666665 2454.6666666666665
3234.3333333333335 2454.3333333333335
3234.0 2454.0
3233.0 2454.0
3232.0 2454.0
3231.0 2454.0
3230.0 2454.0
3229.0 2454.0
3228.0 2454.0
3228.3333333333335 2453.0
3228.6666666666665 2452.0
3229.0 2451.0
3229.3333333333335 2450.0
3229.6666666666665 2449.0
3230.0 2448.0
3229.0 2447.6666666666665
3228.0 2447.3333333333335
3227.0 2447.0
3226.0 2446.6666666666665
3225.0 2446.3333333333335
3224.0 2446.0
3223.3333333333335 2445.0
3222.6666666666665 2444.0
3222.0 2443.0
3221.3333333333335 2442.0
3220.6666666666665 2441.0
3220.0 2440.0
3220.6666666666665 2439.3333333333335
3221.3333333333335 2438.6666666666665
3222.0 2438.0
3222.6666666666665 2437.3333333333335
3223.3333333333335 2436.6666666666665
3224.0 2436.0
3225.0 2436.3333333333335
3226.0 2436.6666666666665
3227.0 2437.0
3228.0 2437.3333333333335
3229.0 2437.6666666666665
3230.0 2438.0
3231.0 2438.6666666666665
3232.0 2439.3333333333335
3233.0 2440.0
3234.0 2440.6666666666665
3235.0 2441.3333333333335
3236.0 2442.0
3237.0 2441.6666666666665
3238.0 2441.3333333333335
3239.0 2441.0
3240.0 2440.6666666666665
3241.0 2440.3333333333335
3242.0 2440.0
3241.6666666666665 2439.0
3241.3333333333335 2438.0
3241.0 2437.0
3240.6666666666665 2436.0
3240.3333333333335 2435.0
3240.0 2434.0
3239.3333333333335 2434.0
3238.6666666666665 2434.0
3238.0 2434.0
3237.3333333333335 2434.0
3236.6666666666665 2434.0
3236.0 2434.0
3235.0 2434.0
3234.0 2434.0
3233.0 2434.0
3232.0 2434.0
3231.0 2434.0
3230.0 2434.0
3229.0 2434.3333333333335
3228.0 2434.6666666666665
3227.0 2435.0
3226.0 2435.3333333333335
3225.0 2435.6666666666665
3224.0 2436.0
3223.0 2436.0
3222.0 2436.0
3221.0 2436.0
3220.0 2436.0
3219.0 2436.0
3218.0 2436.0
3217.0 2436.0
3216.0 2436.0
3215.0 2436.0
3214.0 2436.0
3213.0 2436.0
3212.0 2436.0
3211.0 2436.3333333333335
3210.0 2436.6666666666665
3209.0 2437.0
3208.0 2437.3333333333335
3207.0 2437.6666666666665
3206.0 2438.0
3205.0 2437.6666666666665
3204.0 2437.3333333333335
3203.0 2437.0
3202.0 2436.6666666666665
3201.0 2436.3333333333335
3200.0 2436.0
3199.0 2436.3333333333335
3198.0 2436.6666666666665
3197.0 2437.0
3196.0 2437.3333333333335
3195.0 2437.6666666666665
3194.0 2438.0
3193.6666666666665 2438.6666666666665
3193.3333333333335 2439.3333333333335
3193.0 2440.0
3192.6666666666665 2440.6666666666665
3192.3333333333335 2441.3333333333335
3192.0 2442.0
3191.0 2442.3333333333335
3190.0 2442.6666666666665
3189.0 2443.0
3188.0 2443.3333333333335
3187.0 2443.6666666666665
3186.0 2444.0
3185.3333333333335 2443.3333333333335
3184.6666666666665 2442.6666666666665
3184.0 2442.0
3183.3333333333335 2441.3333333333335
3182.6666666666665 2440.6666666666665
3182.0 2440.0
3181.6666666666665 2439.6666666666665
3181.3333333333335 2439.3333333333335
3181.0 2439.0
3180.6666666666665 2438.6666666666665
3180.3333333333335 2438.3333333333335
3180.0 2438.0
3179.0 2438.3333333333335
3178.0 2438.6666666666665
3177.0 2439.0
3176.0 2439.3333333333335
3175.0 2439.6666666666665
3174.0 2440.0
3173.3333333333335 2439.0
3172.6666666666665 2438.0
3172.0 2437.0
3171.3333333333335 2436.0
3170.6666666666665 2435.0
3170.0 2434.0
3171.0 2433.0
3172.0 2432.0
3173.0 2431.0
3174.0 2430.0
3175.0 2429.0
3176.0 2428.0
3177.0 2428.0
3178.0 2428.0
3179.0 2428.0
3180.0 2428.0
3181.0 2428.0
3182.0 2428.0
3182.0 2427.3333333333335
3182.0 2426.6666666666665
3182.0 2426.0
3182.0 2425.3333333333335
3182.0 2424.6666666666665
3182.0 2424.0
3181.6666666666665 2423.0
3181.3333333333335 2422.0
3181.0 2421.0
3180.6666666666665 2420.0
3180.3333333333335 2419.0
3180.0 2418.0
3180.3333333333335 2417.3333333333335
3180.6666666666665 2416.6666666666665
3181.0 2416.0
3181.3333333333335 2415.3333333333335
3181.6666666666665 2414.6666666666665
3182.0 2414.0
3182.6666666666665 2415.0
3183.3333333333335 2416.0
3184.0 2417.0
3184.6666666666665 2418.0
3185.3333333333335 2419.0
3186.0 2420.0
3186.6666666666665 2420.6666666666665
3187.3333333333335 2421.3333333333335
3188.0 2422.0
3188.6666666666665 2422.6666666666665
3189.3333333333335 2423.3333333333335
3190.0 2424.0
3190.0 2423.3333333333335
3190.0 2422.6666666666665
3190.0 2422.0
3190.0 2421.3333333333335
3190.0 2420.6666666666665
3190.0 2420.0
3189.0 2419.3333333333335
3188.0 2418.6666666666665
3187.0 2418.0
3186.0 2417.3333333333335
3185.0 2416.6666666666665
3184.0 2416.0
3184.6666666666665 2415.0
3185.3333333333335 2414.0
3186.0 2413.0
3186.6666666666665 2412.0
3187.3333333333335 2411.0
3188.0 2410.0
3188.6666666666665 2409.6666666666665
3189.3333333333335 2409.3333333333335
3190.0 2409.0
3190.6666666666665 2408.6666666666665
3191.3333333333335 2408.3333333333335
3192.0 2408.0
3192.0 2407.3333333333335
3192.0 2406.6666666666665
3192.0 2406.0
3192.0 2405.3333333333335
3192.0 2404.6666666666665
3192.0 2404.0
3191.3333333333335 2405.0
3190.6666666666665 2406.0
3190.0 2407.0
3189.3333333333335 2408.0
3188.6666666666665 2409.0
3188.0 2410.0
3187.3333333333335 2409.3333333333335
3186.6666666666665 2408.6666666666665
3186.0 2408.0
3185.3333333333335 2407.3333333333335
3184.6666666666665 2406.6666666666665
3184.0 2406.0
3184.3333333333335 2405.3333333333335
3184.6666666666665 2404.6666666666665
3185.0 2404.0
3185.3333333333335 2403.3333333333335
3185.6666666666665 2402.6666666666665
3186.0 2402.0
3186.6666666666665 2401.3333333333335
3187.3333333333335 2400.6666666666665
3188.0 2400.0
3188.6666666666665 2399.3333333333335
3189.3333333333335 2398.6666666666665
3190.0 2398.0
3191.0 2397.3333333333335
3192.0 2396.6666666666665
3193.0 2396.0
3194.0 2395.3333333333335
3195.0 2394.6666666666665
3196.0 2394.0
3195.6666666666665 2393.0
3195.3333333333335 2392.0
3195.0 2391.0
3194.6666666666665 2390.0
3194.3333333333335 2389.0
3194.0 2388.0
3194.6666666666665 2387.0
3195.3333333333335 2386.0
3196.0 2385.0
3196.6666666666665 2384.0
3197.3333333333335 2383.0
3198.0 2382.0
3199.0 2382.0
3200.0 2382.0
3201.0 2382.0
3202.0 2382.0
3203.0 2382.0
3204.0 2382.0
3204.0 2381.0
3204.0 2380.0
3204.0 2379.0
3204.0 2378.0
3204.0 2377.0
3204.0 2376.0
3203.3333333333335 2375.3333333333335
3202.6666666666665 2374.6666666666665
3202.0 2374.0
3201.3333333333335 2373.3333333333335
3200.6666666666665 2372.6666666666665
3200.0 2372.0
3199.6666666666665 2371.0
3199.3333333333335 2370.0
3199.0 2369.0
3198.6666666666665 2368.0
3198.3333333333335 2367.0
3198.0 2366.0
3199.0 2365.6666666666665
3200.0 2365.3333333333335
3201.0 2365.0
3202.0 2364.6666666666665
3203.0 2364.3333333333335
3204.0 2364.0
3203.0 2364.0
3202.0 2364.0
3201.0 2364.0
3200.0 2364.0
3199.0 2364.0
3198.0 2364.0
3197.0 2363.6666666666665
3196.0 2363.3333333333335
3195.0 2363.0
3194.0 2362.6666666666665
3193.0 2362.3333333333335
3192.0 2362.0
3192.6666666666665 2361.0
3193.3333333333335 2360.0
3194.0 2359.0
3194.6666666666665 2358.0
3195.3333333333335 2357.0
3196.0 2356.0
3196.0 2355.3333333333335
3196.0 2354.6666666666665
3196.0 2354.0
3196.0 2353.3333333333335
3196.0 2352.6666666666665
3196.0 2352.0
3195.3333333333335 2351.0
3194.6666666666665 2350.0
3194.0 2349.0
3193.3333333333335 2348.0
3192.6666666666665 2347.0
3192.0 2346.0
3192.0 2345.0
3192.0 2344.0
3192.0 2343.0
3192.0 2342.0
3192.0 2341.0
3192.0 2340.0
3192.6666666666665 2339.3333333333335
3193.3333333333335 2338.6666666666665
3194.0 2338.0
3194.6666666666665 2337.3333333333335
3195.3333333333335 2336.6666666666665
3196.0 2336.0
3197.0 2335.6666666666665
3198.0 2335.3333333333335
3199.0 2335.0
3200.0 2334.6666666666665
3201.0 2334.3333333333335
3202.0 2334.0
3201.0 2333.6666666666665
3200.0 2333.3333333333335
3199.0 2333.0
3198.0 2332.6666666666665
3197.0 2332.3333333333335
3196.0 2332.0
3195.3333333333335 2331.0
3194.6666666666665 2330.0
3194.0 2329.0
3193.3333333333335 2328.0
3192.6666666666665 2327.0
3192.0 2326.0
3192.3333333333335 2325.3333333333335
3192.6666666666665 2324.6666666666665
3193.0 2324.0
3193.3333333333335 2323.3333333333335
3193.6666666666665 2322.6666666666665
3194.0 2322.0
3195.0 2323.0
3196.0 2324.0
3197.0 2325.0
3198.0 2326.0
3199.0 2327.0
3200.0 2328.0
3200.6666666666665 2327.0
3201.3333333333335 2326.0
3202.0 2325.0
3202.6666666666665 2324.0
3203.3333333333335 2323.0
3204.0 2322.0
3205.0 2321.6666666666665
3206.0 2321.3333333333335
3207.0 2321.0
3208.0 2320.6666666666665
3209.0 2320.3333333333335
3210.0 2320.0
3210.6666666666665 2319.6666666666665
3211.3333333333335 2319.3333333333335
3212.0 2319.0
3212.6666666666665 2318.6666666666665
3213.3333333333335 2318.3333333333335
3214.0 2318.0
3213.6666666666665 2317.3333333333335
3213.3333333333335 2316.6666666666665
3213.0 2316.0
3212.6666666666665 2315.3333333333335
3212.3333333333335 2314.6666666666665
3212.0 2314.0
3211.3333333333335 2313.3333333333335
3210.6666666666665 2312.6666666666665
3210.0 2312.0
3209.3333333333335 2311.3333333333335
3208.6666666666665 2310.6666666666665
3208.0 2310.0
3207.6666666666665 2309.0
3207.3333333333335 2308.0
3207.0 2307.0
3206.6666666666665 2306.0
3206.3333333333335 2305.0
3206.0 2304.0
3205.3333333333335 2303.0
3204.6666666666665 2302.0
3204.0 2301.0
3203.3333333333335 2300.0
3202.6666666666665 2299.0
3202.0 2298.0
3201.3333333333335 2297.0
3200.6666666666665 2296.0
3200.0 2295.0
3199.3333333333335 2294.0
3198.6666666666665 2293.0
3198.0 2292.0
3197.0 2291.6666666666665
3196.0 2291.3333333333335
3195.0 2291.0
3194.0 2290.6666666666665
3193.0 2290.3333333333335
3192.0 2290.0
3191.0 2290.0
3190.0 2290.0
3189.0 2290.0
3188.0 2290.0
3187.0 2290.0
3186.0 2290.0
3185.0 2289.3333333333335
3184.0 2288.6666666666665
3183.0 2288.0
3182.0 2287.3333333333335
3181.0 2286.6666666666665
3180.0 2286.0
3179.0 2286.3333333333335
3178.0 2286.6666666666665
3177.0 2287.0
3176.0 2287.3333333333335
3175.0 2287.6666666666665
3174.0 2288.0
3173.0 2288.6666666666665
3172.0 2289.3333333333335
3171.0 2290.0
3170.0 2290.6666666666665
3169.0 2291.3333333333335
3168.0 2292.0
3169.0 2292.3333333333335
3170.0 2292.6666666666665
3171.0 2293.0
3172.0 2293.3333333333335
3173.0 2293.6666666666665
3174.0 2294.0
3175.0 2294.0
3176.0 2294.0
3177.0 2294.0
3178.0 2294.0
3179.0 2294.0
3180.0 2294.0
3179.6666666666665 2295.0
3179.3333333333335 2296.0
3179.0 2297.0
3178.6666666666665 2298.0
3178.3333333333335 2299.0
3178.0 2300.0
3177.0 2300.0
3176.0 2300.0
3175.0 2300.0
3174.0 2300.0
3173.0 2300.0
3172.0 2300.0
3171.0 2300.3333333333335
3170.0 2300.6666666666665
3169.0 2301.0
3168.0 2301.3333333333335
3167.0 2301.6666666666665
3166.0 2302.0
3165.6666666666665 2301.0
3165.3333333333335 2300.0
3165.0 2299.0
3164.6666666666665 2298.0
3164.3333333333335 2297.0
3164.0 2296.0
3163.3333333333335 2295.6666666666665
3162.6666666666665 2295.3333333333335
3162.0 2295.0
3161.3333333333335 2294.6666666666665
3160.6666666666665 2294.3333333333335
3160.0 2294.0
3159.0 2294.6666666666665
3158.0 2295.3333333333335
3157.0 2296.0
3156.0 2296.6666666666665
3155.0 2297.3333333333335
3154.0 2298.0
3153.0 2299.0
3152.0 2300.0
3151.0 2301.0
3150.0 2302.0
3149.0 2303.0
3148.0 2304.0
3147.0 2303.6666666666665
3146.0 2303.3333333333335
3145.0 2303.0
3144.0 2302.6666666666665
3143.0 2302.3333333333335
3142.0 2302.0
3141.0 2301.6666666666665
3140.0 2301.3333333333335
3139.0 2301.0
3138.0 2300.6666666666665
3137.0 2300.3333333333335
3136.0 2300.0
3135.0 2300.3333333333335
3134.0 2300.6666666666665
3133.0 2301.0
3132.0 2301.3333333333335
3131.0 2301.6666666666665
3130.0 2302.0
3129.3333333333335 2301.6666666666665
3128.6666666666665 2301.3333333333335
3128.0 2301.0
3127.3333333333335 2300.6666666666665
3126.6666666666665 2300.3333333333335
3126.0 2300.0
3125.6666666666665 2301.0
3125.3333333333335 2302.0
3125.0 2303.0
3124.6666666666665 2304.0
3124.3333333333335 2305.0
3124.0 2306.0
3124.3333333333335 2307.0
3124.6666666666665 2308.0
3125.0 2309.0
3125.3333333333335 2310.0
3125.6666666666665 2311.0
3126.0 2312.0
3126.3333333333335 2313.0
3126.6666666666665 2314.0
3127.0 2315.0
3127.3333333333335 2316.0
3127.6666666666665 2317.0
3128.0 2318.0
3127.0 2318.3333333333335
3126.0 2318.6666666666665
3125.0 2319.0
3124.0 2319.3333333333335
3123.0 2319.6666666666665
3122.0 2320.0
3121.0 2320.3333333333335
3120.0 2320.6666666666665
3119.0 2321.0
3118.0 2321.3333333333335
3117.0 2321.6666666666665
3116.0 2322.0
3115.0 2322.3333333333335
3114.0 2322.6666666666665
3113.0 2323.0
3112.0 2323.3333333333335
3111.0 2323.6666666666665
3110.0 2324.0
3109.3333333333335 2323.3333333333335
3108.6666666666665 2322.6666666666665
3108.0 2322.0
3107.3333333333335 2321.3333333333335
3106.6666666666665 2320.6666666666665
3106.0 2320.0
3105.0 2319.3333333333335
3104.0 2318.6666666666665
3103.0 2318.0
3102.0 2317.3333333333335
3101.0 2316.6666666666665
3100.0 2316.0
3099.0 2315.6666666666665
3098.0 2315.3333333333335
3097.0 2315.0
3096.0 2314.6666666666665
3095.0 2314.3333333333335
3094.0 2314.0
3093.0 2313.6666666666665
3092.0 2313.3333333333335
3091.0 2313.0
3090.0 2312.6666666666665
3089.0 2312.3333333333335
3088.0 2312.0
3087.6666666666665 2311.6666666666665
3087.3333333333335 2311.3333333333335
3087.0 2311.0
3086.6666666666665 2310.6666666666665
3086.3333333333335 2310.3333333333335
3086.0 2310.0
3085.3333333333335 2309.6666666666665
3084.6666666666665 2309.3333333333335
3084.0 2309.0
3083.3333333333335 2308.6666666666665
3082.6666666666665 2308.3333333333335
3082.0 2308.0
3081.3333333333335 2307.6666666666665
3080.6666666666665 2307.3333333333335
3080.0 2307.0
3079.3333333333335 2306.6666666666665
3078.6666666666665 2306.3333333333335
3078.0 2306.0
3077.0 2306.0
3076.0 2306.0
3075.0 2306.0
3074.0 2306.0
3073.0 2306.0
3072.0 2306.0
3072.0 2306.6666666666665
3072.0 2307.3333333333335
3072.0 2308.0
3072.0 2308.6666666666665
3072.0 2309.3333333333335
3072.0 2310.0
3072.6666666666665 2310.6666666666665
3073.3333333333335 2311.3333333333335
3074.0 2312.0
3074.6666666666665 2312.6666666666665
3075.3333333333335 2313.3333333333335
3076.0 2314.0
3075.6666666666665 2315.0
3075.3333333333335 2316.0
3075.0 2317.0
3074.6666666666665 2318.0
3074.3333333333335 2319.0
3074.0 2320.0
3073.0 2319.6666666666665
3072.0 2319.3333333333335
3071.0 2319.0
3070.0 2318.6666666666665
3069.0 2318.3333333333335
3068.0 2318.0
3067.0 2317.6666666666665
3066.0 2317.3333333333335
3065.0 2317.0
3064.0 2316.6666666666665
3063.0 2316.3333333333335
3062.0 2316.0
3061.0 2315.6666666666665
3060.0 2315.3333333333335
3059.0 2315.0
3058.0 2314.6666666666665
3057.0 2314.3333333333335
3056.0 2314.0
3056.6666666666665 2313.3333333333335
3057.3333333333335 2312.6666666666665
3058.0 2312.0
3058.6666666666665 2311.3333333333335
3059.3333333333335 2310.6666666666665
3060.0 2310.0
3059.0 2310.3333333333335
3058.0 2310.6666666666665
3057.0 2311.0
3056.0 2311.3333333333335
3055.0 2311.6666666666665
3054.0 2312.0
3053.3333333333335 2311.0
3052.6666666666665 2310.0
3052.0 2309.0
3051.3333333333335 2308.0
3050.6666666666665 2307.0
3050.0 2306.0
3049.0 2305.6666666666665
3048.0 2305.3333333333335
3047.0 2305.0
3046.0 2304.6666666666665
3045.0 2304.3333333333335
3044.0 2304.0
3043.0 2303.6666666666665
3042.0 2303.3333333333335
3041.0 2303.0
3040.0 2302.6666666666665
3039.0 2302.3333333333335
3038.0 2302.0
3037.0 2302.0
3036.0 2302.0
3035.0 2302.0
3034.0 2302.0
3033.0 2302.0
3032.0 2302.0
3031.6666666666665 2301.3333333333335
3031.3333333333335 2300.6666666666665
3031.0 2300.0
3030.6666666666665 2299.3333333333335
3030.3333333333335 2298.6666666666665
3030.0 2298.0
3030.0 2297.0
3030.0 2296.0
3030.0 2295.0
3030.0 2294.0
3030.0 2293.0
3030.0 2292.0
3030.6666666666665 2292.0
3031.3333333333335 2292.0
3032.0 2292.0
3032.6666666666665 2292.0
3033.3333333333335 2292.0
3034.0 2292.0
3035.0 2292.0
3036.0 2292.0
3037.0 2292.0
3038.0 2292.0
3039.0 2292.0
3040.0 2292.0
3041.0 2292.0
3042.0 2292.0
3043.0 2292.0
3044.0 2292.0
3045.0 2292.0
3046.0 2292.0
3045.6666666666665 2291.0
3045.3333333333335 2290.0
3045.0 2289.0
3044.6666666666665 2288.0
3044.3333333333335 2287.0
3044.0 2286.0
3043.3333333333335 2285.3333333333335
3042.6666666666665 2284.6666666666665
3042.0 2284.0
3041.3333333333335 2283.3333333333335
3040.6666666666665 2282.6666666666665
3040.0 2282.0
3039.0 2282.3333333333335
3038.0 2282.6666666666665
3037.0 2283.0
3036.0 2283.3333333333335
3035.0 2283.6666666666665
3034.0 2284.0
3033.6666666666665 2285.0
3033.3333333333335 2286.0
3033.0 2287.0
3032.6666666666665 2288.0
3032.3333333333335 2289.0
3032.0 2290.0
3031.3333333333335 2290.6666666666665
3030.6666666666665 2291.3333333333335
3030.0 2292.0
3029.3333333333335 2292.6666666666665
3028.6666666666665 2293.3333333333335
3028.0 2294.0
3027.6666666666665 2294.6666666666665
3027.3333333333335 2295.3333333333335
3027.0 2296.0
3026.6666666666665 2296.6666666666665
3026.3333333333335 2297.3333333333335
3026.0 2298.0
3027.0 2298.6666666666665
3028.0 2299.3333333333335
3029.0 2300.0
3030.0 2300.6666666666665
3031.0 2301.3333333333335
3032.0 2302.0
3032.0 2303.0
3032.0 2304.0
3032.0 2305.0
3032.0 2306.0
3032.0 2307.0
3032.0 2308.0
3031.0 2307.3333333333335
3030.0 2306.6666666666665
3029.0 2306.0
3028.0 2305.3333333333335
3027.0 2304.6666666666665
3026.0 2304.0
3025.3333333333335 2304.0
3024.6666666666665 2304.0
3024.0 2304.0
3023.3333333333335 2304.0
3022.6666666666665 2304.0
3022.0 2304.0
3021.0 2304.6666666666665
3020.0 2305.3333333333335
3019.0 2306.0
3018.0 2306.6666666666665
3017.0 2307.3333333333335
3016.0 2308.0
3015.6666666666665 2309.0
3015.3333333333335 2310.0
3015.0 2311.0
3014.6666666666665 2312.0
3014.3333333333335 2313.0
3014.0 2314.0
3014.0 2315.0
3014.0 2316.0
3014.0 2317.0
3014.0 2318.0
3014.0 2319.0
3014.0 2320.0
3013.3333333333335 2320.3333333333335
3012.6666666666665 2320.6666666666665
3012.0 2321.0
3011.3333333333335 2321.3333333333335
3010.6666666666665 2321.6666666666665
3010.0 2322.0
3009.6666666666665 2323.0
3009.3333333333335 2324.0
3009.0 2325.0
3008.6666666666665 2326.0
3008.3333333333335 2327.0
3008.0 2328.0
3008.0 2329.0
3008.0 2330.0
3008.0 2331.0
3008.0 2332.0
3008.0 2333.0
3008.0 2334.0
3008.3333333333335 2335.0
3008.6666666666665 2336.0
3009.0 2337.0
3009.3333333333335 2338.0
3009.6666666666665 2339.0
3010.0 2340.0
3010.0 2341.0
3010.0 2342.0
3010.0 2343.0
3010.0 2344.0
3010.0 2345.0
3010.0 2346.0
3009.0 2346.6666666666665
3008.0 2347.3333333333335
3007.0 2348.0
3006.0 2348.6666666666665
3005.0 2349.3333333333335
3004.0 2350.0
3004.6666666666665 2351.0
3005.3333333333335 2352.0
3006.0 2353.0
3006.6666666666665 2354.0
3007.3333333333335 2355.0
3008.0 2356.0
3008.0 2357.0
3008.0 2358.0
3008.0 2359.0
3008.0 2360.0
3008.0 2361.0
3008.0 2362.0
3007.0 2361.6666666666665
3006.0 2361.3333333333335
3005.0 2361.0
3004.0 2360.6666666666665
3003.0 2360.3333333333335
3002.0 2360.0
3001.3333333333335 2359.3333333333335
3000.6666666666665 2358.6666666666665
3000.0 2358.0
2999.3333333333335 2357.3333333333335
2998.6666666666665 2356.6666666666665
2998.0 2356.0
2997.6666666666665 2357.0
2997.3333333333335 2358.0
2997.0 2359.0
2996.6666666666665 2360.0
2996.3333333333335 2361.0
2996.0 2362.0
2996.6666666666665 2362.3333333333335
2997.3333333333335 2362.6666666666665
2998.0 2363.0
2998.6666666666665 2363.3333333333335
2999.3333333333335 2363.6666666666665
3000.0 2364.0
3001.0 2363.6666666666665
3002.0 2363.3333333333335
3003.0 2363.0
3004.0 2362.6666666666665
3005.0 2362.3333333333335
3006.0 2362.0
3006.6666666666665 2361.6666666666665
3007.3333333333335 2361.3333333333335
3008.0 2361.0
3008.6666666666665 2360.6666666666665
3009.3333333333335 2360.3333333333335
3010.0 2360.0
3010.6666666666665 2360.6666666666665
3011.3333333333335 2361.3333333333335
3012.0 2362.0
3012.6666666666665 2362.6666666666665
3013.3333333333335 2363.3333333333335
3014.0 2364.0
3014.6666666666665 2365.0
3015.3333333333335 2366.0
3016.0 2367.0
3016.6666666666665 2368.0
3017.3333333333335 2369.0
3018.0 2370.0
3018.0 2370.0
3018.0 2370.0
3018.0 2370.0
3018.0 2370.0
3018.0 2370.0
3018.0 2370.0
3018.3333333333335 2369.0
3018.6666666666665 2368.0
3019.0 2367.0
3019.3333333333335 2366.0
3019.6666666666665 2365.0
3020.0 2364.0
3021.0 2363.6666666666665
3022.0 2363.3333333333335
3023.0 2363.0
3024.0 2362.6666666666665
3025.0 2362.3333333333335
3026.0 2362.0
3026.0 2363.0
3026.0 2364.0
3026.0 2365.0
3026.0 2366.0
3026.0 2367.0
3026.0 2368.0
3026.6666666666665 2368.6666666666665
3027.3333333333335 2369.3333333333335
3028.0 2370.0
3028.6666666666665 2370.6666666666665
3029.3333333333335 2371.3333333333335
3030.0 2372.0
3029.0 2372.3333333333335
3028.0 2372.6666666666665
3027.0 2373.0
3026.0 2373.3333333333335
3025.0 2373.6666666666665
3024.0 2374.0
3023.6666666666665 2375.0
3023.3333333333335 2376.0
3023.0 2377.0
3022.6666666666665 2378.0
3022.3333333333335 2379.0
3022.0 2380.0
3021.6666666666665 2381.0
3021.3333333333335 2382.0
3021.0 2383.0
3020.6666666666665 2384.0
3020.3333333333335 2385.0
3020.0 2386.0
3019.3333333333335 2386.3333333333335
3018.6666666666665 2386.6666666666665
3018.0 2387.0
3017.3333333333335 2387.3333333333335
3016.6666666666665 2387.6666666666665
3016.0 2388.0
3015.0 2387.6666666666665
3014.0 2387.3333333333335
3013.0 2387.0
3012.0 2386.6666666666665
3011.0 2386.3333333333335
3010.0 2386.0
3009.3333333333335 2386.6666666666665
3008.6666666666665 2387.3333333333335
3008.0 2388.0
3007.3333333333335 2388.6666666666665
3006.6666666666665 2389.3333333333335
3006.0 2390.0
3006.0 2390.6666666666665
3006.0 2391.3333333333335
3006.0 2392.0
3006.0 2392.6666666666665
3006.0 2393.3333333333335
3006.0 2394.0
3007.0 2394.3333333333335
3008.0 2394.6666666666665
3009.0 2395.0
3010.0 2395.3333333333335
3011.0 2395.6666666666665
3012.0 2396.0
3013.0 2396.3333333333335
3014.0 2396.6666666666665
3015.0 2397.0
3016.0 2397.3333333333335
3017.0 2397.6666666666665
3018.0 2398.0
3019.0 2398.6666666666665
3020.0 2399.3333333333335
3021.0 2400.0
3022.0 2400.6666666666665
3023.0 2401.3333333333335
3024.0 2402.0
3023.6666666666665 2403.0
3023.3333333333335 2404.0
3023.0 2405.0
3022.6666666666665 2406.0
3022.3333333333335 2407.0
3022.0 2408.0
3022.3333333333335 2409.0
3022.6666666666665 2410.0
3023.0 2411.0
3023.3333333333335 2412.0
3023.6666666666665 2413.0
3024.0 2414.0
3023.6666666666665 2413.3333333333335
3023.3333333333335 2412.6666666666665
3023.0 2412.0
3022.6666666666665 2411.3333333333335
3022.3333333333335 2410.6666666666665
3022.0 2410.0
3022.6666666666665 2409.0
3023.3333333333335 2408.0
3024.0 2407.0
3024.6666666666665 2406.0
3025.3333333333335 2405.0
3026.0 2404.0
3027.0 2403.6666666666665
3028.0 2403.3333333333335
3029.0 2403.0
3030.0 2402.6666666666665
3031.0 2402.3333333333335
3032.0 2402.0
3032.3333333333335 2403.0
3032.6666666666665 2404.0
3033.0 2405.0
3033.3333333333335 2406.0
3033.6666666666665 2407.0
3034.0 2408.0
3034.0 2409.0
3034.0 2410.0
3034.0 2411.0
3034.0 2412.0
3034.0 2413.0
3034.0 2414.0
3033.6666666666665 2414.3333333333335
3033.3333333333335 2414.6666666666665
3033.0 2415.0
3032.6666666666665 2415.3333333333335
3032.3333333333335 2415.6666666666665
3032.0 2416.0
3032.0 2417.0
3032.0 2418.0
3032.0 2419.0
3032.0 2420.0
3032.0 2421.0
3032.0 2422.0
3031.3333333333335 2422.3333333333335
3030.6666666666665 2422.6666666666665
3030.0 2423.0
3029.3333333333335 2423.3333333333335
3028.6666666666665 2423.6666666666665
3028.0 2424.0
3028.6666666666665 2424.0
3029.3333333333335 2424.0
3030.0 2424.0
3030.6666666666665 2424.0
3031.3333333333335 2424.0
3032.0 2424.0
3033.0 2424.0
3034.0 2424.0
3035.0 2424.0
3036.0 2424.0
3037.0 2424.0
3038.0 2424.0
3039.0 2423.6666666666665
3040.0 2423.3333333333335
3041.0 2423.0
3042.0 2422.6666666666665
3043.0 2422.3333333333335
3044.0 2422.0
3045.0 2422.3333333333335
3046.0 2422.6666666666665
3047.0 2423.0
3048.0 2423.3333333333335
3049.0 2423.6666666666665
3050.0 2424.0
3050.6666666666665 2425.0
3051.3333333333335 2426.0
3052.0 2427.0
3052.6666666666665 2428.0
3053.3333333333335 2429.0
3054.0 2430.0
3055.0 2430.6666666666665
3056.0 2431.3333333333335
3057.0 2432.0
3058.0 2432.6666666666665
3059.0 2433.3333333333335
3060.0 2434.0
3060.6666666666665 2435.0
3061.3333333333335 2436.0
3062.0 2437.0
3062.6666666666665 2438.0
3063.3333333333335 2439.0
3064.0 2440.0
3064.6666666666665 2441.0
3065.3333333333335 2442.0
3066.0 2443.0
3066.6666666666665 2444.0
3067.3333333333335 2445.0
3068.0 2446.0
3068.3333333333335 2446.6666666666665
3068.6666666666665 2447.3333333333335
3069.0 2448.0
3069.3333333333335 2448.6666666666665
3069.6666666666665 2449.3333333333335
3070.0 2450.0
3069.3333333333335 2451.0
3068.6666666666665 2452.0
3068.0 2453.0
3067.3333333333335 2454.0
3066.6666666666665 2455.0
3066.0 2456.0
3066.0 2456.6666666666665
3066.0 2457.3333333333335
3066.0 2458.0
3066.0 2458.6666666666665
3066.0 2459.3333333333335
3066.0 2460.0
3066.3333333333335 2461.0
3066.6666666666665 2462.0
3067.0 2463.0
3067.3333333333335 2464.0
3067.6666666666665 2465.0
3068.0 2466.0
3069.0 2465.6666666666665
3070.0 2465.3333333333335
3071.0 2465.0
3072.0 2464.6666666666665
3073.0 2464.3333333333335
3074.0 2464.0
3074.6666666666665 2464.6666666666665
3075.3333333333335 2465.3333333333335
3076.0 2466.0
3076.6666666666665 2466.6666666666665
3077.3333333333335 2467.3333333333335
3078.0 2468.0
3078.6666666666665 2468.6666666666665
3079.3333333333335 2469.3333333333335
3080.0 2470.0
3080.6666666666665 2470.6666666666665
3081.3333333333335 2471.3333333333335
3082.0 2472.0
3082.3333333333335 2473.0
3082.6666666666665 2474.0
3083.0 2475.0
3083.3333333333335 2476.0
3083.6666666666665 2477.0
3084.0 2478.0
3085.0 2477.6666666666665
3086.0 2477.3333333333335
3087.0 2477.0
3088.0 2476.6666666666665
3089.0 2476.3333333333335
3090.0 2476.0
3090.3333333333335 2477.0
3090.6666666666665 2478.0
3091.0 2479.0
3091.3333333333335 2480.0
3091.6666666666665 2481.0
3092.0 2482.0
3093.0 2482.0
3094.0 2482.0
3095.0 2482.0
3096.0 2482.0
3097.0 2482.0
3098.0 2482.0
3099.0 2482.0
3100.0 2482.0
3101.0 2482.0
3102.0 2482.0
3103.0 2482.0
3104.0 2482.0
3104.6666666666665 2481.6666666666665
3105.3333333333335 2481.3333333333335
3106.0 2481.0
3106.6666666666665 2480.6666666666665
3107.3333333333335 2480.3333333333335
3108.0 2480.0
3109.0 2480.6666666666665
3110.0 2481.3333333333335
3111.0 2482.0
3112.0 2482.6666666666665
3113.0 2483.3333333333335
3114.0 2484.0
3114.6666666666665 2485.0
3115.3333333333335 2486.0
3116.0 2487.0
3116.6666666666665 2488.0
3117.3333333333335 2489.0
3118.0 2490.0
3118.0 2489.0
3118.0 2488.0
3118.0 2487.0
3118.0 2486.0
3118.0 2485.0
3118.0 2484.0
3119.0 2483.3333333333335
3120.0 2482.6666666666665
3121.0 2482.0
3122.0 2481.3333333333335
3123.0 2480.6666666666665
3124.0 2480.0
3124.6666666666665 2479.3333333333335
3125.3333333333335 2478.6666666666665
3126.0 2478.0
3126.6666666666665 2477.3333333333335
3127.3333333333335 2476.6666666666665
3128.0 2476.0
3128.6666666666665 2475.3333333333335
3129.3333333333335 2474.6666666666665
3130.0 2474.0
3130.6666666666665 2473.3333333333335
3131.3333333333335 2472.6666666666665
3132.0 2472.0
3132.3333333333335 2473.0
3132.6666666666665 2474.0
3133.0 2475.0
3133.3333333333335 2476.0
3133.6666666666665 2477.0
3134.0 2478.0
3135.0 2477.3333333333335
3136.0 2476.6666666666665
3137.0 2476.0
3138.0 2475.3333333333335
3139.0 2474.6666666666665
3140.0 2474.0
3140.6666666666665 2474.3333333333335
3141.3333333333335 2474.6666666666665
3142.0 2475.0
3142.6666666666665 2475.3333333333335
3143.3333333333335 2475.6666666666665
3144.0 2476.0
3143.6666666666665 2475.3333333333335
3143.3333333333335 2474.6666666666665
3143.0 2474.0
3142.6666666666665 2473.3333333333335
3142.3333333333335 2472.6666666666665
3142.0 2472.0
3142.3333333333335 2471.3333333333335
3142.6666666666665 2470.6666666666665
3143.0 2470.0
3143.3333333333335 2469.3333333333335
3143.6666666666665 2468.6666666666665
3144.0 2468.0
3145.0 2468.3333333333335
3146.0 2468.6666666666665
3147.0 2469.0
3148.0 2469.3333333333335
3149.0 2469.6666666666665
3150.0 2470.0
3151.0 2470.0
3152.0 2470.0
3153.0 2470.0
3154.0 2470.0
3155.0 2470.0
3156.0 2470.0
3156.3333333333335 2469.6666666666665
3156.6666666666665 2469.3333333333335
3157.0 2469.0
3157.3333333333335 2468.6666666666665
3157.6666666666665 2468.3333333333335
3158.0 2468.0
3159.0 2467.6666666666665
3160.0 2467.3333333333335
3161.0 2467.0
3162.0 2466.6666666666665
3163.0 2466.3333333333335
3164.0 2466.0
3164.3333333333335 2465.0
3164.6666666666665 2464.0
3165.0 2463.0
3165.3333333333335 2462.0
3165.6666666666665 2461.0
3166.0 2460.0
3167.0 2459.3333333333335
3168.0 2458.6666666666665
3169.0 2458.0
3170.0 2457.3333333333335
3171.0 2456.6666666666665
3172.0 2456.0
3173.0 2456.0
3174.0 2456.0
3175.0 2456.0
3176.0 2456.0
3177.0 2456.0
3178.0 2456.0
3177.6666666666665 2457.0
3177.3333333333335 2458.0
3177.0 2459.0
3176.6666666666665 2460.0
3176.3333333333335 2461.0
3176.0 2462.0
3176.3333333333335 2462.3333333333335
3176.6666666666665 2462.6666666666665
3177.0 2463.0
3177.3333333333335 2463.3333333333335
3177.6666666666665 2463.6666666666665
3178.0 2464.0
3178.6666666666665 2463.0
3179.3333333333335 2462.0
3180.0 2461.0
3180.6666666666665 2460.0
3181.3333333333335 2459.0
3182.0 2458.0
3183.0 2457.6666666666665
3184.0 2457.3333333333335
3185.0 2457.0
3186.0 2456.6666666666665
3187.0 2456.3333333333335
3188.0 2456.0
3189.0 2456.6666666666665
3190.0 2457.3333333333335
3191.0 2458.0
3192.0 2458.6666666666665
3193.0 2459.3333333333335
3194.0 2460.0
3194.3333333333335 2460.0
3194.6666666666665 2460.0
3195.0 2460.0
3195.3333333333335 2460.0
3195.6666666666665 2460.0
3196.0 2460.0
3195.6666666666665 2459.0
3195.3333333333335 2458.0
3195.0 2457.0
3194.6666666666665 2456.0
3194.3333333333335 2455.0
3194.0 2454.0
3195.0 2453.3333333333335
3196.0 2452.6666666666665
3197.0 2452.0
3198.0 2451.3333333333335
3199.0 2450.6666666666665
3200.0 2450.0
3201.0 2449.6666666666665
3202.0 2449.3333333333335
3203.0 2449.0
3204.0 2448.6666666666665
3205.0 2448.3333333333335
3206.0 2448.0
3207.0 2448.0
3208.0 2448.0
3209.0 2448.0
3210.0 2448.0
3211.0 2448.0
3212.0 2448.0
3211.6666666666665 2449.0
3211.3333333333335 2450.0
3211.0 2451.0
3210.6666666666665 2452.0
3210.3333333333335 2453.0
3210.0 2454.0
3210.0 2455.0
3210.0 2456.0
3210.0 2457.0
3210.0 2458.0
3210.0 2459.0
3210.0 2460.0
3211.0 2460.0
3212.0 2460.0
3213.0 2460.0
3214.0 2460.0
3215.0 2460.0
3216.0 2460.0
3217.0 2460.6666666666665
3218.0 2461.3333333333335
3219.0 2462.0
3220.0 2462.6666666666665
3221.0 2463.3333333333335
3222.0 2464.0
3222.0 2465.0
3222.0 2466.0
3222.0 2467.0
3222.0 2468.0
3222.0 2469.0
3222.0 2470.0
3222.3333333333335 2471.0
3222.6666666666665 2472.0
3223.0 2473.0
3223.3333333333335 2474.0
3223.6666666666665 2475.0
3224.0 2476.0
3224.6666666666665 2476.6666666666665
3225.3333333333335 2477.3333333333335
3226.0 2478.0
3226.6666666666665 2478.6666666666665
3227.3333333333335 2479.3333333333335
3228.0 2480.0
3229.0 2480.3333333333335
3230.0 2480.6666666666665
3231.0 2481.0
3232.0 2481.3333333333335
3233.0 2481.6666666666665
3234.0 2482.0
3235.0 2482.0
3236.0 2482.0
3237.0 2482.0
3238.0 2482.0
3239.0 2482.0
3240.0 2482.0
3240.3333333333335 2483.0
3240.6666666666665 2484.0
3241.0 2485.0
3241.3333333333335 2486.0
3241.6666666666665 2487.0
3242.0 2488.0
3243.0 2488.0
3244.0 2488.0
3245.0 2488.0
3246.0 2488.0
3247.0 2488.0
3248.0 2488.0
3249.0 2488.6666666666665
3250.0 2489.3333333333335
3251.0 2490.0
3252.0 2490.6666666666665
3253.0 2491.3333333333335
3254.0 2492.0
3254.3333333333335 2493.0
3254.6666666666665 2494.0
3255.0 2495.0
3255.3333333333335 2496.0
3255.6666666666665 2497.0
3256.0 2498.0
3257.0 2498.3333333333335
3258.0 2498.6666666666665
3259.0 2499.0
3260.0 2499.3333333333335
3261.0 2499.6666666666665
3262.0 2500.0
3262.6666666666665 2500.3333333333335
3263.3333333333335 2500.6666666666665
3264.0 2501.0
3264.6666666666665 2501.3333333333335
3265.3333333333335 2501.6666666666665
3266.0 2502.0
3266.6666666666665 2501.3333333333335
3267.3333333333335 2500.6666666666665
3268.0 2500.0
3268.6666666666665 2499.3333333333335
3269.3333333333335 2498.6666666666665
3270.0 2498.0
3270.6666666666665 2498.3333333333335
3271.3333333333335 2498.6666666666665
3272.0 2499.0
3272.6666666666665 2499.3333333333335
3273.3333333333335 2499.6666666666665
3274.0 2500.0
3275.0 2499.6666666666665
3276.0 2499.3333333333335
3277.0 2499.0
3278.0 2498.6666666666665
3279.0 2498.3333333333335
3280.0 2498.0
3280.6666666666665 2499.0
3281.3333333333335 2500.0
3282.0 2501.0
3282.6666666666665 2502.0
3283.3333333333335 2503.0
3284.0 2504.0
3284.3333333333335 2504.6666666666665
3284.6666666666665 2505.3333333333335
3285.0 2506.0
3285.3333333333335 2506.6666666666665
3285.6666666666665 2507.3333333333335
3286.0 2508.0
3286.0 2508.0
3286.0 2508.0
3286.0 2508.0
