3286.0 2508.0
3285.0 2504.0
3284.0 2500.0
3278.0 2498.0
3272.0 2496.0
3268.0 2490.0
3264.0 2484.0
3256.0 2482.0
3248.0 2480.0
3245.0 2477.0
3242.0 2474.0
3243.0 2469.0
3244.0 2464.0
3236.0 2459.0
3228.0 2454.0
3229.0 2451.0
3230.0 2448.0
3225.0 2443.0
3220.0 2438.0
3230.0 2440.0
3240.0 2442.0
3240.0 2437.0
3240.0 2432.0
3230.0 2435.0
3220.0 2438.0
3210.0 2437.0
3200.0 2436.0
3195.0 2440.0
3190.0 2444.0
3180.0 2439.0
3170.0 2434.0
3177.0 2431.0
3184.0 2428.0
3182.0 2421.0
3180.0 2414.0
3186.0 2419.0
3192.0 2424.0
3188.0 2419.0
3184.0 2414.0
3189.0 2409.0
3194.0 2404.0
3191.0 2407.0
3188.0 2410.0
3185.0 2407.0
3182.0 2404.0
3189.0 2399.0
3196.0 2394.0
3195.0 2390.0
3194.0 2386.0
3199.0 2384.0
3204.0 2382.0
3201.0 2374.0
3198.0 2366.0
3201.0 2365.0
3204.0 2364.0
3198.0 2363.0
3192.0 2362.0
3195.0 2357.0
3198.0 2352.0
3194.0 2347.0
3190.0 2342.0
3196.0 2338.0
3202.0 2334.0
3196.0 2329.0
3190.0 2324.0
3195.0 2326.0
3200.0 2328.0
3204.0 2323.0
3208.0 2318.0
3211.0 2319.0
3214.0 2320.0
3214.0 2317.0
3214.0 2314.0
3211.0 2313.0
3208.0 2312.0
3203.0 2302.0
3198.0 2292.0
3187.0 2289.0
3176.0 2286.0
3172.0 2289.0
3168.0 2292.0
3173.0 2292.0
3178.0 2292.0
3178.0 2296.0
3178.0 2300.0
3172.0 2301.0
3166.0 2302.0
3165.0 2298.0
3164.0 2294.0
3156.0 2299.0
3148.0 2304.0
3138.0 2301.0
3128.0 2298.0
3126.0 2301.0
3124.0 2304.0
3126.0 2311.0
3128.0 2318.0
3118.0 2321.0
3108.0 2324.0
3102.0 2318.0
3096.0 2312.0
3094.0 2314.0
3092.0 2316.0
3089.0 2312.0
3086.0 2308.0
3085.0 2310.0
3084.0 2312.0
3083.0 2309.0
3082.0 2306.0
3076.0 2306.0
3070.0 2306.0
3074.0 2311.0
3078.0 2316.0
3076.0 2318.0
3074.0 2320.0
3067.0 2319.0
3060.0 2318.0
3058.0 2316.0
3056.0 2314.0
3058.0 2312.0
3060.0 2310.0
3057.0 2311.0
3054.0 2312.0
3051.0 2308.0
3048.0 2304.0
3041.0 2304.0
3034.0 2304.0
3031.0 2299.0
3028.0 2294.0
3037.0 2293.0
3046.0 2292.0
3044.0 2287.0
3042.0 2282.0
3038.0 2283.0
3034.0 2284.0
3030.0 2289.0
3026.0 2294.0
3030.0 2300.0
3034.0 2306.0
3027.0 2305.0
3020.0 2304.0
3018.0 2311.0
3016.0 2318.0
3013.0 2319.0
3010.0 2320.0
3011.0 2331.0
3012.0 2342.0
3008.0 2346.0
3004.0 2350.0
3007.0 2355.0
3010.0 2360.0
3007.0 2361.0
3004.0 2362.0
3001.0 2359.0
2998.0 2356.0
2997.0 2360.0
2996.0 2364.0
3004.0 2362.0
3012.0 2360.0
3014.0 2366.0
3016.0 2372.0
3018.0 2368.0
3020.0 2364.0
3024.0 2364.0
3028.0 2364.0
3029.0 2368.0
3030.0 2372.0
3027.0 2373.0
3024.0 2374.0
3022.0 2381.0
3020.0 2388.0
3012.0 2389.0
3004.0 2390.0
3014.0 2396.0
3024.0 2402.0
3024.0 2408.0
3024.0 2414.0
3024.0 2410.0
3024.0 2406.0
3028.0 2404.0
3032.0 2402.0
3034.0 2407.0
3036.0 2412.0
3033.0 2413.0
3030.0 2414.0
3029.0 2420.0
3028.0 2426.0
3036.0 2424.0
3044.0 2422.0
3054.0 2430.0
3064.0 2438.0
3068.0 2443.0
3072.0 2448.0
3068.0 2454.0
3064.0 2460.0
3066.0 2463.0
3068.0 2466.0
3072.0 2465.0
3076.0 2464.0
3085.0 2474.0
3094.0 2484.0
3100.0 2481.0
3106.0 2478.0
3112.0 2484.0
3118.0 2490.0
3124.0 2481.0
3130.0 2472.0
3132.0 2475.0
3134.0 2478.0
3140.0 2476.0
3146.0 2474.0
3144.0 2471.0
3142.0 2468.0
3150.0 2470.0
3158.0 2472.0
3166.0 2463.0
3174.0 2454.0
3176.0 2455.0
3178.0 2456.0
3176.0 2460.0
3174.0 2464.0
3179.0 2460.0
3184.0 2456.0
3190.0 2459.0
3196.0 2462.0
3195.0 2458.0
3194.0 2454.0
3202.0 2450.0
3210.0 2446.0
3210.0 2453.0
3210.0 2460.0
3216.0 2462.0
3222.0 2464.0
3223.0 2471.0
3224.0 2478.0
3231.0 2479.0
3238.0 2480.0
3250.0 2491.0
3262.0 2502.0
3267.0 2499.0
3272.0 2496.0
3276.0 2497.0
3280.0 2498.0
3283.0 2503.0
