3286.0 2508.0
3286.3122411808595 2507.005401760831
3286.0 2506.0
3285.783152775491 2504.5989751570155
3286.0 2504.0
3284.9237886085903 2502.516944602479
3284.0 2502.0
3283.778047337445 2500.737479281325
3284.0 2500.0
3282.38982761935 2499.2387483776547
3282.0 2498.0
3280.803028111595 2497.9989210755703
3280.0 2496.0
3279.0615474714714 2496.99461267087
3278.0 2496.0
3277.209284356272 2496.166699028356
3276.0 2496.0
3275.290137423286 2495.4203165818326
3274.0 2496.0
3273.348005329807 2494.6590478768035
3272.0 2496.0
3271.426786733125 2493.786475458769
3270.0 2494.0
3269.5703802905327 2492.706181873231
3268.0 2492.0
3267.8213585611225 2491.326770113056
3266.0 2490.0
3266.1917938454385 2489.6723134605068
3266.0 2488.0
3264.6632581854756 2487.882355487236
3264.0 2486.0
3263.2159975250297 2486.1014602122646
3264.0 2484.0
3261.830257807899 2484.4741916546136
3262.0 2484.0
3260.48628497788 2483.1451138333023
3260.0 2484.0
3259.164324978767 2482.2525881479755
3258.0 2482.0
3257.84462375436 2481.7923157526525
3258.0 2480.0
3256.507427248452 2481.617337555726
3256.0 2482.0
3255.1329814048427 2481.574491846212
3254.0 2484.0
3253.7015321673275 2481.510616913128
3252.0 2482.0
3252.193325479704 2481.272551045491
3252.0 2480.0
3250.5908641047527 2480.7115256228244
3250.0 2480.0
3248.9285576419234 2479.7798131062846
3248.0 2480.0
3247.2927225273293 2478.530727038666
3246.0 2478.0
3245.7719320160727 2477.021974053266
3244.0 2476.0
3244.4547593632515 2475.3112607833827
3242.0 2474.0
3243.429777823968 2473.456293862314
3244.0 2472.0
3242.7798231940724 2471.5147799233596
3244.0 2470.0
3242.4557697067476 2469.5444255998177
3242.0 2468.0
3242.2765300324954 2467.602937524985
3242.0 2466.0
3242.0552793825746 2465.7480223321613
3244.0 2464.0
3241.6051929682426 2464.0373866546443
3242.0 2464.0
3240.739446000757 2462.528737125733
3240.0 2462.0
3239.2868266348264 2461.277379200413
3238.0 2462.0
3237.4352207244738 2460.283391232504
3236.0 2462.0
3235.731611823046 2459.49162447465
3234.0 2460.0
3234.7184914772 2458.8445290011923
3232.0 2458.0
3234.475937380343 2458.284554886464
3234.0 2456.0
3234.621613372639 2457.7541522048023
3236.0 2456.0
3234.7606194358154 2457.196932110615
3238.0 2458.0
3234.671500660774 2456.583210599919
3236.0 2456.0
3234.3062472475904 2455.9100085103414
3234.0 2454.0
3233.6276849069504 2455.1755077595826
3232.0 2456.0
3232.6744109843457 2454.377890265341
3230.0 2456.0
3231.5607944600733 2453.5153379453136
3228.0 2454.0
3230.4020334855295 2452.5854395931115
3230.0 2452.0
3229.256625512574 2451.5721421482795
3230.0 2450.0
3228.1263672935183 2450.445750696297
3230.0 2448.0
3227.010590332874 2449.1759771985567
3228.0 2448.0
3225.90862613515 2447.7325336164513
3226.0 2446.0
3224.819806204854 2446.085131911369
3224.0 2446.0
3223.7462609608233 2444.2080722110186
3222.0 2444.0
3222.7544958513677 2442.18118246832
3222.0 2442.0
3221.9753913542745 2440.1898184614092
3220.0 2440.0
3221.5426268616557 2438.423924134739
3220.0 2438.0
3221.5898817656257 2437.07344343276
3222.0 2436.0
3222.2508354582956 2436.328320299923
3224.0 2436.0
3223.6513769077296 2436.36843773921
3226.0 2438.0
3225.7382153288395 2437.142277099819
3228.0 2436.0
3228.278880183382 2438.3669180771567
3230.0 2438.0
3231.03311050907 2439.7493794251677
3232.0 2440.0
3233.760645343611 2440.996679897793
3234.0 2442.0
3236.2212237247136 2441.815838248971
3236.0 2442.0
3238.1807469634105 2441.924535576514
3238.0 2442.0
3239.5468486571012 2441.2856868871927
3240.0 2442.0
3240.368894689556 2440.1074410967435
3242.0 2440.0
3240.702413217867 2438.6086094647667
3242.0 2438.0
3240.602932399127 2437.0080032508668
3240.0 2436.0
3240.1259803904245 2435.524433714646
3240.0 2434.0
3239.3265578489454 2434.371007576202
3240.0 2432.0
3238.247532933997 2433.629627147009
3238.0 2434.0
3236.9196413070104 2433.2509903299233
3236.0 2434.0
3235.3730911295097 2433.1800904882903
3234.0 2432.0
3233.6380905630185 2433.3619209854605
3232.0 2434.0
3231.74484776906 2433.7414751847796
3230.0 2434.0
3229.7235709091574 2434.2637464495983
3228.0 2436.0
3227.6044681448357 2434.8737281432627
3226.0 2436.0
3225.417747637617 2435.5164136291223
3224.0 2436.0
3223.1936175490273 2436.1367962705262
3222.0 2436.0
3220.962286040587 2436.6798694308204
3220.0 2438.0
3218.7539612738224 2437.090626473354
3218.0 2436.0
3216.5981125917906 2437.3162128796457
3216.0 2436.0
3214.5072165128486 2437.3532728491314
3214.0 2436.0
3212.4767567306494 2437.2479492991633
3212.0 2436.0
3210.50147812038 2437.0485372652633
3210.0 2438.0
3208.576125557231 2436.803331782956
3208.0 2438.0
3206.6954439163906 2436.5606278877626
3206.0 2438.0
3204.854178073045 2436.368720615207
3204.0 2436.0
3203.047072902385 2436.2759050008117
3202.0 2436.0
3201.268873279597 2436.3304760800997
3200.0 2436.0
3199.5143240798716 2436.580728888594
3198.0 2438.0
3197.7781701783942 2437.0749584618165
3196.0 2438.0
3196.055156450356 2437.861459835291
3194.0 2438.0
3194.340836477396 2438.9827987331587
3192.0 2438.0
3192.649364089561 2440.3497667177885
3194.0 2440.0
3191.0134933653 2441.7413811897777
3192.0 2442.0
3189.4667870895187 2442.9309302383426
3190.0 2444.0
3188.0428080471174 2443.691701952698
3188.0 2444.0
3186.775119023001 2443.7969844220593
3186.0 2444.0
3185.694397889945 2443.038532142585
3184.0 2444.0
3184.764969541801 2441.6328269701016
3182.0 2442.0
3183.884805893495 2440.2210781201015
3182.0 2440.0
3182.948993947827 2439.438969728851
3184.0 2438.0
3181.852620707599 2439.3703817506535
3182.0 2436.0
3180.4907731756066 2439.5473899578487
3180.0 2438.0
3178.766204882499 2439.4903439413883
3178.0 2440.0
3176.7579994993866 2439.0016953021745
3176.0 2440.0
3174.721570837839 2438.165997651057
3174.0 2440.0
3172.919999237278 2437.0800699036663
3172.0 2438.0
3171.6163650371236 2435.840730975636
3172.0 2436.0
3171.0737485767927 2434.544799782596
3170.0 2434.0
3171.5423190030356 2433.2866240565995
3172.0 2432.0
3172.9752880311507 2432.103714307394
3174.0 2430.0
3175.028909944986 2430.976743822417
3176.0 2428.0
3177.346527835722 2429.883914705531
3178.0 2428.0
3179.5714847945387 2428.8034290605974
3180.0 2428.0
3181.34712391261 2427.7134889914764
3182.0 2428.0
3182.3298083164905 2426.5919919332773
3184.0 2428.0
3182.4753619462867 2425.4098279398104
3182.0 2426.0
3182.03906955566 2424.1308796835847
3182.0 2424.0
3181.2892359336474 2422.7187251683567
3182.0 2422.0
3180.494165869286 2421.1369423978867
3180.0 2420.0
3179.922164151608 2419.34910937593
3180.0 2418.0
3179.8334741266494 2417.334949748345
3178.0 2416.0
3180.3029259514 2415.445536929285
3180.0 2414.0
3181.219936593802 2414.4032941011956
3182.0 2414.0
3182.4658615787994 2414.911626629433
3184.0 2416.0
3183.9220564313346 2416.8651803179064
3186.0 2418.0
3185.4698766763486 2419.3498414090745
3186.0 2420.0
3186.990671964421 2421.4382814107416
3186.0 2422.0
3188.3656568357437 2422.7079924950094
3188.0 2424.0
3189.4759107201244 2423.2412874982797
3190.0 2424.0
3190.202507173003 2423.142427981489
3192.0 2424.0
3190.426519749823 2422.515675505573
3192.0 2422.0
3190.0290220060274 2421.465291631468
3190.0 2420.0
3188.9071776180203 2420.0951255637488
3188.0 2418.0
3187.3282230443365 2418.49954231065
3186.0 2418.0
3185.92946752564 2416.7634226840723
3184.0 2416.0
3185.3443304051793 2414.9712351395497
3184.0 2414.0
3185.7466906034288 2413.20744813262
3186.0 2412.0
3186.85088661809 2411.5565301188185
3188.0 2410.0
3188.3532490001667 2410.099641281771
3190.0 2410.0
3189.9954659492605 2408.8418515511025
3192.0 2410.0
3191.5645833135804 2407.712140602448
3192.0 2408.0
3192.849619013011 2406.64459307962
3194.0 2406.0
3193.639590967436 2405.7667981485083
3194.0 2404.0
3193.723517096743 2405.3998494970842
3192.0 2404.0
3192.90247367372 2405.8510192565577
3192.0 2406.0
3191.25487908791 2406.9161792305545
3190.0 2408.0
3189.136493845611 2407.879800895115
3188.0 2410.0
3186.9151368060243 2408.029445310032
3186.0 2408.0
3184.958626828353 2407.235134288957
3186.0 2406.0
3183.634782771796 2405.949350399397
3184.0 2406.0
3183.297332947163 2404.638193966378
3182.0 2404.0
3183.975923052213 2403.498512983945
3184.0 2402.0
3185.3761161716507 2402.457903115162
3186.0 2402.0
3187.189384841793 2401.432253400006
3188.0 2400.0
3189.1072015989553 2400.337452878456
3190.0 2400.0
3190.821038979449 2399.08939059049
3190.0 2398.0
3192.033159372559 2397.6076289649413
3192.0 2396.0
3192.6939917858203 2395.8962183743283
3194.0 2396.0
3193.002131845021 2394.0436971348513
3196.0 2394.0
3193.1669650289177 2392.1422769515675
3194.0 2392.0
3193.397876816267 2390.2841695295347
3194.0 2390.0
3193.904252685824 2388.5615865738077
3194.0 2388.0
3194.8866277434763 2387.0632337240672
3194.0 2386.0
3196.3419785190918 2385.797177116276
3196.0 2384.0
3198.06372296652 2384.6908433826807
3198.0 2382.0
3199.836428666742 2383.6681530901524
3200.0 2384.0
3201.4446632007384 2382.6530268055612
3202.0 2382.0
3202.6729941494877 2381.569385095775
3204.0 2382.0
3203.3139473115457 2380.3434576223017
3204.0 2380.0
3203.343087489639 2378.9545832232984
3204.0 2378.0
3202.9190184906683 2377.4352099135717
3204.0 2376.0
3202.20830233911 2375.8200948025674
3202.0 2376.0
3201.377501059438 2374.143994999731
3200.0 2374.0
3200.593176676128 2372.4416676145042
3200.0 2372.0
3200.0201680855334 2370.748311494696
3200.0 2370.0
3199.7836822371983 2369.1092854704016
3200.0 2368.0
3199.969294133858 2367.5801083540105
3198.0 2366.0
3200.6466131128077 2366.216740696273
3200.0 2364.0
3201.5576701529735 2365.075143047939
3202.0 2364.0
3202.116917874909 2364.2112759597594
3204.0 2364.0
3201.746567894615 2363.676740119365
3202.0 2364.0
3200.374867081619 2363.4228593626926
3200.0 2364.0
3198.4360975589784 2363.3006806739713
3198.0 2364.0
3196.386542982519 2363.156891174324
3196.0 2364.0
3194.6824870080577 2362.8381779848623
3194.0 2364.0
3193.764291828375 2362.195559459116
3192.0 2362.0
3193.7061259862185 2361.179672296036
3192.0 2360.0
3194.215964374312 2359.840771539995
3194.0 2358.0
3194.98586042233 2358.2334434677764
3196.0 2356.0
3195.7078675599523 2356.4122743561657
3196.0 2354.0
3196.074039216853 2354.431850481944
3198.0 2352.0
3195.789446670938 2352.346758121897
3196.0 2352.0
3194.8585717093006 2350.2115835528084
3194.0 2350.0
3193.5853066282257 2348.0809130514613
3192.0 2348.0
3192.2865615722276 2346.009332894639
3192.0 2346.0
3191.2792466858177 2344.051429359126
3192.0 2344.0
3190.8802721135057 2342.2617887217057
3190.0 2342.0
3191.392188807575 2340.6929213665585
3192.0 2340.0
3192.787286298985 2339.349592147994
3194.0 2338.0
3194.7075926973685 2338.1888203904455
3196.0 2338.0
3196.7807769201336 2337.165549525747
3196.0 2336.0
3198.6345078846866 2336.2347229857323
3198.0 2334.0
3199.896454508429 2335.351284202232
3200.0 2334.0
3200.2085702999984 2334.4701766070802
3202.0 2334.0
3199.541354366297 2333.5463436321093
3200.0 2334.0
3198.1938514124963 2332.5347287091518
3198.0 2332.0
3196.4793907349926 2331.3902752700405
3196.0 2332.0
3194.7113016301896 2330.067926746608
3194.0 2330.0
3193.202913394485 2328.5226265706865
3192.0 2328.0
3192.2592263744395 2326.7216713548837
3192.0 2326.0
3191.9936750702664 2324.916480869611
3190.0 2324.0
3192.3281281358363 2323.6425980430886
3192.0 2322.0
3193.1761252751794 2323.4201292910843
3194.0 2322.0
3194.451206192326 2324.130018085288
3196.0 2324.0
3196.0669105913043 2325.0140449533
3198.0 2326.0
3197.9367781761434 2325.3109941940074
3200.0 2328.0
3199.9743486508746 2324.8298997899446
3202.0 2326.0
3202.0931617195265 2323.9500454072895
3202.0 2324.0
3204.206757086129 2323.0648899812677
3204.0 2322.0
3206.228674454711 2322.3236739515355
3206.0 2320.0
3208.072453529304 2321.631419262179
3208.0 2318.0
3209.6533173042394 2320.8848279480517
3210.0 2320.0
3210.925204450862 2320.033462627264
3212.0 2320.0
3211.88076931752 2319.0797465011765
3214.0 2320.0
3212.514349542872 2318.0284010573814
3214.0 2318.0
3212.820282765569 2316.8841477834694
3214.0 2316.0
3212.7929066242687 2315.6517081670304
3214.0 2314.0
3212.4279946871857 2314.335803695658
3212.0 2314.0
3211.7543469024276 2312.9411558569404
3210.0 2314.0
3210.833789597992 2311.472486138469
3208.0 2312.0
3209.7295850314354 2309.9345160278363
3208.0 2310.0
3208.50499546032 2308.3319670126316
3206.0 2308.0
3207.2232831421993 2306.669560580446
3206.0 2306.0
3205.9460086748363 2304.9523888495846
3206.0 2304.0
3204.695594480584 2303.194068444778
3206.0 2302.0
3203.4553248064 2301.416740497179
3204.0 2300.0
3202.2067822394383 2299.6429167686547
3202.0 2298.0
3200.931549366854 2297.8951090210744
3200.0 2296.0
3199.611208775803 2296.195829016306
3200.0 2294.0
3198.2273430534397 2294.5675885162163
3198.0 2292.0
3196.7615347869187 2293.032899282675
3196.0 2292.0
3195.1953665633964 2291.6142730775473
3194.0 2290.0
3193.510420970028 2290.334221662704
3192.0 2290.0
3191.6882805939663 2289.215256800011
3190.0 2290.0
3189.710528022369 2288.2798902513377
3188.0 2290.0
3187.560719429865 2287.5501768193926
3186.0 2290.0
3185.2678035030003 2287.0376612462383
3184.0 2288.0
3182.906121440239 2286.7433782132894
3182.0 2286.0
3180.551988027519 2286.6679054428027
3180.0 2286.0
3178.28171805078 2286.8118206570357
3178.0 2286.0
3176.17162629596 2287.175701578243
3176.0 2286.0
3174.2980275489945 2287.758707418769
3174.0 2288.0
3172.7372365958254 2288.527371662922
3172.0 2288.0
3171.565568222388 2289.415602066977
3170.0 2290.0
3170.8593372146233 2290.3558878772965
3168.0 2292.0
3170.694858358467 2291.2807183402433
3170.0 2292.0
3171.1484464398604 2292.122582702176
3172.0 2294.0
3172.2880368193073 2292.817186956906
3174.0 2294.0
3173.9888380723964 2293.374222289533
3176.0 2292.0
3175.9333319897883 2293.877365076443
3178.0 2292.0
3177.7956209367203 2294.4135084414734
3180.0 2294.0
3179.249807278423 2295.0695455084597
3180.0 2296.0
3179.9699933801307 2295.9323694012382
3180.0 2298.0
3179.643705713905 2297.082734474278
3178.0 2300.0
3178.2672252088487 2298.460203386601
3176.0 2298.0
3176.1455872511074 2299.863147101782
3174.0 2300.0
3173.597251333656 2301.0837978140303
3172.0 2300.0
3170.940676949469 2301.9143877175543
3170.0 2302.0
3168.4943235915175 2302.1471490065614
3168.0 2302.0
3166.566177814316 2301.585497735369
3166.0 2302.0
3165.223348587747 2300.2900787407902
3164.0 2300.0
3164.2920672970604 2298.5787656421307
3164.0 2298.0
3163.5880923890504 2296.7806159188076
3164.0 2296.0
3162.927182310507 2295.2246870502386
3164.0 2294.0
3162.1250955082187 2294.240036515836
3162.0 2294.0
3161.003034939731 2294.1428081604636
3160.0 2294.0
3159.5074273098844 2294.952132234199
3158.0 2296.0
3157.709923070819 2296.390125392337
3156.0 2298.0
3155.687617185425 2298.16599065562
3154.0 2298.0
3153.5176046165957 2299.9889310447893
3152.0 2300.0
3151.2769803272213 2301.568149580584
3150.0 2302.0
3149.0412982597677 2302.6216468927223
3148.0 2304.0
3146.850668886868 2303.069768617381
3146.0 2304.0
3144.7097592113278 2303.0352053971956
3144.0 2304.0
3142.621695215522 2302.64944548378
3142.0 2302.0
3140.5896028818293 2302.043977128746
3140.0 2300.0
3138.616608192624 2301.350288583705
3138.0 2300.0
3136.705837130285 2300.6979911738013
3136.0 2300.0
3134.8604156771894 2300.173526915339
3134.0 2300.0
3133.0834698157123 2299.8201685157896
3132.0 2302.0
3131.378125528232 2299.679311756151
3130.0 2302.0
3129.7475087971243 2299.792352417424
3128.0 2300.0
3128.1947456047656 2300.2006862806056
3128.0 2298.0
3126.7269915785378 2300.9437586191893
3126.0 2300.0
3125.444084180887 2302.0161530339833
3126.0 2302.0
3124.5385427093333 2303.367591453119
3124.0 2304.0
3124.199484669091 2304.9458452972167
3124.0 2306.0
3124.445104507357 2306.6986859868994
3124.0 2308.0
3125.1226736133053 2308.573884942787
3126.0 2310.0
3126.0669931057105 2310.519213585503
3126.0 2312.0
3126.9969709420907 2312.482443335668
3126.0 2314.0
3127.515621918708 2314.4113456139034
3128.0 2316.0
3127.2362104447675 2316.2536918408323
3128.0 2318.0
3126.123635188399 2317.9572534370745
3126.0 2320.0
3124.4944290766457 2319.469801823253
3124.0 2320.0
3122.673574277811 2320.7402248182298
3122.0 2320.0
3120.82875125013 2321.743087400417
3120.0 2320.0
3118.970338741775 2322.478631707773
3118.0 2322.0
3117.101876296132 2322.9482162765
3116.0 2322.0
3115.226903456585 2323.153199642797
3114.0 2322.0
3113.348959766521 2323.0949403428667
3112.0 2324.0
3111.471584769325 2322.7754216211815
3110.0 2324.0
3109.5983180083836 2322.210995012527
3108.0 2324.0
3107.73269902708 2321.4323803419884
3106.0 2322.0
3105.878267368803 2320.47092214293
3106.0 2320.0
3104.0385625769377 2319.357964948715
3104.0 2318.0
3102.217124194867 2318.1248532927066
3102.0 2316.0
3100.41749176598 2316.805472166508
3100.0 2316.0
3098.6432048336596 2315.4921371012383
3098.0 2314.0
3096.8978029412933 2314.3355941675327
3096.0 2312.0
3095.1848256322664 2313.482980904043
3094.0 2314.0
3093.5078124499646 2312.9400080742257
3092.0 2316.0
3091.870302937773 2312.5709596663382
3090.0 2314.0
3090.2758366390776 2312.2365635576816
3088.0 2312.0
3088.7279530972646 2311.8571838486178
3088.0 2310.0
3087.2301918557177 2311.4128208625757
3086.0 2308.0
3085.7860924578254 2310.8860678022484
3086.0 2310.0
3084.3991944469713 2310.259517870327
3084.0 2312.0
3083.073037366542 2309.5157642695044
3082.0 2310.0
3081.8102974031935 2308.640349287287
3082.0 2308.0
3080.59379353883 2307.6866441619
3082.0 2306.0
3079.3864875505933 2306.7758490822835
3080.0 2306.0
3078.150477858905 2306.0321133221955
3078.0 2306.0
3076.847862884182 2305.5795861553916
3076.0 2308.0
3075.4407410468407 2305.5424168556274
3074.0 2308.0
3073.9018108798277 2306.039037131462
3072.0 2306.0
3072.447573504241 2307.0563746918847
3070.0 2306.0
3071.5383326293295 2308.4498532463176
3072.0 2308.0
3071.622216917603 2310.069178938983
3072.0 2310.0
3072.6235263683357 2311.7640579141053
3072.0 2312.0
3073.9427323175664 2313.384196315907
3074.0 2314.0
3074.9711576789946 2314.782887657835
3076.0 2314.0
3075.413540315657 2315.895934945443
3078.0 2316.0
3075.288033039929 2316.7416506763984
3076.0 2318.0
3074.6264154011133 2317.3419347175886
3074.0 2320.0
3073.4604669485125 2317.7186869359025
3072.0 2318.0
3071.8219672314303 2317.893807198226
3070.0 2318.0
3069.746594289807 2317.8891953714497
3068.0 2318.0
3067.3596914482237 2317.72675132246
3066.0 2318.0
3064.876267315905 2317.428374918145
3064.0 2318.0
3062.5152289927096 2317.0159660253935
3062.0 2316.0
3060.4954835784997 2316.511424511093
3060.0 2318.0
3059.035938173135 2315.9366502421326
3058.0 2316.0
3058.341047959294 2315.31279177734
3056.0 2314.0
3058.2828740244327 2314.64371759022
3058.0 2312.0
3058.401083360789 2313.9160160689444
3060.0 2312.0
3058.233459227465 2313.1155242936306
3060.0 2310.0
3057.606853116603 2312.228079344393
3058.0 2312.0
3056.637184753381 2311.239518301348
3056.0 2312.0
3055.450325248327 2310.137408289851
3054.0 2312.0
3054.111959341865 2308.94910747575
3052.0 2310.0
3052.627585404315 2307.7417650653842
3052.0 2308.0
3051.0000850072956 2306.584260310335
3050.0 2306.0
3049.232339722428 2305.5454724621823
3048.0 2304.0
3047.3272311213314 2304.694280772504
3046.0 2304.0
3045.288845450575 2304.0958780784335
3044.0 2304.0
3043.1489764805547 2303.7306696847972
3042.0 2302.0
3040.967125505493 2303.494273364113
3040.0 2304.0
3038.803998494565 2303.278620474454
3038.0 2302.0
3036.7203014169418 2302.9756423738913
3036.0 2302.0
3034.7767402417953 2302.477270420497
3034.0 2304.0
3033.0340209382985 2301.679934696684
3032.0 2302.0
3031.5528494756245 2300.5835359446833
3032.0 2300.0
3030.3939318229454 2299.291445566548
3032.0 2298.0
3029.6179739494337 2297.911533688673
3030.0 2298.0
3029.285681824262 2296.5516704374486
3028.0 2296.0
3029.4546704605386 2295.3174480668335
3028.0 2294.0
3030.111462881918 2294.262067764745
3030.0 2292.0
3031.1714901225905 2293.386339653062
3032.0 2294.0
3032.5470922606883 2292.688795981226
3034.0 2294.0
3034.1506093743415 2292.16796899868
3034.0 2292.0
3035.89438154168 2291.8223909548656
3036.0 2290.0
3037.690748840836 2291.6481915710383
3038.0 2292.0
3039.4520513499383 2291.5862424201637
3040.0 2292.0
3041.090629147116 2291.5221569269106
3042.0 2290.0
3042.5188223105038 2291.339145987767
3044.0 2292.0
3043.648970918229 2290.9204204992184
3046.0 2292.0
3044.393415048422 2290.149191357749
3046.0 2290.0
3044.6676628491814 2288.916312598634
3046.0 2288.0
3044.4600880778294 2287.2884304492627
3044.0 2286.0
3043.8319301009146 2285.5079833291447
3042.0 2284.0
3042.8475963549554 2283.825052796577
3042.0 2282.0
3041.571494276467 2282.4897204098584
3040.0 2282.0
3040.0680313019657 2281.7520677272823
3038.0 2282.0
3038.401614867968 2281.8519894177903
3036.0 2282.0
3036.63665241099 2282.795081695086
3034.0 2284.0
3034.8375513675473 2284.3526423176363
3034.0 2286.0
3033.068719174157 2286.2857821545554
3034.0 2288.0
3031.394563267335 2288.3556120749527
3032.0 2290.0
3029.879491083597 2290.323242947937
3030.0 2290.0
3028.588534715525 2291.9580396480046
3030.0 2292.0
3027.601093345218 2293.2192091734314
3028.0 2294.0
3027.010933244293 2294.2558006462777
3026.0 2294.0
3026.9101293100784 2295.225117193989
3026.0 2296.0
3027.33748774186 2296.284461944007
3026.0 2298.0
3028.2785460408736 2297.591138023776
3028.0 2298.0
3029.704665994225 2299.2931990619127
3030.0 2300.0
3031.3144366620695 2301.3259602140506
3032.0 2302.0
3032.53367437761 2303.411998162834
3034.0 2304.0
3032.797422384565 2305.2646400920826
3034.0 2306.0
3032.0257155954346 2306.597213185616
3032.0 2308.0
3030.6235805915103 2307.123044627255
3030.0 2308.0
3029.0084341166976 2306.5781584215274
3028.0 2306.0
3027.397674986433 2305.220605449255
3026.0 2304.0
3025.8086840876676 2303.8304634675537
3026.0 2302.0
3024.250145875684 2303.1867456608716
3024.0 2304.0
3022.730744805767 2303.5219531659927
3022.0 2304.0
3021.2591653331956 2304.5220750720364
3020.0 2304.0
3019.8440919132527 2305.8557354658387
3018.0 2306.0
3018.4942090012205 2307.3386754293438
3016.0 2308.0
3017.21820105238 2308.933753039605
3016.0 2310.0
3016.0247525220148 2310.610222764768
3014.0 2312.0
3014.9225478654043 2312.337339072979
3014.0 2314.0
3013.920271537833 2314.084356432383
3014.0 2316.0
3013.0263039774986 2315.8212952806425
3016.0 2318.0
3012.2420332296842 2317.5357933543332
3014.0 2320.0
3011.561854946758 2319.2331056889398
3012.0 2320.0
3010.9798607640078 2320.919253289466
3010.0 2320.0
3010.4901423167157 2322.6002571609147
3010.0 2322.0
3010.0867912401695 2324.2821383082887
3010.0 2324.0
3009.7639816823134 2325.9709177365926
3010.0 2326.0
3009.5177855822576 2327.672616450828
3008.0 2328.0
3009.346172670275 2329.3932554559997
3008.0 2330.0
3009.2471951893017 2331.1388557571104
3008.0 2332.0
3009.2189053822713 2332.915438359163
3008.0 2334.0
3009.2593554921177 2334.729024267161
3010.0 2336.0
3009.364946370854 2336.585307559138
3010.0 2338.0
3009.494096879273 2338.4824629928394
3010.0 2340.0
3009.5672438869483 2340.4111460057165
3012.0 2342.0
3009.5031728725335 2342.3616851082547
3010.0 2344.0
3009.220669314679 2344.324408810938
3010.0 2346.0
3008.638518692039 2346.2896456242506
3008.0 2348.0
3007.68738048217 2348.247724058677
3006.0 2350.0
3006.5710161374295 2350.188972624701
3004.0 2350.0
3005.7662890849783 2352.1037198328067
3004.0 2352.0
3005.7401729987732 2353.9822941934794
3006.0 2354.0
3006.459075254206 2355.8150242172014
3008.0 2356.0
3007.388836928107 2357.5922384144587
3008.0 2358.0
3007.983842389169 2359.2963922722743
3010.0 2360.0
3007.935538017421 2360.728861738064
3008.0 2362.0
3007.172432204233 2361.509943219643
3006.0 2362.0
3005.6439185744352 2361.273473748965
3004.0 2362.0
3003.542689111197 2360.145804252845
3002.0 2360.0
3001.304734156016 2358.745799552959
3000.0 2358.0
2999.3668209359817 2357.7008642362134
3000.0 2356.0
2997.9402866884197 2357.3423035949495
2998.0 2356.0
2997.011038660895 2357.7053236269444
2996.0 2358.0
2996.5551827970658 2358.8017792517408
2996.0 2360.0
2996.5488250405933 2360.402549884022
2996.0 2362.0
2996.9680713351368 2362.0375394336165
2996.0 2364.0
2997.78813121877 2363.238880060277
2998.0 2364.0
2998.963596901054 2363.8309291769283
3000.0 2364.0
3000.42844326304 2363.930269449664
3002.0 2364.0
3002.1157487801906 2363.666188990368
3004.0 2362.0
3003.95859192797 2363.1679759109247
3006.0 2362.0
3005.8900511818397 2362.564918323217
3008.0 2364.0
3007.8432050172646 2361.986304339131
3008.0 2362.0
3009.751131909707 2361.5614220705484
3010.0 2360.0
3011.5469103346304 2361.4195596293534
3012.0 2360.0
3013.1636187674985 2361.6900051274315
3014.0 2362.0
3014.5343356837734 2362.502046676665
3014.0 2364.0
3015.5921395589203 2363.984972388938
3016.0 2366.0
3016.2745986258265 2366.246701011364
3016.0 2368.0
3016.6225455381814 2368.903655901307
3018.0 2370.0
3016.7800773704703 2371.080765026388
3016.0 2372.0
3016.8957809546087 2371.911348378559
3018.0 2372.0
3017.118243122507 2371.213237899236
3018.0 2370.0
3017.5960507060795 2369.488777479287
3018.0 2368.0
3018.4718807340996 2367.2689882683467
3018.0 2366.0
3019.752484763145 2365.0599564181066
3020.0 2364.0
3021.3086888775933 2363.342833082318
3022.0 2364.0
3023.005409358684 2362.5800773237065
3024.0 2362.0
3024.7075624876575 2362.8291651093323
3026.0 2362.0
3026.2800645457537 2363.7425893105924
3028.0 2364.0
3027.587995819573 2364.9621020461923
3028.0 2366.0
3028.500208719 2366.2874012186
3026.0 2368.0
3028.889327777208 2367.6761305140435
3028.0 2368.0
3028.6378597238445 2369.092800826742
3030.0 2370.0
3027.8518296841785 2370.5019230509115
3030.0 2372.0
3026.8607811791053 2371.8680080807712
3028.0 2374.0
3025.9946234082126 2373.1581375449337
3026.0 2372.0
3025.368157785399 2374.3985199630633
3024.0 2374.0
3024.8810779388714 2375.674490745878
3024.0 2376.0
3024.4237249844196 2377.073956038486
3022.0 2378.0
3023.8864400378307 2378.6848219860017
3022.0 2380.0
3023.1595642148923 2380.594994733533
3022.0 2382.0
3022.1372689902287 2382.8790910406833
3020.0 2384.0
3020.8018240917404 2385.3060718003085
3020.0 2386.0
3019.2235975005988 2387.3392420385226
3020.0 2388.0
3017.4767875568127 2388.4479646202335
3018.0 2390.0
3015.635592600394 2388.5465885692656
3016.0 2388.0
3013.7742109713504 2387.9944490683642
3014.0 2388.0
3011.966841009694 2387.170445315248
3012.0 2386.0
3010.287681055432 2386.458462693104
3010.0 2386.0
3008.8109294485757 2386.2473727705888
3008.0 2386.0
3007.610784529136 2386.9078822633196
3008.0 2388.0
3006.761444637121 2388.387920081542
3006.0 2390.0
3006.337108112542 2390.2126373301344
3004.0 2390.0
3006.408821337893 2391.9005622687814
3006.0 2392.0
3006.9751356728534 2393.240675523128
3006.0 2394.0
3007.9621074542774 2394.292410084775
3008.0 2396.0
3009.292641061511 2395.126957743845
3010.0 2396.0
3010.889640873896 2395.815510290462
3012.0 2396.0
3012.6760112707757 2396.429259514748
3014.0 2396.0
3014.574361604287 2397.039397206824
3016.0 2398.0
3016.5005156007987 2397.717115156815
3018.0 2398.0
3018.36351136091 2398.533605154841
3020.0 2398.0
3020.072091958016 2399.5600589910264
3022.0 2400.0
3021.5350004655106 2400.8676684554916
3024.0 2402.0
3022.660979956786 2402.5276253383618
3022.0 2404.0
3023.3632055580883 2404.6034347247382
3022.0 2406.0
3023.6567896112383 2406.9818074842874
3022.0 2408.0
3023.65878167363 2409.372660271238
3022.0 2410.0
3023.49066335551 2411.4782230348005
3024.0 2412.0
3023.273916267127 2413.000725724184
3024.0 2414.0
3023.1300220187236 2413.642398288597
3026.0 2414.0
3023.1777652290143 2413.1205719181985
3024.0 2412.0
3023.4738997113836 2411.4999063449377
3022.0 2410.0
3024.013148473891 2409.192389842558
3024.0 2408.0
3024.787537533063 2406.6251119257504
3024.0 2406.0
3025.789092905424 2404.225162109206
3026.0 2404.0
3027.0098406074976 2402.4196299076148
3028.0 2402.0
3028.438874538356 2401.62121628169
3030.0 2400.0
3029.9978498955998 2401.9116854506397
3032.0 2402.0
3031.540983175364 2403.0418648921614
3032.0 2404.0
3032.919558756327 2404.7481935299807
3032.0 2406.0
3033.98486101717 2406.7671102878194
3034.0 2408.0
3034.5881743365703 2408.835054089399
3036.0 2410.0
3034.5907751744635 2410.69594139078
3036.0 2412.0
3034.083757859627 2412.265671891756
3034.0 2414.0
3033.3880345896796 2413.6321285358554
3032.0 2414.0
3032.8237964276886 2414.8906717989453
3030.0 2414.0
3032.4648304730554 2416.136662156892
3032.0 2416.0
3032.1385198615135 2417.4654600855583
3032.0 2418.0
3031.6682149395624 2418.9674402790506
3032.0 2420.0
3031.030915864845 2420.618304450942
3032.0 2422.0
3030.3572726061498 2422.279081334271
3032.0 2424.0
3029.784615558837 2423.8058138803194
3030.0 2426.0
3029.4502751182663 2425.0545450403674
3028.0 2424.0
3029.491581679797 2425.8813177656925
3028.0 2426.0
3030.0409197285176 2426.148844589251
3030.0 2426.0
3031.1169178132163 2425.873238422542
3032.0 2424.0
3032.624448546383 2425.224012555608
3034.0 2426.0
3034.4634386302346 2424.37734986017
3036.0 2424.0
3036.533814766991 2423.509433207945
3038.0 2424.0
3038.735503658865 2422.7964454706535
3040.0 2422.0
3040.9698626635695 2422.4100655990637
3042.0 2422.0
3043.1711542151543 2422.4183823621097
3044.0 2422.0
3045.3065458240035 2422.7858943468873
3046.0 2424.0
3047.3446356559994 2423.472596219544
3048.0 2424.0
3049.254021877021 2424.438482646227
3050.0 2424.0
3051.003302652949 2425.6435482930833
3052.0 2426.0
3052.5639711975546 2427.04778782626
3054.0 2428.0
3053.9741068261023 2428.6111959119035
3054.0 2430.0
3055.3383749553495 2430.2937672161625
3056.0 2432.0
3056.7643360499487 2432.055496405182
3058.0 2434.0
3058.3595505745475 2433.856378145111
3060.0 2434.0
3060.2255188593645 2435.6572980610586
3062.0 2436.0
3062.3243581427164 2437.439633834269
3064.0 2438.0
3064.478802571012 2439.2052552021214
3064.0 2440.0
3066.505526156231 2440.9569228609585
3066.0 2442.0
3068.2212029103544 2442.6973975071237
3068.0 2444.0
3069.44250684536 2444.4294398369566
3068.0 2446.0
3069.994053311359 2446.1558105468016
3070.0 2446.0
3069.883108435437 2447.879270333001
3072.0 2448.0
3069.2995891216538 2449.6025798918945
3070.0 2450.0
3068.4413536122033 2451.3284999198263
3070.0 2452.0
3067.506260149278 2453.0597911131376
3068.0 2454.0
3066.6921669750673 2454.7992141681716
3066.0 2456.0
3066.1919108978095 2456.5481556581817
3066.0 2458.0
3066.0828357447426 2458.276397325397
3064.0 2460.0
3066.3267923621147 2459.922116081019
3066.0 2460.0
3066.8806101622135 2461.422114713166
3068.0 2462.0
3067.701118557332 2462.713196009951
3068.0 2464.0
3068.745146959755 2463.73216275949
3068.0 2466.0
3069.969524781776 2464.4203867021206
3070.0 2464.0
3071.331081435682 2464.824325479312
3072.0 2464.0
3072.7866463337637 2465.095522633657
3074.0 2464.0
3074.293048888312 2465.3900906599765
3076.0 2464.0
3075.807118511615 2465.8641420530885
3078.0 2466.0
3077.285684615962 2466.6737893078125
3078.0 2468.0
3078.686865319198 2467.966898378939
3078.0 2470.0
3079.9984189669203 2469.701664800608
3080.0 2472.0
3081.2377441324797 2471.6466136863064
3082.0 2472.0
3082.423528094781 2473.5620236094946
3084.0 2474.0
3083.5744581327313 2475.2081731436324
3084.0 2476.0
3084.709221525235 2476.3453408621795
3084.0 2478.0
3085.846505551198 2476.752787453944
3086.0 2476.0
3087.0049974895255 2476.6463622607175
3088.0 2476.0
3088.2033846191225 2476.678503277275
3090.0 2476.0
3089.4603542188966 2477.493525242473
3092.0 2478.0
3090.794593567749 2479.1123193559306
3092.0 2480.0
3092.2247899445892 2480.932353278036
3092.0 2482.0
3093.768731291527 2482.3394480204747
3094.0 2484.0
3095.4235208044024 2483.074975213993
3096.0 2484.0
3097.1655769327826 2483.2358571083987
3098.0 2482.0
3098.970418789444 2482.934474676065
3100.0 2482.0
3100.813565487161 2482.2832088893674
3102.0 2482.0
3102.6705361387076 2481.3944407206814
3104.0 2482.0
3104.516849856857 2480.386478523573
3104.0 2480.0
3106.3280257543856 2479.513960418999
3106.0 2478.0
3108.0795829440654 2479.1678542953123
3108.0 2480.0
3109.7470405386734 2479.7285085657
3110.0 2480.0
3111.3059176509823 2481.1956939471925
3112.0 2482.0
3112.7317333937676 2483.188603460662
3114.0 2484.0
3114.0016514718895 2485.3090384563816
3116.0 2486.0
3115.1306612082058 2487.1393695569764
3118.0 2488.0
3116.171577543568 2488.2425366574216
3118.0 2490.0
3117.178860010918 2488.2014736070732
3118.0 2488.0
3118.2069681431935 2487.07840593365
3118.0 2486.0
3119.310361473336 2485.414850843235
3118.0 2484.0
3120.5411594490065 2483.7568675955854
3120.0 2482.0
3121.8976595564955 2482.2756910066323
3122.0 2480.0
3123.324337320717 2480.7677314484763
3124.0 2480.0
3124.7633281813105 2479.0258485339477
3126.0 2480.0
3126.156767577917 2477.1360588564435
3128.0 2478.0
3127.446790950171 2475.477535989924
3128.0 2476.0
3128.578661388503 2474.4296714854922
3128.0 2474.0
3129.569577951471 2474.083713387959
3130.0 2472.0
3130.508675665761 2474.2427662358314
3132.0 2472.0
3131.4882172088555 2474.697406589086
3134.0 2474.0
3132.6004652582305 2475.2382110076974
3132.0 2476.0
3133.937682491363 2475.6557560516417
3134.0 2478.0
3135.5859764504407 2475.7497968078246
3136.0 2478.0
3137.489886565978 2475.531194482534
3138.0 2476.0
3139.4523841568102 2475.2219164014405
3140.0 2474.0
3141.270285406484 2475.0429539089137
3142.0 2472.0
3142.7404064985476 2474.9817446599686
3144.0 2474.0
3143.6595636165466 2474.7921726202653
3144.0 2476.0
3143.8388855827197 2474.227125653914
3146.0 2474.0
3143.418691909203 2473.2501349787126
3144.0 2474.0
3142.868492798029 2472.0353751661446
3142.0 2472.0
3142.660363632645 2470.766179194376
3140.0 2470.0
3142.9961882790485 2469.625880041572
3142.0 2468.0
3143.8076590857877 2468.7978106858986
3144.0 2468.0
3145.0145578111074 2468.4578970240295
3146.0 2468.0
3146.532914153656 2468.6117020782945
3148.0 2470.0
3148.275005752483 2469.0944259966814
3150.0 2470.0
3150.152947113613 2469.7338618456847
3152.0 2470.0
3152.0788527430714 2470.3578026918008
3154.0 2470.0
3153.964837146881 2470.7940416015226
3156.0 2470.0
3155.725416341879 2470.8750807117017
3158.0 2472.0
3157.3303410935387 2470.5417307773305
3156.0 2470.0
3158.804596915978 2469.843111171547
3158.0 2468.0
3160.1755708341234 2468.833050337844
3160.0 2468.0
3161.4706498729015 2467.5653767197136
3162.0 2468.0
3162.71722105724 2466.0939187606473
3164.0 2466.0
3163.9426714120636 2464.472504904138
3164.0 2464.0
3165.1743879623014 2462.754963593678
3166.0 2462.0
3166.439757732879 2460.99512327276
3166.0 2460.0
3167.766167748724 2459.2468123848753
3168.0 2458.0
3169.181005034762 2457.5638593735175
3170.0 2456.0
3170.708513985486 2456.0071390166727
3172.0 2456.0
3172.3006584953996 2454.7995917857374
3174.0 2454.0
3173.8371219590117 2454.3262238455136
3176.0 2454.0
3175.1944451404006 2454.9602810218903
3178.0 2456.0
3176.2491688036434 2456.642455652369
3176.0 2458.0
3176.8778337128156 2458.880886586061
3176.0 2460.0
3176.9687565157915 2461.1673476617116
3176.0 2462.0
3176.681099187697 2463.0497709679685
3174.0 2464.0
3176.444869030921 2464.132246843384
3176.0 2464.0
3176.6900127147956 2464.039429016376
3178.0 2464.0
3177.5742370211055 2462.812770932301
3180.0 2462.0
3178.983008844085 2460.910525753462
3180.0 2460.0
3180.790202887432 2458.809152307253
3182.0 2458.0
3182.875313360008 2456.98704000122
3184.0 2456.0
3185.12345397583 2455.924508823065
3186.0 2456.0
3187.419982775231 2456.0759351143142
3188.0 2456.0
3189.650257798542 2457.2970607743123
3190.0 2458.0
3191.699637086094 2458.8449932602216
3192.0 2458.0
3193.453001605132 2459.969498703351
3194.0 2460.0
3194.784259641882 2460.3501271825508
3196.0 2462.0
3195.556346801551 2460.0962127242105
3198.0 2460.0
3195.644993493564 2459.3357756133087
3196.0 2460.0
3195.2311833052904 2458.1968361348254
3194.0 2458.0
3194.801153002045 2456.8074145737387
3194.0 2456.0
3194.8416372101237 2455.294143350629
3194.0 2454.0
3195.5455681803546 2453.7517340049244
3196.0 2452.0
3196.8120757880993 2452.242977194898
3198.0 2450.0
3198.5275158923973 2450.8292757144236
3200.0 2450.0
3200.5782443522853 2449.5720323573782
3202.0 2450.0
3202.850617026802 2448.5326499176367
3204.0 2450.0
3205.2276480620453 2447.772531189075
3206.0 2448.0
3207.51549220645 2447.353078965568
3208.0 2446.0
3209.4434448107913 2447.3356960409906
3210.0 2446.0
3210.745971292217 2447.7817852092194
3212.0 2448.0
3211.3533079920394 2448.7527492641284
3212.0 2450.0
3211.39146217574 2450.3099909995926
3212.0 2452.0
3211.0003588479817 2452.500870688514
3210.0 2454.0
3210.4442600904445 2455.049770621334
3210.0 2456.0
3210.1117650618235 2457.358095106045
3210.0 2458.0
3210.385237954552 2458.8367818943507
3210.0 2460.0
3211.3793016599934 2459.4390159258164
3212.0 2460.0
3212.940837768443 2459.6602293278656
3214.0 2460.0
3214.901715854594 2460.0078343465552
3216.0 2460.0
3217.016270435402 2460.7225387686267
3218.0 2460.0
3218.96130097008 2461.778345921501
3220.0 2462.0
3220.4212811658454 2463.137663286543
3222.0 2464.0
3221.334727491698 2464.762898345117
3222.0 2466.0
3221.8941991784195 2466.616458578588
3222.0 2468.0
3222.3005368070776 2468.6593292147495
3222.0 2470.0
3222.6910092534476 2470.819783649249
3222.0 2472.0
3223.1393136880124 2472.9933834455887
3224.0 2474.0
3223.7163832940687 2475.074267913699
3224.0 2476.0
3224.4931512549133 2476.9565763635114
3224.0 2478.0
3225.5405507538426 2478.534448104954
3226.0 2478.0
3226.9259946998486 2479.7066294438105
3228.0 2480.0
3228.6359296928763 2480.4778275903914
3230.0 2482.0
3230.5758360238237 2480.9587106595395
3232.0 2482.0
3232.6476737092853 2481.2645537619505
3234.0 2482.0
3234.753402765855 2481.5106320083187
3236.0 2480.0
3236.7949832101226 2481.812220509335
3238.0 2480.0
3238.6772495964287 2482.2813932029258
3240.0 2482.0
3240.3711508472356 2482.9565970532954
3242.0 2484.0
3241.9137502531257 2483.8026520509306
3242.0 2486.0
3243.344985642432 2484.7811770135495
3242.0 2488.0
3244.7047948434833 2485.853790758871
3244.0 2486.0
3246.0331156846087 2486.9821121046098
3246.0 2486.0
3247.36905429285 2488.1289575179653
3248.0 2488.0
3248.7325876655614 2489.284689404184
3250.0 2490.0
3250.1245636704125 2490.467216106559
3252.0 2490.0
3251.5449984737875 2491.695643617868
3254.0 2492.0
3252.9939082420656 2492.989077930885
3256.0 2494.0
3254.471309141626 2494.3666250383844
3254.0 2496.0
3255.9771061260226 2495.844547025841
3256.0 2498.0
3257.5086462537147 2497.373696110792
3258.0 2498.0
3259.06071868808 2498.8395146428334
3260.0 2498.0
3260.6280013796636 2500.1246010642644
3262.0 2500.0
3262.2051722790075 2501.1115538173826
3262.0 2502.0
3263.786909336659 2501.6829713444827
3264.0 2502.0
3265.3678905031607 2501.7276627055467
3266.0 2502.0
3266.942793729061 2501.2772811672417
3268.0 2502.0
3268.5062969649016 2500.506324202927
3270.0 2500.0
3270.05307816123 2499.5954999036435
3270.0 2498.0
3271.577815268588 2498.7255163604336
3272.0 2496.0
3273.075186237523 2498.0770816643358
3274.0 2498.0
3274.5398690185793 2497.825622351345
3274.0 2500.0
3275.966541562301 2498.025089191345
3276.0 2500.0
3277.349881819234 2498.6079571881123
3278.0 2500.0
3278.6845677399224 2499.501419790377
3280.0 2498.0
3279.965277274911 2500.6326704468665
3282.0 2500.0
3281.1866883747452 2501.92890260631
3282.0 2502.0
3282.34347898997 2503.3173097174363
3284.0 2504.0
3283.4303270711303 2504.7250852289744
3284.0 2506.0
3284.4419105687703 2506.0794225896525
3284.0 2508.0
3285.372907433436 2507.3075152481993
