3286.0 2508.0
3286.091052124173 2504.4388900972986
3284.0 2500.0
3279.005023351689 2497.228684101432
3272.0 2496.0
3267.773871653026 2490.1160275657658
3264.0 2484.0
3255.7670044086863 2483.2003537248743
3248.0 2480.0
3243.835187053447 2476.080774882049
3242.0 2474.0
3243.8730237694276 2468.458840748477
3244.0 2464.0
3235.956332284013 2460.160526736476
3228.0 2454.0
3228.7413838968077 2451.017218071456
3230.0 2448.0
3223.7172280857535 2441.3328056859555
3220.0 2438.0
3228.52580239729 2440.7403751056304
3240.0 2442.0
3243.7315838370746 2436.7447502144
3240.0 2432.0
3231.2853215825526 2434.3710433885603
3220.0 2438.0
3208.604543810104 2436.8283951057315
3200.0 2436.0
3195.8079057898326 2440.526627191862
3190.0 2444.0
3177.8684503962027 2440.086321652114
3170.0 2434.0
3175.9191303442312 2431.414319877331
3184.0 2428.0
3182.384970687723 2419.614623894258
3180.0 2414.0
3186.257748490077 2418.3551064933467
3192.0 2424.0
3188.2014351666476 2421.346455415552
3184.0 2414.0
3188.3772913029634 2407.3100635734495
3194.0 2404.0
3193.1188104008293 2406.431093196421
3188.0 2410.0
3182.5950131789914 2408.7007019963103
3182.0 2404.0
3189.1787705397383 2398.885291685041
3196.0 2394.0
3195.254493186172 2389.5011992543186
3194.0 2386.0
3199.2621782967417 2384.310027640364
3204.0 2382.0
3201.186115064121 2374.6137192703345
3198.0 2366.0
3201.521675309169 2364.1365990951317
3204.0 2364.0
3197.9382122825755 2361.953863074665
3192.0 2362.0
3194.7662506016313 2358.02996405651
3198.0 2352.0
3193.451657604269 2348.595044105716
3190.0 2342.0
3196.2364352954037 2337.0394627180412
3202.0 2334.0
3196.9675392086306 2327.279548202574
3190.0 2324.0
3192.341160781606 2326.9625353653946
3200.0 2328.0
3204.7280869724386 2322.937433875432
3208.0 2318.0
3212.307542994843 2318.6308561610654
3214.0 2320.0
3214.0266969993068 2317.159914973047
3214.0 2314.0
3211.1636621274115 2314.172221169041
3208.0 2312.0
3205.6117662758074 2302.5673911991967
3198.0 2292.0
3185.7535509025047 2286.6178064522433
3176.0 2286.0
3169.161923776955 2288.84235952846
3168.0 2292.0
3174.4625072833987 2292.1204934155335
3178.0 2292.0
3178.0641292388295 2295.4153454047823
3178.0 2300.0
3172.0562859769775 2302.6144154523777
3166.0 2302.0
3165.6742347306704 2297.147231831197
3164.0 2294.0
3157.6010805303977 2298.789953700936
3148.0 2304.0
3136.696392573721 2301.7748199625808
3128.0 2298.0
3123.7440833614774 2299.0640581564244
3124.0 2304.0
3128.3934698438243 2310.9475319967487
3128.0 2318.0
3118.1873824659197 2323.3391441854155
3108.0 2324.0
3101.4181738725883 2317.809366744604
3096.0 2312.0
3093.7623740687914 2313.66559127657
3092.0 2316.0
3087.6164879196986 2311.929315145759
3086.0 2308.0
3085.7401211421943 2310.2261817652156
3084.0 2312.0
3084.3440807015727 2309.007469552145
3082.0 2306.0
3073.9393457999936 2304.358616427804
3070.0 2306.0
3073.971888149626 2312.0293672379403
3078.0 2316.0
3078.158178135387 2318.496011127999
3074.0 2320.0
3065.9514138639747 2318.4370482300496
3060.0 2318.0
3057.3318303004658 2316.0228938715204
3056.0 2314.0
3058.007357482526 2313.451607248773
3060.0 2310.0
3057.7642127951117 2310.5316823255407
3054.0 2312.0
3051.591091399326 2307.0809601069905
3048.0 2304.0
3040.965026310079 2305.0531281795597
3034.0 2304.0
3029.055138055993 2299.1050871604293
3028.0 2294.0
3035.7114403222213 2292.4999854663247
3046.0 2292.0
3047.0158290191725 2287.366114503257
3042.0 2282.0
3038.643726992962 2281.5541536753594
3034.0 2284.0
3027.4017264051863 2287.662750363932
3026.0 2294.0
3031.2740952773033 2301.7657575607795
3034.0 2306.0
3027.9440340010856 2304.3637648642957
3020.0 2304.0
3017.1463612978755 2310.928979469831
3016.0 2318.0
3012.5856154147614 2318.3992149739042
3010.0 2320.0
3011.261942459859 2330.389994566998
3012.0 2342.0
3007.9546978402545 2347.121191662876
3004.0 2350.0
3006.093462068051 2355.07726234409
3010.0 2360.0
3008.57224117187 2362.500440685457
3004.0 2362.0
3000.9260437196463 2358.2084115826674
2998.0 2356.0
2994.9251302619114 2360.0292323775275
2996.0 2364.0
3003.463131700755 2361.53491723998
3012.0 2360.0
3015.2613413340996 2366.3722250833753
3016.0 2372.0
3018.0729742809044 2369.0779012590697
3020.0 2364.0
3023.2465739777067 2362.486918364689
3028.0 2364.0
3030.392318967648 2368.1798172431
3030.0 2372.0
3027.3080365469646 2372.685402106843
3024.0 2374.0
3022.972256461087 2380.431519374976
3020.0 2388.0
3010.4896408565514 2389.8158076407785
3004.0 2390.0
3011.5759872059643 2394.9172565122003
3024.0 2402.0
3026.7169825271085 2409.4687696025335
3024.0 2414.0
3023.8112729254567 2411.222725481179
3024.0 2406.0
3026.202604242116 2402.351371716092
3032.0 2402.0
3036.0909796270685 2407.2617861766694
3036.0 2412.0
3033.2675756358067 2412.0607559331584
3030.0 2414.0
3027.0618600661915 2421.0868882680893
3028.0 2426.0
3035.2534585497287 2423.606854072477
3044.0 2422.0
3053.5889094514823 2428.733720399426
3064.0 2438.0
3070.406879336718 2443.561491474586
3072.0 2448.0
3069.0454340797623 2454.039209987059
3064.0 2460.0
3063.550635819606 2464.4607465087006
3068.0 2466.0
3071.492142985671 2463.4358868571203
3076.0 2464.0
3085.4947327723185 2474.4879697122965
3094.0 2484.0
3099.5882422058735 2481.4668335613164
3106.0 2478.0
3112.077830281616 2484.909475118437
3118.0 2490.0
3124.9875156793332 2481.5351526792065
3130.0 2472.0
3131.454674424285 2473.499290986141
3134.0 2478.0
3140.9376369338434 2477.490078276847
3146.0 2474.0
3143.848918601823 2469.728352498375
3142.0 2468.0
3147.9694883256816 2471.329267550302
3158.0 2472.0
3167.1481687109845 2463.3986064904043
3174.0 2454.0
3177.6914630696206 2452.327240508307
3178.0 2456.0
3175.4954387818175 2461.4126516173005
3174.0 2464.0
3177.2229296523997 2459.981945907644
3184.0 2456.0
3191.6953195596707 2458.6694520399296
3196.0 2462.0
3194.274070641331 2459.7252379618953
3194.0 2454.0
3201.880293486504 2447.8902251716877
3210.0 2446.0
3210.4177936245155 2452.232653254992
3210.0 2460.0
3215.814148515057 2462.2035243231767
3222.0 2464.0
3223.065648128736 2471.219349806236
3224.0 2478.0
3229.176656212264 2478.364626700036
3238.0 2480.0
3250.25840725907 2491.0120324582867
3262.0 2502.0
3268.24252984121 2501.622782454528
3272.0 2496.0
3276.643359526391 2493.8946328916836
3280.0 2498.0
3282.181368894646 2508.4501363930503
