291 227
2996.0 2282.0
3286.183356917214 2508.097584292894
1.0 1.0
3286.0 2508.0
3286.149058520854 2506.366113650428
3285.602443340397 2504.918548317976
3285.032746842382 2503.705920799947
3284.440922214772 2502.6978563674065
3283.8279226455293 2501.8639802914226
3284.0 2502.0
3282.5422114339954 2500.597294293394
3281.871406167629 2500.1037349134835
3281.18323871148 2499.662864974399
3280.478662253511 2499.2443097472055
3279.758629981682 2498.8176945029727
3280.0 2496.0
3278.2760107483036 2497.8254368108487
3277.5153301626756 2497.2389554842575
3276.7430065150406 2496.602736383228
3275.9599929933597 2495.9263153579936
3275.167242785595 2495.2192282587866
3274.0 2496.0
3273.556345063667 2493.751199239392
3272.740103925427 2493.009329019672
3271.9179388529546 2492.274936126914
3271.0908030342116 2491.5575564113506
3270.2596496571587 2490.8667257232173
3268.0 2492.0
3268.5891029799777 2489.600682463432
3267.751616055775 2489.0315073917886
3266.9139243251134 2488.500956347595
3266.076980975955 2488.005530980628
3265.241739196263 2487.541732940663
3264.0 2486.0
3263.5801730971275 2486.695025440847
3262.7557551536092 2486.3051192805483
3261.9368515314077 2485.932847046359
3261.1244154184833 2485.5747103880535
3260.3194000027997 2485.2272109554096
3260.0 2484.0
3258.735444015007 2484.5501303662118
3257.9584098188216 2484.2135525092112
3257.192609071727 2483.8736184769773
3256.438994961686 2483.526829919288
3255.6985206766603 2483.1696884859184
3256.0 2482.0
3254.2608043335063 2482.410353591246
3253.5654686513026 2482.001163429495
3252.887085545965 2481.567626991172
3252.226608205455 2481.1062459260497
3251.5849898177353 2480.613521883908
3252.0 2480.0
3250.361706057173 2479.52111350732
3249.7793274881897 2478.9208047103493
3249.214381479714 2478.287904011308
3248.665201647643 2477.625285297894
3248.1301216078737 2476.9358224578073
3246.0 2478.0
3247.0955953688235 2475.487859948404
3246.592816401336 2474.735108054487
3246.0974716897376 2473.9670075846884
3245.6078948499216 2473.1864324267094
3245.122419497784 2472.396256468248
3244.0 2472.0
3244.157107720138 2470.7985977006715
3243.67393852642 2469.9968626669533
3243.188205283969 2469.1970223835465
3242.698241608679 2468.4019507381495
3242.2023811164486 2467.6145216184605
3242.0 2466.0
3241.1863041447505 2466.0740865070047
3240.662754897075 2465.326828290633
3240.126643296045 2464.5987081507637
3239.5763029575546 2463.8925999750963
3239.0100674975024 2463.211377651329
3240.0 2462.0
3237.828602612076 2461.934334118792
3237.2421820331638 2461.3397487364527
3236.697484025617 2460.7725208588745
3236.224983820004 2460.2310124247865
3235.85515664689 2459.713585372923
3234.0 2460.0
3235.5314564962246 2458.74442317079
3235.554739034576 2458.2894118979852
3235.635005637232 2457.8519297623293
3235.7189365895274 2457.4303387025548
3235.7532121767977 2457.023000657393
3236.0 2456.0
3235.4724588267827 2456.244531365833
3235.1284330352487 2455.8701239968987
3234.67675817019 2455.503417397504
3234.1417570920207 2455.142773506379
3233.547752661159 2454.7865542622562
3234.0 2454.0
3232.280025183013 2454.080837469944
3231.6549478565594 2453.7280637992185
3231.0681586190726 2453.37316253042
3230.5439803309678 2453.0144956022823
3230.1067358526598 2452.650424953537
3228.0 2454.0
3229.5770887864282 2451.898818552877
3229.4538260353165 2451.5037965008128
3229.3557767676293 2451.0883981278375
3229.227757959763 2450.646775195068
3229.014586588117 2450.173079463622
3230.0 2448.0
3228.1287401545874 2449.1060766491705
3227.4458156185615 2448.5010730883987
3226.6572395704693 2447.8406037734185
3225.8079455597695 2447.1188204653477
3224.9428671359215 2446.3298749253045
3224.0 2446.0
3223.3393405701886 2444.532251224634
3222.656255468659 2443.542758771458
3222.0681120346885 2442.5244755012095
3221.585339759174 2441.50243536022
3221.2183681330116 2440.5016722948244
3220.0 2440.0
3220.8735447923195 2438.664113176144
3220.916552059581 2437.877385015526
3221.117077939775 2437.2120697158343
3221.485551923797 2436.6932012233997
3222.0324035025415 2436.3458134845578
3224.0 2436.0
3223.695899312261 2436.255595859585
3224.791053951896 2436.5027127057506
3226.021607003578 2436.9012037700995
3227.3556393850713 2437.415981838594
3228.7612320141425 2438.011959697195
3230.0 2438.0
3231.659421686083 2439.307165928574
3233.088180564485 2439.936219873275
3234.460823361529 2440.5061247519357
3235.7454309949803 2440.981793350515
3236.910084382607 2441.3281384549796
3236.0 2442.0
3238.759071335954 2441.502440428174
3239.4228822042537 2441.31980948542
3239.9256934318837 2440.9866794255854
3240.2789014036566 2440.5275496512218
3240.493902504384 2439.9669195648853
3242.0 2440.0
3240.554869631953 2438.6391560665083
3240.423628428418 2437.9210214595782
3240.1997658930886 2437.199384150892
3239.894678410773 2436.498743543005
3239.5197623662857 2435.843599038471
3240.0 2434.0
3238.6044167710097 2434.762782545892
3238.0770998356434 2434.356028940223
3237.5061795689508 2434.032608202658
3236.8933722015436 2433.786939313019
3236.2403939640317 2433.613441251126
3236.0 2434.0
3234.820789801136 2433.4606335298627
3234.0575963369747 2433.4701618301356
3233.261096925152 2433.529536877438
3232.4330077962777 2433.6331776515917
3231.575045180964 2433.775503132418
3230.0 2434.0
3229.7763644134607 2434.153884133373
3228.8390787224916 2434.3787776131435
3227.878784467527 2434.6200317188695
3226.8971978791756 2434.872065430374
3225.8960351880496 2435.129297727476
3224.0 2436.0
3223.8418464199153 2435.637033997761
3222.7922528041286 2435.876375930585
3221.7299480080096 2436.0985923682915
3220.656648262171 2436.2981022907015
3219.57406979722 2436.469324677636
3218.0 2436.0
3217.3879416324326 2436.706258743666
3216.2878243938167 2436.7708642582165
3215.1852933585337 2436.804969908204
3214.082064757194 2436.8130505492622
3212.9798548204085 2436.7995810370285
3212.0 2436.0
3210.785355862945 2436.725890975217
3209.6964993034885 2436.6746201369115
3208.6155263310297 2436.6196985678516
3207.544153176179 2436.5656011236733
3206.4840960695474 2436.5168026600118
3206.0 2438.0
3204.404794923385 2436.4530020967745
3203.3889833450767 2436.4469497084706
3202.39135273743 2436.4640957232223
3201.4136193310565 2436.5089149966643
3200.4574993565675 2436.585882384433
3200.0 2436.0
3198.616964625685 2436.8541609254876
3197.7359823305123 2437.0544217900433
3196.883478389668 2437.3047301914644
3196.061169033761 2437.6095609853865
3195.270770493403 2437.9733890274447
3194.0 2438.0
3193.791683496378 2438.891998533789
3193.1011037885396 2439.4321032410385
3192.438652393909 2440.00185168235
3191.800721830702 2440.5820922450516
3191.183704617139 2441.1536733164703
3192.0 2442.0
3189.9979803118144 2442.1942505347774
3189.422058256489 2442.624943456321
3188.8526196236808 2442.970370435895
3188.2860569316044 2443.2113798608284
3187.718762698482 2443.328820118449
3186.0 2444.0
3186.567549681966 2443.1242467977772
3185.976415935008 2442.8110906944166
3185.370120719876 2442.3920803736055
3184.745056554786 2441.895224922946
3184.097615957957 2441.348533430043
3182.0 2440.0
3182.7211755419576 2440.2176786679147
3181.9849607592214 2439.6895335738955
3181.2119396176195 2439.223588788044
3180.398504635369 2438.847853397963
3179.5410483306896 2438.5903364912547
3180.0 2438.0
3177.6845123074113 2438.525445683282
3176.7074405082367 2438.6747971866894
3175.7303632254802 2438.8558179828133
3174.778895860347 2438.9972243887228
3173.8786538140425 2439.0277327214867
3174.0 2440.0
3172.3343072827465 2438.4894141965196
3171.741433600164 2437.8889825369115
3171.302246841234 2437.1144432004044
3171.0423624071623 2436.2054750680522
3170.9873956991532 2435.20175702091
3170.0 2434.0
3171.583748358736 2433.068653078176
3172.2207262842617 2432.0178231749237
3173.0339390517192 2431.029355341558
3173.9834298178357 2430.1421266893635
3175.029241739341 2429.3950143296256
3176.0 2428.0
3177.25000167543 2428.4595915058885
3178.345036003472 2428.2467027038665
3179.3765641138157 2428.124773518251
3180.304629163188 2428.030348499735
3181.0892743083205 2427.8999721990085
3182.0 2428.0
3182.0801392566027 2427.291232037284
3182.276415836174 2426.7680857792348
3182.309386064347 2426.11942344487
3182.209063560814 2425.363918086446
3182.005461945267 2424.520242756221
3182.0 2424.0
3181.40847585691 2422.6430743893875
3181.0751186234843 2421.6469274572923
3180.7585367568176 2420.637302762421
3180.488743876602 2419.632873357028
3180.2957536025315 2418.6523122933704
3180.0 2418.0
3180.2531644194282 2416.842149780738
3180.4211671567646 2416.0778687189804
3180.701175792985 2415.468096773393
3181.080778354764 2415.0594812789363
3181.547562868779 2414.8986695705717
3182.0 2414.0
3182.693029860225 2415.485618181437
3183.346888391008 2416.198101147433
3184.0382809807325 2417.0878331930535
3184.7547956560743 2418.0728896301016
3185.4840204437114 2419.071345770384
3186.0 2420.0
3186.9302916580596 2420.7951785464275
3187.6185493110315 2421.4432266371555
3188.2619395288198 2421.950017341047
3188.8440855110093 2422.320146801264
3189.348610457184 2422.558211160967
3190.0 2424.0
3190.0592900398274 2422.656529151472
3190.2326910754655 2422.525975068595
3190.262963873428 2422.281740457846
3190.133731633299 2421.928421462386
3189.828617554661 2421.470614225374
3190.0 2420.0
3188.6427586661257 2420.2612397904436
3187.8343921709193 2419.5267860254603
3186.99490046659 2418.7220708847976
3186.213038668245 2417.859611658229
3185.577561890994 2416.9519256355316
3184.0 2416.0
3185.0772116464414 2415.0509423608473
3185.248415126798 2414.0826796884116
3185.638157523562 2413.1192593789456
3186.1937606692823 2412.1731987222247
3186.862546396508 2411.2570150080255
3188.0 2410.0
3188.3349880426335 2409.5633478027103
3189.069498328374 2408.804900309672
3189.7788999293 2408.114401755311
3190.4467253797034 2407.49837084793
3191.056507213876 2406.9633262958305
3192.0 2408.0
3192.0360701706873 2406.1622710906927
3192.3729163619087 2405.9092978542594
3192.585849074061 2405.7633858063214
3192.658400841436 2405.7310536551813
3192.5741041983238 2405.818820109141
3192.0 2404.0
3191.8773770364896 2406.370939480561
3191.2816988984773 2406.7896247045364
3190.562677111399 2407.237073146646
3189.7535315216705 2407.6610984051026
3188.887481975714 2408.0095140781195
3188.0 2410.0
3187.1175504007874 2408.2832036330756
3186.2801080646573 2408.178700145755
3185.518641157973 2407.9390323344746
3184.8663695271543 2407.5866092317624
3184.356513018621 2407.143839870144
3184.0 2406.0
3183.888289444622 2406.0736991426775
3183.9445502152157 2405.471949696182
3184.1724817802124 2404.831097829488
3184.5534921292506 2404.1543564294193
3185.068989251972 2403.444938382804
3186.0 2402.0
3186.4290757770204 2401.9409238972385
3187.2364811586276 2401.152753231942
3188.1040052724775 2400.344757467404
3189.013056108209 2399.520149490452
3189.945041655462 2398.682142187912
3190.0 2398.0
3191.800084499784 2396.978781153374
3192.6657717162793 2396.1198531950304
3193.439653483151 2395.2603774584045
3194.0829517301836 2394.403566830323
3194.5568883871656 2393.5526341976133
3196.0 2394.0
3194.8621160061966 2391.881254465614
3194.7391589642534 2391.0672331399774
3194.538344324272 2390.2719413570176
3194.3442021524716 2389.4985920035624
3194.241262515073 2388.7503979664375
3194.0 2388.0
3194.6263559570843 2387.3409857582697
3195.1589182613056 2386.6781435795833
3195.871741549545 2386.0372087019405
3196.7248249803934 2385.4133442308716
3197.678167712441 2384.8017132719065
3198.0 2382.0
3199.7256277144893 2383.5958043124106
3200.739743301669 2382.991852522938
3201.6941148244055 2382.3807866676907
3202.5487414412873 2381.7577698521977
3203.2636223109052 2381.1179651819907
3204.0 2382.0
3204.124806759751 2379.7699842094466
3204.255088558429 2379.060171177551
3204.213581048742 2378.33029683182
3204.02426329155 2377.583561337163
3203.711114347714 2376.8231648584906
3204.0 2376.0
3202.809239143549 2375.274189608738
3202.2684710049407 2374.492011167478
3201.6997879231294 2373.7089724018415
3201.127168958975 2372.9282734767376
3200.5745931733363 2372.1531145570775
3200.0 2372.0
3199.6258664222205 2370.632356490555
3199.279947825463 2369.893992254483
3199.054537144665 2369.1756378454347
3198.9758876876876 2368.48132800929
3199.0702527623926 2367.815097491929
3198.0 2366.0
3199.862607743929 2366.5830133970826
3200.490512300292 2366.0252293113576
3201.1512606874003 2365.511663527939
3201.748514246925 2365.046350792706
3202.1859343205365 2364.6333258515397
3204.0 2364.0
3202.221801795165 2363.9776518327762
3201.7828663902956 2363.727313234022
3201.109331887737 2363.5138833870215
3200.2601541399335 2363.325638024737
3199.294288999327 2363.1508528801323
3198.0 2364.0
3197.2448955163964 2362.7947661758135
3196.258732280503 2362.5900160820256
3195.3506118646646 2362.3518291377686
3194.558943522869 2362.068481076007
3193.9221365091053 2361.7282476297023
3192.0 2362.0
3193.2544298210687 2360.833108247391
3193.2264666914734 2360.2720381697495
3193.359237979259 2359.6417544242963
3193.617270975116 2358.947817136433
3193.9650929697314 2358.1957864315623
3196.0 2356.0
3194.7882131179904 2356.5396852724043
3195.19256585301 2355.646735068922
3195.5448167495406 2354.717931950041
3195.8094930982707 2353.7588360411623
3195.9511221898883 2352.7750074676883
3196.0 2352.0
3195.7355494828735 2350.755392828564
3195.38061257562 2349.7307270137176
3194.907158194013 2348.703569035884
3194.3529239387426 2347.6794790204667
3193.7556474105004 2346.6640170928663
3192.0 2346.0
3192.582917937865 2344.6812180027277
3192.082940194855 2343.725001090993
3191.6908705816372 2342.799652768685
3191.444446698902 2341.9107331612045
3191.3814061473427 2341.0638023939546
3192.0 2340.0
3191.942552193099 2339.516500883569
3192.558974507319 2338.817368402121
3193.343251586521 2338.162701284281
3194.249881546916 2337.548177666334
3195.233362504719 2336.969475684567
3196.0 2336.0
3197.248869877395 2335.9022491747182
3198.1898925246933 2335.40508091921
3199.0257586342486 2334.926446845026
3199.710966322272 2334.4620250884545
3200.200013704978 2334.0074937857808
3202.0 2334.0
3200.421961482006 2333.1108150872715
3200.1499068850844 2332.6600239640097
3199.6717820003587 2332.2018358397913
3199.0281337203705 2331.731928850902
3198.2595089376655 2331.2459811336294
3196.0 2332.0
3196.5095174342778 2330.208676059078
3195.609244498684 2329.648674974371
3194.746182630549 2329.0553457064257
3193.960878722415 2328.4243663915277
3193.293879666828 2327.7514151659643
3192.0 2326.0
3192.4680828415803 2326.272195816721
3192.3369738056704 2325.516601698024
3192.379547089812 2324.82038367863
3192.5829445352133 2324.238537627237
3192.93430798308 2323.8260594125413
3194.0 2322.0
3194.0295002510456 2323.7056475235004
3194.7476127535615 2323.966450919332
3195.5622586233767 2324.334096292216
3196.4605797016975 2324.7223248436326
3197.4297178297347 2325.04487777506
3200.0 2328.0
3199.529012599787 2325.1706020523447
3200.633452924218 2324.9373386120196
3201.757277663197 2324.565529979341
3202.887628657932 2324.1050001666486
3204.0116477496294 2323.6055731862793
3204.0 2322.0
3206.18925758875 2322.6782955266876
3207.217132018588 2322.283923401062
3208.1872419102233 2321.917611214954
3209.0867291048608 2321.5630135096235
3209.902735443712 2321.2037848263294
3210.0 2320.0
3211.235768654365 2320.409010337479
3211.7444536214703 2319.9585194940178
3212.152973923398 2319.473507596782
3212.465845814243 2318.9553750666064
3212.687585548105 2318.405522324327
3214.0 2318.0
3212.875733561252 2317.2162578868006
3212.851174348735 2316.5796470332243
3212.7535479956173 2315.916917650888
3212.5873707559963 2315.2294701606256
3212.357158883969 2314.5187049832743
3212.0 2314.0
3211.72269625908 2313.0328232506463
3211.3274780144116 2312.2605075370407
3210.886290153722 2311.470475819688
3210.403648931108 2310.6641285194246
3209.884070600666 2309.8428660570858
3208.0 2310.0
3208.7521676326865 2308.1611973295257
3208.148875503339 2307.3035919059753
3207.526711282551 2306.436673003693
3206.8901912244173 2305.561841043513
3206.2438315830354 2304.680496446273
3206.0 2304.0
3204.938684847305 2302.904086424345
3204.283087943523 2302.013114243692
3203.6240318376263 2301.1238159140466
3202.9601904660813 2300.2388842586074
3202.2902377653613 2299.361012100573
3202.0 2298.0
3200.9266941222695 2297.6372175695124
3200.2304510528397 2296.7966808428837
3199.5227924001115 2295.9739749064543
3198.802392100557 2295.1717925834223
3198.067924090645 2294.392826696987
3198.0 2292.0
3196.5514806856286 2292.9153155266986
3195.7668531634636 2292.222155889244
3194.9628536768223 2291.5629839811795
3194.138156162172 2290.940492625705
3193.291434555984 2290.357374646017
3192.0 2290.0
3191.526614814874 2289.320030106802
3190.605864552891 2288.871189193669
3189.6577859452495 2288.47249294912
3188.68105292842 2288.1266341963515
3187.6743394388723 2287.836305758563
3186.0 2290.0
3185.5666347156175 2287.4320701304955
3184.468798923567 2287.317902645281
3183.3472935421078 2287.258744885174
3182.206600076426 2287.251643732038
3181.0512000317067 2287.2936460677397
3180.0 2286.0
3178.7142062258968 2287.513148733115
3177.541575475177 2287.6847428265196
3176.372164166161 2287.893627936221
3175.2104538040344 2288.1368509440863
3174.0609258939817 2288.4114587319787
3174.0 2288.0
3171.8270401416185 2289.043016175308
3170.815825454333 2289.3940595944746
3169.9630795291737 2289.7646753211316
3169.3374640159786 2290.15191023714
3169.007640564591 2290.5528112243674
3168.0 2292.0
3169.4821242259172 2291.38379893994
3170.2564013142455 2291.8079794320147
3171.2664104156083 2292.2340135227687
3172.4134598557766 2292.6589480940665
3173.598857960526 2293.0798300277747
3174.0 2294.0
3175.70721954993 2293.8985290311975
3176.5365161845625 2294.29587299256
3177.2168277837263 2294.688218099622
3177.753179171625 2295.0780443621675
3178.1505951724625 2295.4678317899748
3180.0 2294.0
3178.5487203097605 2296.2572101805017
3178.559479094626 2296.6617611627826
3178.4514017892398 2297.076193349449
3178.229513217804 2297.502986750282
3177.898838204522 2297.9446213750634
3178.0 2300.0
3176.9321992537666 2298.879324218676
3176.3121115919203 2299.359291755582
3175.6149900394844 2299.8278991525835
3174.8516860478844 2300.269565717972
3174.0330510685462 2300.6687107600414
3172.0 2300.0
3172.2731939523546 2301.2771135073976
3171.353674718355 2301.455209829269
3170.422230302319 2301.5284618609935
3169.4897121556724 2301.481288910863
3168.5669717298415 2301.2981102871727
3166.0 2302.0
3166.791955571758 2300.4698756796847
3165.9477370949207 2299.8444328768956
3165.1294108497323 2299.1222107625613
3164.3341826401847 2298.3384032093963
3163.559258270267 2297.5282040901175
3164.0 2296.0
3162.0591442652862 2295.969406644075
3161.328366238204 2295.291196062742
3160.6067152667183 2294.727369406154
3159.891397154816 2294.313120547026
3159.179617706489 2294.0836433580735
3160.0 2294.0
3157.755498016526 2294.3076566876134
3157.0375693828714 2294.7587981878905
3156.3120026287565 2295.3900133219113
3155.5760035581707 2296.163759198743
3154.826777975107 2297.0424929274564
3154.0 2298.0
3153.2774704875046 2298.9647523768035
3152.4718001909478 2299.933192315575
3151.6417265978753 2300.856448542504
3150.7844555122783 2301.6969781666585
3149.897192738148 2302.417238297108
3148.0 2304.0
3148.022349567205 2303.3565922224725
3147.0341861401175 2303.5594824913464
3146.014864963944 2303.6096962144343
3144.966597204419 2303.5285727566243
3143.891594027275 2303.3374514828074
3142.0 2302.0
3141.670226083066 2302.710572946714
3140.528283647467 2302.3174944142174
3139.3684504571834 2301.8997755252744
3138.192937677948 2301.4787556447745
3137.0039564754943 2301.075774137608
3136.0 2300.0
3134.596604198074 2300.4060197163685
3133.3956798598147 2300.162341613277
3132.216180571751 2299.982891505482
3131.073341904856 2299.8694248390734
3129.982399430104 2299.823697060143
3130.0 2302.0
3128.0171453409253 2299.942479949081
3127.1733048684455 2300.110501509133
3126.442302872003 2300.353283741027
3125.8393749225706 2300.6725820908555
3125.379756591123 2301.0701520047082
3126.0 2300.0
3124.9445606665818 2302.1056688172466
3124.9584718184597 2302.738369658457
3125.0946700782642 2303.4388499487472
3125.3274086199926 2304.2001081845515
3125.6309406176433 2305.0151428623053
3124.0 2306.0
3126.3473976767013 2306.7785355294027
3126.7088290861047 2307.7128905116174
3127.0380666474207 2308.673015921525
3127.309363534645 2309.6519102555576
3127.496972921778 2310.6425720101543
3126.0 2312.0
3127.5242289624634 2312.631191766776
3127.348904388254 2313.6151467616723
3127.059949858426 2314.582863162873
3126.6681409712196 2315.527339466814
3126.184253324875 2316.4415741699295
3128.0 2318.0
3124.9833441477267 2318.1513127594308
3124.2878738134036 2318.9328136386857
3123.543427112901 2319.656066902859
3122.7607796444563 2320.314071048384
3121.950707006312 2320.899824571698
3122.0 2320.0
3120.2896454519505 2321.8284071316075
3119.449748760646 2322.1682335261203
3118.6046113494654 2322.429804014257
3117.75454984508 2322.6171174574993
3116.8998808741644 2322.7341727173307
3116.0 2322.0
3115.1779870394284 2322.773504132682
3114.3113954289533 2322.7037780111696
3113.441462858637 2322.5797891521725
3112.568505955151 2322.4055364171745
3111.6928413451697 2322.185018667657
3110.0 2324.0
3109.9346555124084 2321.6211835709933
3109.0527675429726 2321.285863946811
3108.1694383737317 2320.9202747540385
3107.284984631357 2320.528414854157
3106.3997229425213 2320.1142831086486
3106.0 2320.0
3104.6280422321565 2319.235199526684
3103.742256463973 2318.7782454131893
3102.856929256019 2318.315014899997
3101.9723772349653 2317.8495068485895
3101.0889170274863 2317.385720120449
3100.0 2316.0
3099.3265385599416 2316.4785590471206
3098.4482535532206 2316.038700228246
3097.5723268667634 2315.607593785267
3096.699075127243 2315.1847563830124
3095.8288149613322 2314.769704686316
3094.0 2314.0
3094.098535857028 2313.9610250689216
3093.239150171981 2313.5664304778884
3092.3840225672325 2313.1776882517383
3091.533469669456 2312.7943150553056
3090.6878081053246 2312.415827553419
3088.0 2312.0
3089.012425484684 2311.671576292616
3088.1833376815216 2311.304845863363
3087.360407718693 2310.941067787985
3086.5439522228717 2310.579758731312
3085.7342878207296 2310.220435358177
3086.0 2310.0
3084.1365988041753 2309.5058123218473
3083.3492074431074 2309.149545988316
3082.5698736824097 2308.793331997648
3081.798914148754 2308.436687014677
3081.0366454688137 2308.0791277042345
3082.0 2308.0
3079.5404717691295 2307.361097185665
3078.8133475568984 2307.010245859647
3078.1084758134107 2306.677719970371
3077.4323207195052 2306.3736227351123
3076.791346456025 2306.108057371146
3078.0 2306.0
3075.6407971437047 2305.732935126196
3075.1441504565464 2305.643584679763
3074.7085413231775 2305.6331789737246
3074.34043392444 2305.7118212253567
3074.0462924411727 2305.8896146519346
3072.0 2306.0
3073.7026643064855 2306.579058547947
3073.647508189126 2307.086859345431
3073.6549790553645 2307.686111973961
3073.7129432584206 2308.36286354431
3073.809267151516 2309.103161167253
3072.0 2310.0
3074.068459420714 2310.7185830140165
3074.2070605032586 2311.5658014593864
3074.335486688728 2312.4207544004466
3074.4416043303427 2313.2694889479712
3074.5132797813267 2314.098052212735
3076.0 2314.0
3074.5059633871974 2315.6401925692307
3074.4098674260053 2316.3338992754334
3074.245121042025 2316.967693927818
3074.0067537659543 2317.535659030079
3073.6897951284955 2318.031877085915
3074.0 2320.0
3072.8002218922115 2318.7854020730974
3072.2176663547875 2319.030874011838
3071.5366375787753 2319.1809289189396
3070.752165094874 2319.2296492980995
3069.859278433785 2319.1711176530143
3068.0 2318.0
3067.7347491651253 2318.712613019899
3066.531376392643 2318.324713329272
3065.2761291131487 2317.853708209208
3064.0022476310305 2317.317588453413
3062.742972250677 2316.7343448555944
3062.0 2316.0
3060.401201012814 2315.4984493087145
3059.385185764082 2314.8817789470677
3058.516737834666 2314.289947918226
3057.8290975289556 2313.7409470158946
3057.3555051513363 2313.2527670337818
3056.0 2314.0
3057.1628813341663 2312.5249929400334
3057.387066120809 2312.286340025776
3057.7117312879327 2312.1103904264937
3058.0468527573435 2311.980094545856
3058.3024064508486 2311.8784027875345
3060.0 2310.0
3058.236617279636 2311.6926332525272
3057.866644752146 2311.5744562831824
3057.3198451232042 2311.4166850508386
3056.637612808233 2311.2022699591657
3055.861342222653 2310.914161411836
3054.0 2312.0
3054.185285080189 2310.0547907406412
3053.3264144271657 2309.486180478623
3052.4553373112553 2308.8491804846417
3051.5715752208976 2308.1634922168732
3050.674649644532 2307.4488171334942
3050.0 2306.0
3048.8393939875364 2306.011312352608
3047.9001068837865 2305.327885571453
3046.9457422477863 2304.6942778073917
3045.975821567977 2304.1301905185996
3044.9898663327986 2303.655325163253
3044.0 2304.0
3042.969106437324 2303.0447604654837
3041.9403544773218 2302.9046303186988
3040.907673362537 2302.8448604966375
3039.877594304822 2302.841318736762
3038.8566485160322 2302.8698727765354
3038.0 2302.0
3036.8682815926386 2302.9267392048796
3035.9139228817426 2302.9067870683766
3034.9948222871876 2302.822401681373
3034.1175110208237 2302.6494507813313
3033.2885202945063 2302.3638021057163
3032.0 2302.0
3031.801625309426 2301.3665813524876
3031.1567834743705 2300.6589385990474
3030.586387026777 2299.8464567183787
3030.0969671784974 2298.957197297191
3029.695055141388 2298.0192219221954
3030.0 2298.0
3029.179879348089 2296.1093696576218
3029.0796780156074 2295.193615941464
3029.09310934171 2294.341392618339
3029.2267045382496 2293.5807612749563
3029.4869948170813 2292.9397834980273
3030.0 2292.0
3030.4098352887763 2292.1201179506224
3031.061746823819 2291.9440511150706
3031.819076125509 2291.8928797158237
3032.66465332417 2291.9411631010953
3033.581308550128 2292.063460619102
3034.0 2292.0
3035.5591736052306 2292.4283354461786
3036.586043695024 2292.6200314516796
3037.615312333411 2292.783978982776
3038.6298096507157 2292.894737387681
3039.6123657772637 2292.9268660146117
3040.0 2292.0
3041.4146752177285 2292.6601323566733
3042.2102902223496 2292.3503549438146
3042.9256874176244 2291.940117497002
3043.55389836393 2291.4439455400293
3044.0879546216493 2290.876364596693
3046.0 2292.0
3044.845729312848 2289.5850778461095
3045.0555108670897 2288.890423086452
3045.143263974265 2288.1824614356115
3045.1020201947554 2287.475718417382
3044.9248110889407 2286.7847195555587
3044.0 2286.0
3044.138969556038 2285.506958425637
3043.5424787464185 2284.942659381067
3042.8343058454334 2284.439030939962
3042.0335609101694 2284.0040108020544
3041.1593539977157 2283.645536667079
3040.0 2282.0
3039.266994469597 2283.189977204859
3038.28706196811 2283.1087672770827
3037.3101077177867 2283.135854151174
3036.3552417757182 2283.2791755268654
3035.4415741989924 2283.546669103892
3034.0 2284.0
3033.809664763512 2284.4815785907194
3033.1019853804573 2285.1387994789934
3032.4566293141434 2285.8998025255487
3031.8650489831816 2286.746455009124
3031.318696806183 2287.6606242084595
3032.0 2290.0
3030.3274865885173 2289.6189818693692
3029.865533385071 2290.626904888422
3029.4146180100306 2291.6298137381923
3028.966192882007 2292.609575697419
3028.511710419609 2293.548058044843
3028.0 2294.0
3027.561910279232 2295.2337201910736
3027.1186601170434 2295.9750375783724
3026.7734876520626 2296.663350530851
3026.5870079814686 2297.310929358261
3026.6198362024415 2297.9300443703555
3026.0 2298.0
3027.5579816283775 2299.1319641876053
3028.4171585511053 2299.7393096122655
3029.4033628009292 2300.3672724606186
3030.4098389984338 2301.028123042416
3031.3298317642043 2301.734131667411
3032.0 2302.0
3032.5059623374796 2303.318841243651
3032.684290513728 2304.150904560294
3032.6205159957303 2304.93485065093
3032.343584531647 2305.611771571205
3031.8824418696363 2306.1227593767644
3032.0 2308.0
3030.5233059444727 2306.4324734863444
3029.683204177639 2306.240401621785
3028.7746742055147 2305.900800305351
3027.8266617762615 2305.4817793128177
3026.8681126380384 2305.05144841996
3026.0 2304.0
3025.029988211088 2304.416919715948
3024.177110321301 2304.2746835338403
3023.3670905204226 2304.2450607094984
3022.597680459235 2304.3219030961905
3021.8666317885163 2304.4990625471887
3022.0 2304.0
3020.510625221609 2305.129740055183
3019.881170626981 2305.5709618187198
3019.281084025947 2306.0879080596446
3018.7081170692823 2306.6744306312257
3018.1600214077694 2307.3243813867357
3016.0 2308.0
3017.1294505733217 2308.7899748626196
3016.642478701947 2309.5933212895357
3016.171384728845 2310.4355033134607
3015.7139203047964 2311.310372787665
3015.2678370805825 2312.2117815654196
3014.0 2314.0
3014.4008208347777 2314.0696244446617
3013.9753911147477 2315.013762252689
3013.552349197673 2315.9598467773485
3013.129446734333 2316.9017298719095
3012.704435375511 2317.8332633896434
3014.0 2320.0
3011.840470771753 2319.642080074492
3011.4052900117 2320.5154127488404
3010.9755453259227 2321.370494860833
3010.5572575485226 2322.2095240644308
3010.1564475135983 2323.034698013602
3010.0 2322.0
3009.4313440075807 2324.6522707645136
3009.1190922046862 2325.449064874185
3008.8484014806686 2326.2407943452854
3008.625292669627 2327.02965683178
3008.4557866056625 2327.8178499876335
3008.0 2328.0
3008.2992520627668 2329.4010189232745
3008.3097812964666 2330.200390010991
3008.3690287025033 2331.007882383925
3008.468531159406 2331.8256936960393
3008.5998255457066 2332.6560216012995
3008.0 2334.0
3008.923937620618 2334.363017807117
3009.099829066289 2335.244081415602
3009.2736599554783 2336.146452233092
3009.4369671667155 2337.07232791355
3009.5812875785296 2338.023906110942
3010.0 2340.0
3009.777254418012 2340.011762057113
3009.800808002731 2341.0452434222047
3009.749189102133 2342.098834536856
3009.6027679947388 2343.167541363413
3009.3419149590713 2344.2463698642255
3010.0 2346.0
3008.412318024966 2346.414415738006
3007.787857531335 2347.4936450356713
3007.1375319190456 2348.563019856984
3006.525254314381 2349.617546164291
3006.0149378436276 2350.652229919942
3004.0 2350.0
3005.538579595508 2352.642093625666
3005.5967967897923 2353.5872855004354
3005.8054930612884 2354.4926586729416
3006.1250142553627 2355.353219105531
3006.5157062173803 2356.1639727605525
3008.0 2356.0
3007.351985826708 2357.6160835872847
3007.71826516475 2358.247452683691
3007.9970986521967 2358.809038851922
3008.148832134415 2359.2958480543252
3008.13381145677 2359.7028862532497
3008.0 2362.0
3007.4577747543494 2360.257281167862
3006.7947529262797 2360.3922958750973
3005.9609653317593 2360.422855561949
3004.994060322126 2360.341612257616
3003.9316862487217 2360.1412179912977
3002.0 2360.0
3001.671124315961 2359.366357005636
3000.5482331592852 2358.8538282414816
2999.4804663441987 2358.3460244257185
2998.5054722220407 2357.9122314843376
2997.6608991441535 2357.6217353433262
2998.0 2356.0
2996.5047490046345 2357.7275932917596
2996.215305514191 2358.1414159855135
2996.1005502103962 2358.733472688256
2996.144968313097 2359.4519460783054
2996.333045042142 2360.2450188339844
2996.0 2362.0
2997.0781152586605 2361.850845313937
2997.6040791858327 2362.5788773454406
2998.211642618743 2363.2120653570296
2998.885290777241 2363.7175049776138
2999.6095088811758 2364.0622918361014
3000.0 2364.0
3001.149658294613 2364.1504487566685
3001.946934982995 2363.900963922035
3002.757472374575 2363.505116531878
3003.5781306283843 2363.0029560605735
3004.4057699034533 2362.434531982502
3006.0 2362.0
3006.069432153502 2361.2590909035616
3006.8991754465437 2360.7321728514485
3007.7233403969744 2360.299189090076
3008.5387871638236 2360.000189093822
3009.3423759061247 2359.8752223370643
3010.0 2360.0
3010.9014199532076 2360.2946573968707
3011.650595576052 2360.8415839061345
3012.375353810477 2361.567593040294
3013.0725548155096 2362.4351600176715
3013.739058750186 2363.4067600565895
3014.0 2364.0
3014.9674160445907 2365.511960192337
3015.522989722383 2366.570510725811
3016.035306965944 2367.582995194115
3016.5012279343055 2368.5118888155716
3016.9176127865007 2369.319666808503
3018.0 2370.0
3017.591587057515 2370.4266182876904
3017.857130468408 2370.6797912442485
3018.0890457472788 2370.719847512885
3018.2984267271677 2370.5383113455796
3018.4963672411154 2370.1267069943133
3018.0 2370.0
3018.9023022033534 2368.59546356385
3019.132484317723 2367.5553098848295
3019.395601298316 2366.4440588222
3019.702746978171 2365.3496715241563
3020.0650151903315 2364.3601091388964
3020.0 2364.0
3020.9953143827347 2363.0279040070272
3021.5616520631233 2362.7447854018965
3022.1797256761024 2362.685539992503
3022.836748088774 2362.821730772128
3023.5199321682417 2363.124920734053
3026.0 2362.0
3024.9136367959736 2364.118550177926
3025.598583078444 2364.7521156464345
3026.25854249612 2365.4389322703664
3026.8807279161047 2366.1505630430015
3027.4523522055006 2366.8585709576214
3026.0 2368.0
3028.3911695668667 2368.156833381304
3028.7231926086247 2368.7313930491337
3028.934314459369 2369.2709401764814
3029.002152221785 2369.788216928831
3028.9043229985577 2370.295965471669
3030.0 2372.0
3028.135096289871 2371.333846590753
3027.496718713505 2371.8894634979715
3026.758713969687 2372.48652085762
3025.976484864825 2373.1377608351845
3025.20543420533 2373.8559255961522
3024.0 2374.0
3023.9061596149736 2375.538582980881
3023.414822298294 2376.4960690394823
3023.008436655345 2377.5064667511647
3022.6684864938984 2378.55002738528
3022.376455621725 2379.6070022111835
3022.0 2380.0
3021.86208697629 2381.6821995157684
3021.6027168185706 2382.660924533157
3021.317201181214 2383.574068819748
3020.9870238719905 2384.4018836448936
3020.5936686986724 2385.1246202779494
3020.0 2386.0
3019.5484310251127 2386.1824165823314
3018.889942346047 2386.517294015138
3018.1550634452406 2386.7467287788154
3017.355704336096 2386.890287365489
3016.5037750320203 2386.967536267286
3016.0 2388.0
3014.689845892687 2387.0013709847603
3013.75166608424 2386.9970897846906
3012.8085561344787 2387.004764868252
3011.872426056808 2387.043962727571
3010.9551858646305 2387.134249854775
3010.0 2386.0
3009.2250151903786 2387.5413697416875
3008.435904735113 2387.867406647702
3007.71332421896 2388.262941114212
3007.0691836553233 2388.717610795397
3006.51539305761 2389.221053345436
3006.0 2390.0
3005.7265018135645 2390.3328076687885
3005.515221194043 2390.9203947504607
3005.441930594061 2391.515305317702
3005.5185400270234 2392.107177024689
3005.756959506336 2392.6856475256036
3006.0 2394.0
3006.7608686605963 2393.763485393699
3007.5141783801914 2394.257427275889
3008.4049382354274 2394.7271169820187
3009.409058257545 2395.1774913729187
3010.502448477786 2395.613487309415
3012.0 2396.0
3012.860679637604 2396.462091262516
3014.0773406396625 2396.884573000777
3015.28691196481 2397.3124237279508
3016.465303644287 2397.7505803048634
3017.5884257093367 2398.2039795923456
3018.0 2398.0
3019.576851663218 2399.17625374233
3020.420078867163 2399.7050023264896
3021.1638830869033 2400.268741064532
3021.8102776063092 2400.872406817286
3022.361275709252 2401.52093644558
3024.0 2402.0
3023.18513580123 2402.9723347721024
3023.462024358007 2403.785077191987
3023.6515696338033 2404.662430930726
3023.7557849124883 2405.609332849147
3023.7766834779354 2406.6307198080794
3022.0 2408.0
3023.5795046132625 2408.9031186722686
3023.382979802894 2410.0825385880344
3023.1462435187927 2411.193259565335
3022.8888350968364 2412.158752753851
3022.630293872909 2412.9024893032656
3024.0 2414.0
3022.187970362666 2413.440517566641
3022.0432667481136 2413.2133944786915
3021.9755876751165 2412.7216851478165
3022.004472479555 2412.0205036224215
3022.1494604973113 2411.164963950913
3022.0 2410.0
3022.8590628223337 2409.2062198779254
3023.4217116375276 2408.182964661756
3024.0965326819 2407.165249670091
3024.8620211274974 2406.177910039833
3025.69667214637 2405.2457809078865
3026.0 2404.0
3027.487442592128 2403.6464946865394
3028.400552363111 2403.0290078709463
3029.2968053955606 2402.566072101277
3030.1546968615244 2402.2825225144356
3030.9527219330516 2402.2031942473263
3032.0 2402.0
3032.2876440335103 2402.7464764545166
3032.8084741216685 2403.358362610224
3033.237303933848 2404.1530214484796
3033.579571357226 2405.0948935137885
3033.8407142789847 2406.148419350655
3034.0 2408.0
3034.1413781663605 2408.4481945170796
3034.1917749063377 2409.6233249356487
3034.182798693416 2410.7678713037944
3034.1198874147735 2411.846274166023
3034.0084789575917 2412.8229740668376
3034.0 2414.0
3033.661922056328 2414.343466451474
3033.4376493866066 2414.902775759658
3033.186631087066 2415.391415755156
3032.9143050448843 2415.860462717826
3032.6261091472447 2416.360992927526
3032.0 2416.0
3032.0238593343074 2417.6453759236465
3031.7206811933697 2418.4387875669513
3031.4233847456926 2419.2828001710564
3031.1374078784565 2420.135896312987
3030.868188478842 2420.9565585697706
3032.0 2422.0
3030.4020359184337 2422.342716442099
3030.2175522554353 2422.8744054483022
3030.074725055645 2423.3060473506703
3029.9805659296767 2423.645352962835
3029.942086488144 2423.9000330984263
3028.0 2424.0
3030.0602131008445 2424.1863601944096
3030.230842376302 2424.233428782062
3030.4851977786525 2424.226715147664
3030.8302909185063 2424.1739301048437
3031.2731334064797 2424.0827844672326
3032.0 2424.0
3032.477010085503 2423.8162546621597
3033.2334507953788 2423.6562921219593
3034.078453891027 2423.4888122414886
3035.000414280659 2423.321525834379
3035.9877268724877 2423.162143714261
3038.0 2424.0
3038.1119882955863 2422.897935589522
3039.225726943282 2422.808531212162
3040.358397426026 2422.7578743763147
3041.4983946520297 2422.7536758956107
3042.634113529506 2422.8036465836813
3044.0 2422.0
3044.8483375982273 2423.0951719754175
3045.915882964878 2423.34154783485
3046.9572303338173 2423.6517351745947
3047.973024972238 2424.0228443367864
3048.963912147335 2424.4519856635648
3050.0 2424.0
3050.873545176334 2425.4728061794267
3051.7935815646256 2426.058706052788
3052.6912915583716 2426.691079459285
3053.567320424765 2427.3670367410564
3054.4223134310014 2428.083688240239
3054.0 2430.0
3056.0717729317785 2429.627515259391
3056.867529960708 2430.448911463636
3057.644832198259 2431.2994432538426
3058.404324911622 2432.1762209721496
3059.146653367996 2433.0763549606945
3060.0 2434.0
3060.582398578547 2434.93513311705
3061.2771058671137 2435.8879979691337
3061.957229967466 2436.8526604600074
3062.623416146799 2437.826230931807
3063.276309672309 2438.805819726672
3064.0 2440.0
3064.543601483144 2440.7717460251256
3065.152100217946 2441.75381843889
3065.7355071978745 2442.73337899607
3066.287277605208 2443.709052264699
3066.80086662223 2444.6794628128177
3068.0 2446.0
3067.68732121446 2446.5989940196687
3068.0470971542295 2447.5453638144763
3068.3425124328105 2448.480969160921
3068.567022232483 2449.404434627041
3068.714081735529 2450.3143847808724
3070.0 2450.0
3068.753277258037 2452.0882374238204
3068.653963705109 2452.9493890490116
3068.494300710774 2453.791523634064
3068.2893835203595 2454.613265747014
3068.054307379196 2455.4132399559
3066.0 2456.0
3067.5540592259326 2456.9423829336274
3067.3190777044924 2457.668800838544
3067.1143182136175 2458.3679491115445
3066.9548759986365 2459.0384523206667
3066.8558463048785 2459.6789350339495
3066.0 2460.0
3066.8960570168238 2460.865004191005
3067.0453972400337 2461.411841446048
3067.2753496194828 2461.9311598277905
3067.5809187273494 2462.425585579463
3067.957109135812 2462.897744944299
3068.0 2466.0
3068.9013721432416 2463.78576948639
3069.459453886566 2464.206887150109
3070.0681752192027 2464.616243399921
3070.7225407133283 2465.0164644790584
3071.417554941124 2465.410176630753
3074.0 2464.0
3072.9095478864383 2466.189104491428
3073.6965357483145 2466.582724886983
3074.504190632575 2466.9866457282437
3075.3275171113996 2467.4066454585522
3076.1615197569654 2467.8485025212494
3078.0 2468.0
3077.8415718370406 2468.8209024171783
3078.6776304159052 2469.3630021370936
3079.504383450229 2469.950072962765
3080.3168355121875 2470.5878933375343
3081.1099911739625 2471.282241704743
3082.0 2472.0
3082.6196921634732 2472.8558189488826
3083.333810102373 2473.6997012667125
3084.023776863416 2474.529418458778
3084.692160485587 2475.3038455226356
3085.341529007873 2475.981857455842
3084.0 2478.0
3086.593492908721 2476.899217553292
3087.2012243652566 2477.1468055092237
3087.8002128778453 2477.314457917881
3088.393026485473 2477.451539573395
3088.982233227125 2477.607415269899
3090.0 2476.0
3090.160098268442 2478.160890042406
3090.753892646077 2478.58451118669
3091.3543523136764 2479.0789705085253
3091.9640453102265 2479.6209252820613
3092.5855396747097 2480.1870327814468
3092.0 2482.0
3093.8742046634243 2481.298335054363
3094.546511365623 2481.796844376191
3095.240891591698 2482.226135520465
3095.9599133806337 2482.5628657613343
3096.7061447714154 2482.7836923729474
3098.0 2482.0
3098.2894967726565 2482.793448522336
3099.125683010296 2482.5908009124137
3099.9872101041433 2482.289095377843
3100.8705756423897 2481.920097496775
3101.772277213233 2481.515572847364
3104.0 2482.0
3103.6166788054848 2480.727005556132
3104.5523740032845 2480.4064940706176
3105.4923955864597 2480.177518129377
3106.433241143205 2480.0718433105626
3107.3714082617157 2480.1212351923296
3108.0 2480.0
3109.225697536813 2480.8001882725653
3110.13481486979 2481.420722041404
3111.027244117312 2482.178267651563
3111.899482867573 2483.0320320952574
3112.74802870877 2483.9412223647037
3114.0 2484.0
3114.360032016749 2485.7627083497123
3115.116484659921 2486.5934180497065
3115.8352347468067 2487.316381544316
3116.512779865603 2487.8908058257543
3117.145617604505 2488.2758978862385
3118.0 2490.0
3118.265078098508 2488.3285214643442
3118.756196848652 2487.9961158732194
3119.2116002089797 2487.4745038436477
3119.6392865863368 2486.804541274667
3120.047254387568 2486.027084065315
3118.0 2484.0
3120.8360278890336 2484.307468186047
3121.2328304029584 2483.4131745005675
3121.641907968137 2482.5071161435926
3122.071258991414 2481.5963022005203
3122.528881879636 2480.687741756751
3124.0 2480.0
3123.559080169942 2478.9062475913397
3124.1365121356093 2478.0523113362156
3124.75192909339 2477.23862351343
3125.402189200023 2476.4771725041014
3126.084150612249 2475.7799466893507
3128.0 2476.0
3127.530609980435 2474.6261241680504
3128.2888242498752 2474.193504223739
3129.0661724518654 2473.8730629984802
3129.8595127431454 2473.6767888733903
3130.6657032804546 2473.6166702295877
3132.0 2472.0
3132.3035231126137 2473.942844938468
3133.125601075892 2474.2930672222474
3133.9414266220583 2474.7073028495124
3134.744590262801 2475.1374923702415
3135.5286825098115 2475.5355763344155
3134.0 2478.0
3137.014014869391 2476.05542580365
3137.7024360053397 2476.154488472474
3138.3461477943138 2476.1760399122695
3138.9387407480017 2476.14543673682
3139.473805378094 2476.088035559909
3140.0 2474.0
3140.348367440685 2475.985032823235
3140.690980255163 2475.9347474894266
3140.982295510007 2475.848296606063
3141.231838075505 2475.6956397853146
3141.44913282195 2475.446736639351
3144.0 2476.0
3141.825078338843 2474.5524226323137
3142.002778849872 2473.921287866711
3142.186331023011 2473.2224589668344
3142.385259728549 2472.5002524159863
3142.609089836779 2471.7989846974688
3142.0 2472.0
3143.1679885471044 2470.627714574189
3143.512715717567 2470.1934424374126
3143.901661427451 2469.851569668936
3144.3349593748303 2469.5935100534402
3144.8127432577808 2469.41067737561
3144.0 2468.0
3145.902303622693 2469.2363479716764
3146.514347500804 2469.227678814941
3147.1714121067853 2469.2598917346045
3147.873631138709 2469.3244005153483
3148.6211382946517 2469.4126189418575
3150.0 2470.0
3150.2508963641094 2469.625839870903
3151.123482233078 2469.733669942806
3152.022026136974 2469.830864799206
3152.9367293331757 2469.9088382247883
3153.857793079063 2469.9590040042344
3156.0 2470.0
3155.6798072494134 2469.941567763452
3156.561160188636 2469.8567933125905
3157.409678707062 2469.709866354327
3158.215564062071 2469.4922006733436
3158.9690175110427 2469.195210054325
3158.0 2468.0
3160.283453542815 2468.3322213565393
3160.8489575749027 2467.7689241409103
3161.3710725995297 2467.1317037135204
3161.8641188086026 2466.4318471528227
3162.342416394031 2465.680641537272
3164.0 2466.0
3163.312046461586 2464.069331455425
3163.83201932753 2463.2318011460384
3164.394524337462 2462.388070095614
3165.0138816832896 2461.5494253826055
3165.704411556923 2460.7271540854686
3166.0 2460.0
3167.3500631950897 2459.176880052622
3168.296586582551 2458.4714514738207
3169.2970857436712 2457.827544624707
3170.328642109469 2457.256446583733
3171.3683371109637 2456.7694444293547
3172.0 2456.0
3173.3804687451207 2456.0928760941983
3174.3070682398206 2455.9258840703287
3175.1501320942934 2455.888136246869
3175.886741739556 2455.9909197022753
3176.4939786066293 2456.2455215150003
3178.0 2456.0
3177.237404193618 2457.2466371145783
3177.380222555587 2457.963576588468
3177.406927423471 2458.773185793751
3177.3470670083047 2459.6346033390105
3177.230189521122 2460.5069678328286
3176.0 2462.0
3176.9435761748455 2462.121092100477
3176.832936737819 2462.7811290914724
3176.7834730729123 2463.288667465359
3176.824733391158 2463.6028458307205
3176.986265903592 2463.6828027961396
3178.0 2464.0
3177.779794947541 2462.996861797534
3178.4196154554143 2462.270770066978
3179.1953561101923 2461.390069403416
3180.085292677197 2460.435427431733
3181.0677009217547 2459.4875117768156
3182.0 2458.0
3183.2230355048246 2457.9201488178082
3184.352513373985 2457.375750169444
3185.487565981995 2456.9881751492953
3186.606469094177 2456.751804788202
3187.6874984758574 2456.661020117004
3188.0 2456.0
3189.653002323479 2456.8900001712523
3190.517807606899 2457.1761361799645
3191.3054007947726 2457.5406004451033
3192.0178369392515 2457.955383219095
3192.6571710924923 2458.392474754365
3194.0 2460.0
3193.72475363387 2459.221545118444
3194.157112126315 2459.557504452104
3194.524588836136 2459.8037335567437
3194.8292388154846 2459.9322226847917
3195.0731171165166 2459.914962088672
3196.0 2460.0
3195.389784142583 2459.340334878969
3195.484714473957 2458.782041642243
3195.563156339694 2458.076145435066
3195.6451962939786 2457.249729381869
3195.750920890998 2456.329876607087
3194.0 2454.0
3196.1137702299857 2454.3181933904916
3196.4110680803274 2453.280529197544
3196.812396790147 2452.257760780739
3197.337842913632 2451.276971264509
3198.0074930049686 2450.3652437732862
3200.0 2450.0
3199.8497138882262 2448.8525736017427
3201.0022332702288 2448.2773945991794
3202.2588538002456 2447.8228049771383
3203.5794375141722 2447.487485288943
3204.923846447903 2447.2701160879196
3206.0 2448.0
3207.523588118359 2447.1839513606906
3208.698644926875 2447.3125169411337
3209.7369750987773 2447.553755222049
3210.59844066996 2447.9063467567594
3211.242903676318 2448.3689720985926
3212.0 2448.0
3211.7383848501795 2449.6162256987013
3211.6178153616825 2450.3812907542956
3211.337067996363 2451.2172632116494
3210.9646930623258 2452.105899314755
3210.5692408676764 2453.028955307607
3210.0 2454.0
3209.9728684243405 2454.905351938526
3209.846423764119 2455.8222050645804
3209.8458530202156 2456.7005030563564
3209.97708147299 2457.5220021578466
3210.246034402802 2458.2684586130454
3210.0 2460.0
3211.216095855101 2459.469616277921
3211.9007411790485 2459.925916279831
3212.6901845829507 2460.31037121992
3213.5620375879084 2460.6428236464258
3214.4939117150207 2460.9431161075922
3216.0 2460.0
3216.4481694201068 2461.5265913268663
3217.4257760402793 2461.849459181456
3218.3738498670036 2462.2195372636684
3219.2700024213796 2462.656668121743
3220.0918452245064 2463.1806943039232
3222.0 2464.0
3221.4293766425562 2464.56247634353
3221.9382621865516 2465.421958357268
3222.3592318374463 2466.371788007732
3222.7078710032138 2467.393848902993
3222.999765091827 2468.4700246511193
3222.0 2470.0
3223.4756596694915 2470.712255138253
3223.6908309744927 2471.8420770934013
3223.9115988342373 2472.953548333696
3224.153548656699 2474.0285524672063
3224.432265849854 2475.0489731020057
3224.0 2476.0
3225.1590906951365 2476.8576173354218
3225.618849453188 2477.6337223162222
3226.1386777937823 2478.3310065626824
3226.7146414148706 2478.955467848914
3227.342806014401 2479.513103949034
3228.0 2480.0
3228.740000940598 2480.4518916873953
3229.501162663165 2480.8450388738675
3230.2987881559784 2481.1953519706876
3231.1289431169876 2481.5088287519693
3231.9876932441452 2481.791466991829
3234.0 2482.0
3233.7752417887054 2482.2882189437405
3234.6961716020087 2482.5143282040212
3235.629959373263 2482.7335900193398
3236.5726708004163 2482.9520021638114
3237.5203715814214 2483.175562411549
3240.0 2482.0
3239.415003996789 2483.6621183132866
3240.3540670270518 2483.9371095155157
3241.282382202968 2484.241239917472
3242.1960152224888 2484.58050729327
3243.091031783564 2484.960909417025
3242.0 2488.0
3244.810425667737 2485.8672813805815
3245.6326184600625 2486.3942810229087
3246.4318257324 2486.964475018245
3247.2097972560236 2487.5728953950006
3247.968282802215 2488.2145741815875
3248.0 2488.0
3249.4337950474055 2489.577835097894
3250.1443212889603 2490.289481284437
3250.8423606381907 2491.0145139944534
3251.529662866374 2491.747965256356
3252.207977744789 2492.484867098554
3254.0 2492.0
3253.544644537422 2493.9491506374798
3254.206495994194 2494.666596391031
3254.8663591863087 2495.3676208385214
3255.5259838850398 2496.0472560083617
3256.1871198616677 2496.7005339289635
3256.0 2498.0
3257.520924733723 2497.9081461360956
3258.1970931717033 2498.452544479447
3258.8817719726903 2498.9507136872035
3259.5767109079598 2499.3976857877756
3260.2836597487903 2499.7884928095755
3262.0 2500.0
3261.740050203993 2500.383108391735
3262.4897751914104 2500.585192976346
3263.2520768304807 2500.7276645306843
3264.0254887229707 2500.8137670505885
3264.8085444706494 2500.846744531897
3266.0 2502.0
3266.397721938647 2500.766300362087
3267.2009108625025 2500.659366702646
3268.0078780486183 2500.5122839879673
3268.817157098765 2500.3282962138883
3269.62728161471 2500.1106473762497
3270.0 2498.0
3271.244201451067 2499.589283579209
3272.0480639750162 2499.303703124845
3272.8469063718367 2499.0207306169955
3273.639262243296 2498.7552565648607
3274.4236651911633 2498.5221714776376
3274.0 2500.0
3275.962746723194 2498.2127302347244
3276.7144925108937 2498.166155097432
3277.452419782074 2498.211530961845
3278.1750621385036 2498.363748337164
3278.8809531819497 2498.6376977325867
3280.0 2498.0
3280.236615736967 2499.603301387841
3280.883454452075 2500.282417269881
3281.507676261272 2501.058188416442
3282.1078147663275 2501.903185940534
3282.6824035690097 2502.7899809551673
3284.0 2504.0
3283.7490664743277 2504.579247908096
3284.2382077804987 2505.4268620724115
3284.695933791369 2506.2065581793067
3285.1207781087087 2506.890907341793
3285.5112743342843 2507.4524806728796
3286.0 2508.0
3286.183356917214 2508.097584292894
3286.0 2508.0
3286.0 2508.0
