469 265
2776.0 1208.0
3244.0 1472.0
1.0 1.0
2804.0 1468.0
2805.0 1468.25
2806.0 1468.5
2807.0 1468.75
2808.0 1469.0
2809.0 1469.25
2810.0 1469.5
2811.0 1469.75
2812.0 1470.0
2813.0 1470.25
2814.0 1470.5
2815.0 1470.75
2816.0 1471.0
2817.0 1471.25
2818.0 1471.5
2819.0 1471.75
2820.0 1472.0
2821.0 1471.75
2822.0 1471.5
2823.0 1471.25
2824.0 1471.0
2825.0 1470.75
2826.0 1470.5
2827.0 1470.25
2828.0 1470.0
2829.0 1469.75
2830.0 1469.5
2831.0 1469.25
2832.0 1469.0
2833.0 1468.75
2834.0 1468.5
2835.0 1468.25
2836.0 1468.0
2836.5 1467.75
2837.0 1467.5
2837.5 1467.25
2838.0 1467.0
2838.5 1466.75
2839.0 1466.5
2839.5 1466.25
2840.0 1466.0
2840.5 1465.75
2841.0 1465.5
2841.5 1465.25
2842.0 1465.0
2842.5 1464.75
2843.0 1464.5
2843.5 1464.25
2844.0 1464.0
2843.25 1463.0
2842.5 1462.0
2841.75 1461.0
2841.0 1460.0
2840.25 1459.0
2839.5 1458.0
2838.75 1457.0
2838.0 1456.0
2837.25 1455.0
2836.5 1454.0
2835.75 1453.0
2835.0 1452.0
2834.25 1451.0
2833.5 1450.0
2832.75 1449.0
2832.0 1448.0
2832.5 1447.0
2833.0 1446.0
2833.5 1445.0
2834.0 1444.0
2834.5 1443.0
2835.0 1442.0
2835.5 1441.0
2836.0 1440.0
2836.5 1439.0
2837.0 1438.0
2837.5 1437.0
2838.0 1436.0
2838.5 1435.0
2839.0 1434.0
2839.5 1433.0
2840.0 1432.0
2840.25 1431.0
2840.5 1430.0
2840.75 1429.0
2841.0 1428.0
2841.25 1427.0
2841.5 1426.0
2841.75 1425.0
2842.0 1424.0
2842.25 1423.0
2842.5 1422.0
2842.75 1421.0
2843.0 1420.0
2843.25 1419.0
2843.5 1418.0
2843.75 1417.0
2844.0 1416.0
2845.0 1416.25
2846.0 1416.5
2847.0 1416.75
2848.0 1417.0
2849.0 1417.25
2850.0 1417.5
2851.0 1417.75
2852.0 1418.0
2853.0 1418.25
2854.0 1418.5
2855.0 1418.75
2856.0 1419.0
2857.0 1419.25
2858.0 1419.5
2859.0 1419.75
2860.0 1420.0
2860.5 1420.5
2861.0 1421.0
2861.5 1421.5
2862.0 1422.0
2862.5 1422.5
2863.0 1423.0
2863.5 1423.5
2864.0 1424.0
2864.5 1424.5
2865.0 1425.0
2865.5 1425.5
2866.0 1426.0
2866.5 1426.5
2867.0 1427.0
2867.5 1427.5
2868.0 1428.0
2869.0 1428.0
2870.0 1428.0
2871.0 1428.0
2872.0 1428.0
2873.0 1428.0
2874.0 1428.0
2875.0 1428.0
2876.0 1428.0
2877.0 1428.0
2878.0 1428.0
2879.0 1428.0
2880.0 1428.0
2881.0 1428.0
2882.0 1428.0
2883.0 1428.0
2884.0 1428.0
2885.0 1428.25
2886.0 1428.5
2887.0 1428.75
2888.0 1429.0
2889.0 1429.25
2890.0 1429.5
2891.0 1429.75
2892.0 1430.0
2893.0 1430.25
2894.0 1430.5
2895.0 1430.75
2896.0 1431.0
2897.0 1431.25
2898.0 1431.5
2899.0 1431.75
2900.0 1432.0
2900.0 1431.75
2900.0 1431.5
2900.0 1431.25
2900.0 1431.0
2900.0 1430.75
2900.0 1430.5
2900.0 1430.25
2900.0 1430.0
2900.0 1429.75
2900.0 1429.5
2900.0 1429.25
2900.0 1429.0
2900.0 1428.75
2900.0 1428.5
2900.0 1428.25
2900.0 1428.0
2899.5 1427.5
2899.0 1427.0
2898.5 1426.5
2898.0 1426.0
2897.5 1425.5
2897.0 1425.0
2896.5 1424.5
2896.0 1424.0
2895.5 1423.5
2895.0 1423.0
2894.5 1422.5
2894.0 1422.0
2893.5 1421.5
2893.0 1421.0
2892.5 1420.5
2892.0 1420.0
2891.5 1419.5
2891.0 1419.0
2890.5 1418.5
2890.0 1418.0
2889.5 1417.5
2889.0 1417.0
2888.5 1416.5
2888.0 1416.0
2887.5 1415.5
2887.0 1415.0
2886.5 1414.5
2886.0 1414.0
2885.5 1413.5
2885.0 1413.0
2884.5 1412.5
2884.0 1412.0
2884.75 1411.5
2885.5 1411.0
2886.25 1410.5
2887.0 1410.0
2887.75 1409.5
2888.5 1409.0
2889.25 1408.5
2890.0 1408.0
2890.75 1407.5
2891.5 1407.0
2892.25 1406.5
2893.0 1406.0
2893.75 1405.5
2894.5 1405.0
2895.25 1404.5
2896.0 1404.0
2897.0 1404.0
2898.0 1404.0
2899.0 1404.0
2900.0 1404.0
2901.0 1404.0
2902.0 1404.0
2903.0 1404.0
2904.0 1404.0
2905.0 1404.0
2906.0 1404.0
2907.0 1404.0
2908.0 1404.0
2909.0 1404.0
2910.0 1404.0
2911.0 1404.0
2912.0 1404.0
2913.0 1403.75
2914.0 1403.5
2915.0 1403.25
2916.0 1403.0
2917.0 1402.75
2918.0 1402.5
2919.0 1402.25
2920.0 1402.0
2921.0 1401.75
2922.0 1401.5
2923.0 1401.25
2924.0 1401.0
2925.0 1400.75
2926.0 1400.5
2927.0 1400.25
2928.0 1400.0
2929.0 1399.5
2930.0 1399.0
2931.0 1398.5
2932.0 1398.0
2933.0 1397.5
2934.0 1397.0
2935.0 1396.5
2936.0 1396.0
2937.0 1395.5
2938.0 1395.0
2939.0 1394.5
2940.0 1394.0
2941.0 1393.5
2942.0 1393.0
2943.0 1392.5
2944.0 1392.0
2945.0 1392.0
2946.0 1392.0
2947.0 1392.0
2948.0 1392.0
2949.0 1392.0
2950.0 1392.0
2951.0 1392.0
2952.0 1392.0
2953.0 1392.0
2954.0 1392.0
2955.0 1392.0
2956.0 1392.0
2957.0 1392.0
2958.0 1392.0
2959.0 1392.0
2960.0 1392.0
2961.0 1392.25
2962.0 1392.5
2963.0 1392.75
2964.0 1393.0
2965.0 1393.25
2966.0 1393.5
2967.0 1393.75
2968.0 1394.0
2969.0 1394.25
2970.0 1394.5
2971.0 1394.75
2972.0 1395.0
2973.0 1395.25
2974.0 1395.5
2975.0 1395.75
2976.0 1396.0
2976.75 1395.25
2977.5 1394.5
2978.25 1393.75
2979.0 1393.0
2979.75 1392.25
2980.5 1391.5
2981.25 1390.75
2982.0 1390.0
2982.75 1389.25
2983.5 1388.5
2984.25 1387.75
2985.0 1387.0
2985.75 1386.25
2986.5 1385.5
2987.25 1384.75
2988.0 1384.0
2989.0 1383.75
2990.0 1383.5
2991.0 1383.25
2992.0 1383.0
2993.0 1382.75
2994.0 1382.5
2995.0 1382.25
2996.0 1382.0
2997.0 1381.75
2998.0 1381.5
2999.0 1381.25
3000.0 1381.0
3001.0 1380.75
3002.0 1380.5
3003.0 1380.25
3004.0 1380.0
3004.75 1380.75
3005.5 1381.5
3006.25 1382.25
3007.0 1383.0
3007.75 1383.75
3008.5 1384.5
3009.25 1385.25
3010.0 1386.0
3010.75 1386.75
3011.5 1387.5
3012.25 1388.25
3013.0 1389.0
3013.75 1389.75
3014.5 1390.5
3015.25 1391.25
3016.0 1392.0
3016.75 1392.5
3017.5 1393.0
3018.25 1393.5
3019.0 1394.0
3019.75 1394.5
3020.5 1395.0
3021.25 1395.5
3022.0 1396.0
3022.75 1396.5
3023.5 1397.0
3024.25 1397.5
3025.0 1398.0
3025.75 1398.5
3026.5 1399.0
3027.25 1399.5
3028.0 1400.0
3029.0 1400.0
3030.0 1400.0
3031.0 1400.0
3032.0 1400.0
3033.0 1400.0
3034.0 1400.0
3035.0 1400.0
3036.0 1400.0
3037.0 1400.0
3038.0 1400.0
3039.0 1400.0
3040.0 1400.0
3041.0 1400.0
3042.0 1400.0
3043.0 1400.0
3044.0 1400.0
3045.0 1399.75
3046.0 1399.5
3047.0 1399.25
3048.0 1399.0
3049.0 1398.75
3050.0 1398.5
3051.0 1398.25
3052.0 1398.0
3053.0 1397.75
3054.0 1397.5
3055.0 1397.25
3056.0 1397.0
3057.0 1396.75
3058.0 1396.5
3059.0 1396.25
3060.0 1396.0
3060.5 1396.75
3061.0 1397.5
3061.5 1398.25
3062.0 1399.0
3062.5 1399.75
3063.0 1400.5
3063.5 1401.25
3064.0 1402.0
3064.5 1402.75
3065.0 1403.5
3065.5 1404.25
3066.0 1405.0
3066.5 1405.75
3067.0 1406.5
3067.5 1407.25
3068.0 1408.0
3069.0 1408.25
3070.0 1408.5
3071.0 1408.75
3072.0 1409.0
3073.0 1409.25
3074.0 1409.5
3075.0 1409.75
3076.0 1410.0
3077.0 1410.25
3078.0 1410.5
3079.0 1410.75
3080.0 1411.0
3081.0 1411.25
3082.0 1411.5
3083.0 1411.75
3084.0 1412.0
3085.0 1411.75
3086.0 1411.5
3087.0 1411.25
3088.0 1411.0
3089.0 1410.75
3090.0 1410.5
3091.0 1410.25
3092.0 1410.0
3093.0 1409.75
3094.0 1409.5
3095.0 1409.25
3096.0 1409.0
3097.0 1408.75
3098.0 1408.5
3099.0 1408.25
3100.0 1408.0
3100.25 1408.75
3100.5 1409.5
3100.75 1410.25
3101.0 1411.0
3101.25 1411.75
3101.5 1412.5
3101.75 1413.25
3102.0 1414.0
3102.25 1414.75
3102.5 1415.5
3102.75 1416.25
3103.0 1417.0
3103.25 1417.75
3103.5 1418.5
3103.75 1419.25
3104.0 1420.0
3104.75 1419.5
3105.5 1419.0
3106.25 1418.5
3107.0 1418.0
3107.75 1417.5
3108.5 1417.0
3109.25 1416.5
3110.0 1416.0
3110.75 1415.5
3111.5 1415.0
3112.25 1414.5
3113.0 1414.0
3113.75 1413.5
3114.5 1413.0
3115.25 1412.5
3116.0 1412.0
3116.0 1411.5
3116.0 1411.0
3116.0 1410.5
3116.0 1410.0
3116.0 1409.5
3116.0 1409.0
3116.0 1408.5
3116.0 1408.0
3116.0 1407.5
3116.0 1407.0
3116.0 1406.5
3116.0 1406.0
3116.0 1405.5
3116.0 1405.0
3116.0 1404.5
3116.0 1404.0
3116.0 1403.25
3116.0 1402.5
3116.0 1401.75
3116.0 1401.0
3116.0 1400.25
3116.0 1399.5
3116.0 1398.75
3116.0 1398.0
3116.0 1397.25
3116.0 1396.5
3116.0 1395.75
3116.0 1395.0
3116.0 1394.25
3116.0 1393.5
3116.0 1392.75
3116.0 1392.0
3117.0 1391.75
3118.0 1391.5
3119.0 1391.25
3120.0 1391.0
3121.0 1390.75
3122.0 1390.5
3123.0 1390.25
3124.0 1390.0
3125.0 1389.75
3126.0 1389.5
3127.0 1389.25
3128.0 1389.0
3129.0 1388.75
3130.0 1388.5
3131.0 1388.25
3132.0 1388.0
3133.0 1388.0
3134.0 1388.0
3135.0 1388.0
3136.0 1388.0
3137.0 1388.0
3138.0 1388.0
3139.0 1388.0
3140.0 1388.0
3141.0 1388.0
3142.0 1388.0
3143.0 1388.0
3144.0 1388.0
3145.0 1388.0
3146.0 1388.0
3147.0 1388.0
3148.0 1388.0
3149.0 1388.5
3150.0 1389.0
3151.0 1389.5
3152.0 1390.0
3153.0 1390.5
3154.0 1391.0
3155.0 1391.5
3156.0 1392.0
3157.0 1392.5
3158.0 1393.0
3159.0 1393.5
3160.0 1394.0
3161.0 1394.5
3162.0 1395.0
3163.0 1395.5
3164.0 1396.0
3164.5 1395.5
3165.0 1395.0
3165.5 1394.5
3166.0 1394.0
3166.5 1393.5
3167.0 1393.0
3167.5 1392.5
3168.0 1392.0
3168.5 1391.5
3169.0 1391.0
3169.5 1390.5
3170.0 1390.0
3170.5 1389.5
3171.0 1389.0
3171.5 1388.5
3172.0 1388.0
3173.0 1387.75
3174.0 1387.5
3175.0 1387.25
3176.0 1387.0
3177.0 1386.75
3178.0 1386.5
3179.0 1386.25
3180.0 1386.0
3181.0 1385.75
3182.0 1385.5
3183.0 1385.25
3184.0 1385.0
3185.0 1384.75
3186.0 1384.5
3187.0 1384.25
3188.0 1384.0
3189.0 1384.25
3190.0 1384.5
3191.0 1384.75
3192.0 1385.0
3193.0 1385.25
3194.0 1385.5
3195.0 1385.75
3196.0 1386.0
3197.0 1386.25
3198.0 1386.5
3199.0 1386.75
3200.0 1387.0
3201.0 1387.25
3202.0 1387.5
3203.0 1387.75
3204.0 1388.0
3205.0 1388.25
3206.0 1388.5
3207.0 1388.75
3208.0 1389.0
3209.0 1389.25
3210.0 1389.5
3211.0 1389.75
3212.0 1390.0
3213.0 1390.25
3214.0 1390.5
3215.0 1390.75
3216.0 1391.0
3217.0 1391.25
3218.0 1391.5
3219.0 1391.75
3220.0 1392.0
3221.0 1391.5
3222.0 1391.0
3223.0 1390.5
3224.0 1390.0
3225.0 1389.5
3226.0 1389.0
3227.0 1388.5
3228.0 1388.0
3229.0 1387.5
3230.0 1387.0
3231.0 1386.5
3232.0 1386.0
3233.0 1385.5
3234.0 1385.0
3235.0 1384.5
3236.0 1384.0
3236.5 1384.0
3237.0 1384.0
3237.5 1384.0
3238.0 1384.0
3238.5 1384.0
3239.0 1384.0
3239.5 1384.0
3240.0 1384.0
3240.5 1384.0
3241.0 1384.0
3241.5 1384.0
3242.0 1384.0
3242.5 1384.0
3243.0 1384.0
3243.5 1384.0
3244.0 1384.0
3243.25 1383.25
3242.5 1382.5
3241.75 1381.75
3241.0 1381.0
3240.25 1380.25
3239.5 1379.5
3238.75 1378.75
3238.0 1378.0
3237.25 1377.25
3236.5 1376.5
3235.75 1375.75
3235.0 1375.0
3234.25 1374.25
3233.5 1373.5
3232.75 1372.75
3232.0 1372.0
3231.0 1371.25
3230.0 1370.5
3229.0 1369.75
3228.0 1369.0
3227.0 1368.25
3226.0 1367.5
3225.0 1366.75
3224.0 1366.0
3223.0 1365.25
3222.0 1364.5
3221.0 1363.75
3220.0 1363.0
3219.0 1362.25
3218.0 1361.5
3217.0 1360.75
3216.0 1360.0
3216.0 1359.0
3216.0 1358.0
3216.0 1357.0
3216.0 1356.0
3216.0 1355.0
3216.0 1354.0
3216.0 1353.0
3216.0 1352.0
3216.0 1351.0
3216.0 1350.0
3216.0 1349.0
3216.0 1348.0
3216.0 1347.0
3216.0 1346.0
3216.0 1345.0
3216.0 1344.0
3216.75 1343.5
3217.5 1343.0
3218.25 1342.5
3219.0 1342.0
3219.75 1341.5
3220.5 1341.0
3221.25 1340.5
3222.0 1340.0
3222.75 1339.5
3223.5 1339.0
3224.25 1338.5
3225.0 1338.0
3225.75 1337.5
3226.5 1337.0
3227.25 1336.5
3228.0 1336.0
3227.75 1335.5
3227.5 1335.0
3227.25 1334.5
3227.0 1334.0
3226.75 1333.5
3226.5 1333.0
3226.25 1332.5
3226.0 1332.0
3225.75 1331.5
3225.5 1331.0
3225.25 1330.5
3225.0 1330.0
3224.75 1329.5
3224.5 1329.0
3224.25 1328.5
3224.0 1328.0
3223.25 1328.5
3222.5 1329.0
3221.75 1329.5
3221.0 1330.0
3220.25 1330.5
3219.5 1331.0
3218.75 1331.5
3218.0 1332.0
3217.25 1332.5
3216.5 1333.0
3215.75 1333.5
3215.0 1334.0
3214.25 1334.5
3213.5 1335.0
3212.75 1335.5
3212.0 1336.0
3211.0 1336.0
3210.0 1336.0
3209.0 1336.0
3208.0 1336.0
3207.0 1336.0
3206.0 1336.0
3205.0 1336.0
3204.0 1336.0
3203.0 1336.0
3202.0 1336.0
3201.0 1336.0
3200.0 1336.0
3199.0 1336.0
3198.0 1336.0
3197.0 1336.0
3196.0 1336.0
3195.5 1335.75
3195.0 1335.5
3194.5 1335.25
3194.0 1335.0
3193.5 1334.75
3193.0 1334.5
3192.5 1334.25
3192.0 1334.0
3191.5 1333.75
3191.0 1333.5
3190.5 1333.25
3190.0 1333.0
3189.5 1332.75
3189.0 1332.5
3188.5 1332.25
3188.0 1332.0
3188.0 1331.0
3188.0 1330.0
3188.0 1329.0
3188.0 1328.0
3188.0 1327.0
3188.0 1326.0
3188.0 1325.0
3188.0 1324.0
3188.0 1323.0
3188.0 1322.0
3188.0 1321.0
3188.0 1320.0
3188.0 1319.0
3188.0 1318.0
3188.0 1317.0
3188.0 1316.0
3188.75 1316.25
3189.5 1316.5
3190.25 1316.75
3191.0 1317.0
3191.75 1317.25
3192.5 1317.5
3193.25 1317.75
3194.0 1318.0
3194.75 1318.25
3195.5 1318.5
3196.25 1318.75
3197.0 1319.0
3197.75 1319.25
3198.5 1319.5
3199.25 1319.75
3200.0 1320.0
3201.0 1320.0
3202.0 1320.0
3203.0 1320.0
3204.0 1320.0
3205.0 1320.0
3206.0 1320.0
3207.0 1320.0
3208.0 1320.0
3209.0 1320.0
3210.0 1320.0
3211.0 1320.0
3212.0 1320.0
3213.0 1320.0
3214.0 1320.0
3215.0 1320.0
3216.0 1320.0
3217.0 1320.0
3218.0 1320.0
3219.0 1320.0
3220.0 1320.0
3221.0 1320.0
3222.0 1320.0
3223.0 1320.0
3224.0 1320.0
3225.0 1320.0
3226.0 1320.0
3227.0 1320.0
3228.0 1320.0
3229.0 1320.0
3230.0 1320.0
3231.0 1320.0
3232.0 1320.0
3232.0 1319.25
3232.0 1318.5
3232.0 1317.75
3232.0 1317.0
3232.0 1316.25
3232.0 1315.5
3232.0 1314.75
3232.0 1314.0
3232.0 1313.25
3232.0 1312.5
3232.0 1311.75
3232.0 1311.0
3232.0 1310.25
3232.0 1309.5
3232.0 1308.75
3232.0 1308.0
3231.0 1307.5
3230.0 1307.0
3229.0 1306.5
3228.0 1306.0
3227.0 1305.5
3226.0 1305.0
3225.0 1304.5
3224.0 1304.0
3223.0 1303.5
3222.0 1303.0
3221.0 1302.5
3220.0 1302.0
3219.0 1301.5
3218.0 1301.0
3217.0 1300.5
3216.0 1300.0
3215.0 1300.25
3214.0 1300.5
3213.0 1300.75
3212.0 1301.0
3211.0 1301.25
3210.0 1301.5
3209.0 1301.75
3208.0 1302.0
3207.0 1302.25
3206.0 1302.5
3205.0 1302.75
3204.0 1303.0
3203.0 1303.25
3202.0 1303.5
3201.0 1303.75
3200.0 1304.0
3200.0 1303.0
3200.0 1302.0
3200.0 1301.0
3200.0 1300.0
3200.0 1299.0
3200.0 1298.0
3200.0 1297.0
3200.0 1296.0
3200.0 1295.0
3200.0 1294.0
3200.0 1293.0
3200.0 1292.0
3200.0 1291.0
3200.0 1290.0
3200.0 1289.0
3200.0 1288.0
3200.75 1287.75
3201.5 1287.5
3202.25 1287.25
3203.0 1287.0
3203.75 1286.75
3204.5 1286.5
3205.25 1286.25
3206.0 1286.0
3206.75 1285.75
3207.5 1285.5
3208.25 1285.25
3209.0 1285.0
3209.75 1284.75
3210.5 1284.5
3211.25 1284.25
3212.0 1284.0
3212.75 1284.5
3213.5 1285.0
3214.25 1285.5
3215.0 1286.0
3215.75 1286.5
3216.5 1287.0
3217.25 1287.5
3218.0 1288.0
3218.75 1288.5
3219.5 1289.0
3220.25 1289.5
3221.0 1290.0
3221.75 1290.5
3222.5 1291.0
3223.25 1291.5
3224.0 1292.0
3225.0 1292.0
3226.0 1292.0
3227.0 1292.0
3228.0 1292.0
3229.0 1292.0
3230.0 1292.0
3231.0 1292.0
3232.0 1292.0
3233.0 1292.0
3234.0 1292.0
3235.0 1292.0
3236.0 1292.0
3237.0 1292.0
3238.0 1292.0
3239.0 1292.0
3240.0 1292.0
3239.5 1291.0
3239.0 1290.0
3238.5 1289.0
3238.0 1288.0
3237.5 1287.0
3237.0 1286.0
3236.5 1285.0
3236.0 1284.0
3235.5 1283.0
3235.0 1282.0
3234.5 1281.0
3234.0 1280.0
3233.5 1279.0
3233.0 1278.0
3232.5 1277.0
3232.0 1276.0
3231.0 1275.5
3230.0 1275.0
3229.0 1274.5
3228.0 1274.0
3227.0 1273.5
3226.0 1273.0
3225.0 1272.5
3224.0 1272.0
3223.0 1271.5
3222.0 1271.0
3221.0 1270.5
3220.0 1270.0
3219.0 1269.5
3218.0 1269.0
3217.0 1268.5
3216.0 1268.0
3215.75 1267.5
3215.5 1267.0
3215.25 1266.5
3215.0 1266.0
3214.75 1265.5
3214.5 1265.0
3214.25 1264.5
3214.0 1264.0
3213.75 1263.5
3213.5 1263.0
3213.25 1262.5
3213.0 1262.0
3212.75 1261.5
3212.5 1261.0
3212.25 1260.5
3212.0 1260.0
3211.25 1259.25
3210.5 1258.5
3209.75 1257.75
3209.0 1257.0
3208.25 1256.25
3207.5 1255.5
3206.75 1254.75
3206.0 1254.0
3205.25 1253.25
3204.5 1252.5
3203.75 1251.75
3203.0 1251.0
3202.25 1250.25
3201.5 1249.5
3200.75 1248.75
3200.0 1248.0
3199.0 1247.5
3198.0 1247.0
3197.0 1246.5
3196.0 1246.0
3195.0 1245.5
3194.0 1245.0
3193.0 1244.5
3192.0 1244.0
3191.0 1243.5
3190.0 1243.0
3189.0 1242.5
3188.0 1242.0
3187.0 1241.5
3186.0 1241.0
3185.0 1240.5
3184.0 1240.0
3183.25 1239.5
3182.5 1239.0
3181.75 1238.5
3181.0 1238.0
3180.25 1237.5
3179.5 1237.0
3178.75 1236.5
3178.0 1236.0
3177.25 1235.5
3176.5 1235.0
3175.75 1234.5
3175.0 1234.0
3174.25 1233.5
3173.5 1233.0
3172.75 1232.5
3172.0 1232.0
3171.25 1231.5
3170.5 1231.0
3169.75 1230.5
3169.0 1230.0
3168.25 1229.5
3167.5 1229.0
3166.75 1228.5
3166.0 1228.0
3165.25 1227.5
3164.5 1227.0
3163.75 1226.5
3163.0 1226.0
3162.25 1225.5
3161.5 1225.0
3160.75 1224.5
3160.0 1224.0
3159.0 1223.75
3158.0 1223.5
3157.0 1223.25
3156.0 1223.0
3155.0 1222.75
3154.0 1222.5
3153.0 1222.25
3152.0 1222.0
3151.0 1221.75
3150.0 1221.5
3149.0 1221.25
3148.0 1221.0
3147.0 1220.75
3146.0 1220.5
3145.0 1220.25
3144.0 1220.0
3143.25 1219.5
3142.5 1219.0
3141.75 1218.5
3141.0 1218.0
3140.25 1217.5
3139.5 1217.0
3138.75 1216.5
3138.0 1216.0
3137.25 1215.5
3136.5 1215.0
3135.75 1214.5
3135.0 1214.0
3134.25 1213.5
3133.5 1213.0
3132.75 1212.5
3132.0 1212.0
3131.5 1211.75
3131.0 1211.5
3130.5 1211.25
3130.0 1211.0
3129.5 1210.75
3129.0 1210.5
3128.5 1210.25
3128.0 1210.0
3127.5 1209.75
3127.0 1209.5
3126.5 1209.25
3126.0 1209.0
3125.5 1208.75
3125.0 1208.5
3124.5 1208.25
3124.0 1208.0
3124.25 1209.0
3124.5 1210.0
3124.75 1211.0
3125.0 1212.0
3125.25 1213.0
3125.5 1214.0
3125.75 1215.0
3126.0 1216.0
3126.25 1217.0
3126.5 1218.0
3126.75 1219.0
3127.0 1220.0
3127.25 1221.0
3127.5 1222.0
3127.75 1223.0
3128.0 1224.0
3128.0 1224.75
3128.0 1225.5
3128.0 1226.25
3128.0 1227.0
3128.0 1227.75
3128.0 1228.5
3128.0 1229.25
3128.0 1230.0
3128.0 1230.75
3128.0 1231.5
3128.0 1232.25
3128.0 1233.0
3128.0 1233.75
3128.0 1234.5
3128.0 1235.25
3128.0 1236.0
3128.5 1237.0
3129.0 1238.0
3129.5 1239.0
3130.0 1240.0
3130.5 1241.0
3131.0 1242.0
3131.5 1243.0
3132.0 1244.0
3132.5 1245.0
3133.0 1246.0
3133.5 1247.0
3134.0 1248.0
3134.5 1249.0
3135.0 1250.0
3135.5 1251.0
3136.0 1252.0
3135.0 1251.75
3134.0 1251.5
3133.0 1251.25
3132.0 1251.0
3131.0 1250.75
3130.0 1250.5
3129.0 1250.25
3128.0 1250.0
3127.0 1249.75
3126.0 1249.5
3125.0 1249.25
3124.0 1249.0
3123.0 1248.75
3122.0 1248.5
3121.0 1248.25
3120.0 1248.0
3120.5 1248.75
3121.0 1249.5
3121.5 1250.25
3122.0 1251.0
3122.5 1251.75
3123.0 1252.5
3123.5 1253.25
3124.0 1254.0
3124.5 1254.75
3125.0 1255.5
3125.5 1256.25
3126.0 1257.0
3126.5 1257.75
3127.0 1258.5
3127.5 1259.25
3128.0 1260.0
3127.5 1260.75
3127.0 1261.5
3126.5 1262.25
3126.0 1263.0
3125.5 1263.75
3125.0 1264.5
3124.5 1265.25
3124.0 1266.0
3123.5 1266.75
3123.0 1267.5
3122.5 1268.25
3122.0 1269.0
3121.5 1269.75
3121.0 1270.5
3120.5 1271.25
3120.0 1272.0
3119.0 1271.75
3118.0 1271.5
3117.0 1271.25
3116.0 1271.0
3115.0 1270.75
3114.0 1270.5
3113.0 1270.25
3112.0 1270.0
3111.0 1269.75
3110.0 1269.5
3109.0 1269.25
3108.0 1269.0
3107.0 1268.75
3106.0 1268.5
3105.0 1268.25
3104.0 1268.0
3103.0 1267.75
3102.0 1267.5
3101.0 1267.25
3100.0 1267.0
3099.0 1266.75
3098.0 1266.5
3097.0 1266.25
3096.0 1266.0
3095.0 1265.75
3094.0 1265.5
3093.0 1265.25
3092.0 1265.0
3091.0 1264.75
3090.0 1264.5
3089.0 1264.25
3088.0 1264.0
3087.0 1264.0
3086.0 1264.0
3085.0 1264.0
3084.0 1264.0
3083.0 1264.0
3082.0 1264.0
3081.0 1264.0
3080.0 1264.0
3079.0 1264.0
3078.0 1264.0
3077.0 1264.0
3076.0 1264.0
3075.0 1264.0
3074.0 1264.0
3073.0 1264.0
3072.0 1264.0
3071.0 1264.0
3070.0 1264.0
3069.0 1264.0
3068.0 1264.0
3067.0 1264.0
3066.0 1264.0
3065.0 1264.0
3064.0 1264.0
3063.0 1264.0
3062.0 1264.0
3061.0 1264.0
3060.0 1264.0
3059.0 1264.0
3058.0 1264.0
3057.0 1264.0
3056.0 1264.0
3055.0 1263.25
3054.0 1262.5
3053.0 1261.75
3052.0 1261.0
3051.0 1260.25
3050.0 1259.5
3049.0 1258.75
3048.0 1258.0
3047.0 1257.25
3046.0 1256.5
3045.0 1255.75
3044.0 1255.0
3043.0 1254.25
3042.0 1253.5
3041.0 1252.75
3040.0 1252.0
3039.25 1251.25
3038.5 1250.5
3037.75 1249.75
3037.0 1249.0
3036.25 1248.25
3035.5 1247.5
3034.75 1246.75
3034.0 1246.0
3033.25 1245.25
3032.5 1244.5
3031.75 1243.75
3031.0 1243.0
3030.25 1242.25
3029.5 1241.5
3028.75 1240.75
3028.0 1240.0
3027.0 1240.5
3026.0 1241.0
3025.0 1241.5
3024.0 1242.0
3023.0 1242.5
3022.0 1243.0
3021.0 1243.5
3020.0 1244.0
3019.0 1244.5
3018.0 1245.0
3017.0 1245.5
3016.0 1246.0
3015.0 1246.5
3014.0 1247.0
3013.0 1247.5
3012.0 1248.0
3011.0 1247.75
3010.0 1247.5
3009.0 1247.25
3008.0 1247.0
3007.0 1246.75
3006.0 1246.5
3005.0 1246.25
3004.0 1246.0
3003.0 1245.75
3002.0 1245.5
3001.0 1245.25
3000.0 1245.0
2999.0 1244.75
2998.0 1244.5
2997.0 1244.25
2996.0 1244.0
2995.5 1243.25
2995.0 1242.5
2994.5 1241.75
2994.0 1241.0
2993.5 1240.25
2993.0 1239.5
2992.5 1238.75
2992.0 1238.0
2991.5 1237.25
2991.0 1236.5
2990.5 1235.75
2990.0 1235.0
2989.5 1234.25
2989.0 1233.5
2988.5 1232.75
2988.0 1232.0
2987.25 1232.25
2986.5 1232.5
2985.75 1232.75
2985.0 1233.0
2984.25 1233.25
2983.5 1233.5
2982.75 1233.75
2982.0 1234.0
2981.25 1234.25
2980.5 1234.5
2979.75 1234.75
2979.0 1235.0
2978.25 1235.25
2977.5 1235.5
2976.75 1235.75
2976.0 1236.0
2975.75 1237.0
2975.5 1238.0
2975.25 1239.0
2975.0 1240.0
2974.75 1241.0
2974.5 1242.0
2974.25 1243.0
2974.0 1244.0
2973.75 1245.0
2973.5 1246.0
2973.25 1247.0
2973.0 1248.0
2972.75 1249.0
2972.5 1250.0
2972.25 1251.0
2972.0 1252.0
2972.75 1253.0
2973.5 1254.0
2974.25 1255.0
2975.0 1256.0
2975.75 1257.0
2976.5 1258.0
2977.25 1259.0
2978.0 1260.0
2978.75 1261.0
2979.5 1262.0
2980.25 1263.0
2981.0 1264.0
2981.75 1265.0
2982.5 1266.0
2983.25 1267.0
2984.0 1268.0
2984.75 1268.5
2985.5 1269.0
2986.25 1269.5
2987.0 1270.0
2987.75 1270.5
2988.5 1271.0
2989.25 1271.5
2990.0 1272.0
2990.75 1272.5
2991.5 1273.0
2992.25 1273.5
2993.0 1274.0
2993.75 1274.5
2994.5 1275.0
2995.25 1275.5
2996.0 1276.0
2995.0 1276.0
2994.0 1276.0
2993.0 1276.0
2992.0 1276.0
2991.0 1276.0
2990.0 1276.0
2989.0 1276.0
2988.0 1276.0
2987.0 1276.0
2986.0 1276.0
2985.0 1276.0
2984.0 1276.0
2983.0 1276.0
2982.0 1276.0
2981.0 1276.0
2980.0 1276.0
2980.5 1276.5
2981.0 1277.0
2981.5 1277.5
2982.0 1278.0
2982.5 1278.5
2983.0 1279.0
2983.5 1279.5
2984.0 1280.0
2984.5 1280.5
2985.0 1281.0
2985.5 1281.5
2986.0 1282.0
2986.5 1282.5
2987.0 1283.0
2987.5 1283.5
2988.0 1284.0
2989.0 1284.5
2990.0 1285.0
2991.0 1285.5
2992.0 1286.0
2993.0 1286.5
2994.0 1287.0
2995.0 1287.5
2996.0 1288.0
2997.0 1288.5
2998.0 1289.0
2999.0 1289.5
3000.0 1290.0
3001.0 1290.5
3002.0 1291.0
3003.0 1291.5
3004.0 1292.0
3004.75 1292.0
3005.5 1292.0
3006.25 1292.0
3007.0 1292.0
3007.75 1292.0
3008.5 1292.0
3009.25 1292.0
3010.0 1292.0
3010.75 1292.0
3011.5 1292.0
3012.25 1292.0
3013.0 1292.0
3013.75 1292.0
3014.5 1292.0
3015.25 1292.0
3016.0 1292.0
3015.75 1293.0
3015.5 1294.0
3015.25 1295.0
3015.0 1296.0
3014.75 1297.0
3014.5 1298.0
3014.25 1299.0
3014.0 1300.0
3013.75 1301.0
3013.5 1302.0
3013.25 1303.0
3013.0 1304.0
3012.75 1305.0
3012.5 1306.0
3012.25 1307.0
3012.0 1308.0
3012.0 1309.0
3012.0 1310.0
3012.0 1311.0
3012.0 1312.0
3012.0 1313.0
3012.0 1314.0
3012.0 1315.0
3012.0 1316.0
3012.0 1317.0
3012.0 1318.0
3012.0 1319.0
3012.0 1320.0
3012.0 1321.0
3012.0 1322.0
3012.0 1323.0
3012.0 1324.0
3012.0 1325.0
3012.0 1326.0
3012.0 1327.0
3012.0 1328.0
3012.0 1329.0
3012.0 1330.0
3012.0 1331.0
3012.0 1332.0
3012.0 1333.0
3012.0 1334.0
3012.0 1335.0
3012.0 1336.0
3012.0 1337.0
3012.0 1338.0
3012.0 1339.0
3012.0 1340.0
3011.25 1340.25
3010.5 1340.5
3009.75 1340.75
3009.0 1341.0
3008.25 1341.25
3007.5 1341.5
3006.75 1341.75
3006.0 1342.0
3005.25 1342.25
3004.5 1342.5
3003.75 1342.75
3003.0 1343.0
3002.25 1343.25
3001.5 1343.5
3000.75 1343.75
3000.0 1344.0
2999.25 1345.0
2998.5 1346.0
2997.75 1347.0
2997.0 1348.0
2996.25 1349.0
2995.5 1350.0
2994.75 1351.0
2994.0 1352.0
2993.25 1353.0
2992.5 1354.0
2991.75 1355.0
2991.0 1356.0
2990.25 1357.0
2989.5 1358.0
2988.75 1359.0
2988.0 1360.0
2987.0 1359.75
2986.0 1359.5
2985.0 1359.25
2984.0 1359.0
2983.0 1358.75
2982.0 1358.5
2981.0 1358.25
2980.0 1358.0
2979.0 1357.75
2978.0 1357.5
2977.0 1357.25
2976.0 1357.0
2975.0 1356.75
2974.0 1356.5
2973.0 1356.25
2972.0 1356.0
2971.0 1356.0
2970.0 1356.0
2969.0 1356.0
2968.0 1356.0
2967.0 1356.0
2966.0 1356.0
2965.0 1356.0
2964.0 1356.0
2963.0 1356.0
2962.0 1356.0
2961.0 1356.0
2960.0 1356.0
2959.0 1356.0
2958.0 1356.0
2957.0 1356.0
2956.0 1356.0
2955.0 1356.25
2954.0 1356.5
2953.0 1356.75
2952.0 1357.0
2951.0 1357.25
2950.0 1357.5
2949.0 1357.75
2948.0 1358.0
2947.0 1358.25
2946.0 1358.5
2945.0 1358.75
2944.0 1359.0
2943.0 1359.25
2942.0 1359.5
2941.0 1359.75
2940.0 1360.0
2939.5 1359.25
2939.0 1358.5
2938.5 1357.75
2938.0 1357.0
2937.5 1356.25
2937.0 1355.5
2936.5 1354.75
2936.0 1354.0
2935.5 1353.25
2935.0 1352.5
2934.5 1351.75
2934.0 1351.0
2933.5 1350.25
2933.0 1349.5
2932.5 1348.75
2932.0 1348.0
2931.5 1348.0
2931.0 1348.0
2930.5 1348.0
2930.0 1348.0
2929.5 1348.0
2929.0 1348.0
2928.5 1348.0
2928.0 1348.0
2927.5 1348.0
2927.0 1348.0
2926.5 1348.0
2926.0 1348.0
2925.5 1348.0
2925.0 1348.0
2924.5 1348.0
2924.0 1348.0
2924.75 1348.75
2925.5 1349.5
2926.25 1350.25
2927.0 1351.0
2927.75 1351.75
2928.5 1352.5
2929.25 1353.25
2930.0 1354.0
2930.75 1354.75
2931.5 1355.5
2932.25 1356.25
2933.0 1357.0
2933.75 1357.75
2934.5 1358.5
2935.25 1359.25
2936.0 1360.0
2936.0 1360.5
2936.0 1361.0
2936.0 1361.5
2936.0 1362.0
2936.0 1362.5
2936.0 1363.0
2936.0 1363.5
2936.0 1364.0
2936.0 1364.5
2936.0 1365.0
2936.0 1365.5
2936.0 1366.0
2936.0 1366.5
2936.0 1367.0
2936.0 1367.5
2936.0 1368.0
2935.0 1368.0
2934.0 1368.0
2933.0 1368.0
2932.0 1368.0
2931.0 1368.0
2930.0 1368.0
2929.0 1368.0
2928.0 1368.0
2927.0 1368.0
2926.0 1368.0
2925.0 1368.0
2924.0 1368.0
2923.0 1368.0
2922.0 1368.0
2921.0 1368.0
2920.0 1368.0
2919.5 1368.5
2919.0 1369.0
2918.5 1369.5
2918.0 1370.0
2917.5 1370.5
2917.0 1371.0
2916.5 1371.5
2916.0 1372.0
2915.5 1372.5
2915.0 1373.0
2914.5 1373.5
2914.0 1374.0
2913.5 1374.5
2913.0 1375.0
2912.5 1375.5
2912.0 1376.0
2911.75 1376.75
2911.5 1377.5
2911.25 1378.25
2911.0 1379.0
2910.75 1379.75
2910.5 1380.5
2910.25 1381.25
2910.0 1382.0
2909.75 1382.75
2909.5 1383.5
2909.25 1384.25
2909.0 1385.0
2908.75 1385.75
2908.5 1386.5
2908.25 1387.25
2908.0 1388.0
2907.25 1387.5
2906.5 1387.0
2905.75 1386.5
2905.0 1386.0
2904.25 1385.5
2903.5 1385.0
2902.75 1384.5
2902.0 1384.0
2901.25 1383.5
2900.5 1383.0
2899.75 1382.5
2899.0 1382.0
2898.25 1381.5
2897.5 1381.0
2896.75 1380.5
2896.0 1380.0
2895.5 1379.5
2895.0 1379.0
2894.5 1378.5
2894.0 1378.0
2893.5 1377.5
2893.0 1377.0
2892.5 1376.5
2892.0 1376.0
2891.5 1375.5
2891.0 1375.0
2890.5 1374.5
2890.0 1374.0
2889.5 1373.5
2889.0 1373.0
2888.5 1372.5
2888.0 1372.0
2887.0 1371.75
2886.0 1371.5
2885.0 1371.25
2884.0 1371.0
2883.0 1370.75
2882.0 1370.5
2881.0 1370.25
2880.0 1370.0
2879.0 1369.75
2878.0 1369.5
2877.0 1369.25
2876.0 1369.0
2875.0 1368.75
2874.0 1368.5
2873.0 1368.25
2872.0 1368.0
2871.0 1368.25
2870.0 1368.5
2869.0 1368.75
2868.0 1369.0
2867.0 1369.25
2866.0 1369.5
2865.0 1369.75
2864.0 1370.0
2863.0 1370.25
2862.0 1370.5
2861.0 1370.75
2860.0 1371.0
2859.0 1371.25
2858.0 1371.5
2857.0 1371.75
2856.0 1372.0
2855.0 1372.0
2854.0 1372.0
2853.0 1372.0
2852.0 1372.0
2851.0 1372.0
2850.0 1372.0
2849.0 1372.0
2848.0 1372.0
2847.0 1372.0
2846.0 1372.0
2845.0 1372.0
2844.0 1372.0
2843.0 1372.0
2842.0 1372.0
2841.0 1372.0
2840.0 1372.0
2839.0 1372.0
2838.0 1372.0
2837.0 1372.0
2836.0 1372.0
2835.0 1372.0
2834.0 1372.0
2833.0 1372.0
2832.0 1372.0
2831.0 1372.0
2830.0 1372.0
2829.0 1372.0
2828.0 1372.0
2827.0 1372.0
2826.0 1372.0
2825.0 1372.0
2824.0 1372.0
2823.25 1371.25
2822.5 1370.5
2821.75 1369.75
2821.0 1369.0
2820.25 1368.25
2819.5 1367.5
2818.75 1366.75
2818.0 1366.0
2817.25 1365.25
2816.5 1364.5
2815.75 1363.75
2815.0 1363.0
2814.25 1362.25
2813.5 1361.5
2812.75 1360.75
2812.0 1360.0
2811.25 1359.75
2810.5 1359.5
2809.75 1359.25
2809.0 1359.0
2808.25 1358.75
2807.5 1358.5
2806.75 1358.25
2806.0 1358.0
2805.25 1357.75
2804.5 1357.5
2803.75 1357.25
2803.0 1357.0
2802.25 1356.75
2801.5 1356.5
2800.75 1356.25
2800.0 1356.0
2799.5 1356.5
2799.0 1357.0
2798.5 1357.5
2798.0 1358.0
2797.5 1358.5
2797.0 1359.0
2796.5 1359.5
2796.0 1360.0
2795.5 1360.5
2795.0 1361.0
2794.5 1361.5
2794.0 1362.0
2793.5 1362.5
2793.0 1363.0
2792.5 1363.5
2792.0 1364.0
2793.0 1364.25
2794.0 1364.5
2795.0 1364.75
2796.0 1365.0
2797.0 1365.25
2798.0 1365.5
2799.0 1365.75
2800.0 1366.0
2801.0 1366.25
2802.0 1366.5
2803.0 1366.75
2804.0 1367.0
2805.0 1367.25
2806.0 1367.5
2807.0 1367.75
2808.0 1368.0
2808.25 1369.0
2808.5 1370.0
2808.75 1371.0
2809.0 1372.0
2809.25 1373.0
2809.5 1374.0
2809.75 1375.0
2810.0 1376.0
2810.25 1377.0
2810.5 1378.0
2810.75 1379.0
2811.0 1380.0
2811.25 1381.0
2811.5 1382.0
2811.75 1383.0
2812.0 1384.0
2812.5 1384.75
2813.0 1385.5
2813.5 1386.25
2814.0 1387.0
2814.5 1387.75
2815.0 1388.5
2815.5 1389.25
2816.0 1390.0
2816.5 1390.75
2817.0 1391.5
2817.5 1392.25
2818.0 1393.0
2818.5 1393.75
2819.0 1394.5
2819.5 1395.25
2820.0 1396.0
2820.0 1397.0
2820.0 1398.0
2820.0 1399.0
2820.0 1400.0
2820.0 1401.0
2820.0 1402.0
2820.0 1403.0
2820.0 1404.0
2820.0 1405.0
2820.0 1406.0
2820.0 1407.0
2820.0 1408.0
2820.0 1409.0
2820.0 1410.0
2820.0 1411.0
2820.0 1412.0
2819.0 1412.0
2818.0 1412.0
2817.0 1412.0
2816.0 1412.0
2815.0 1412.0
2814.0 1412.0
2813.0 1412.0
2812.0 1412.0
2811.0 1412.0
2810.0 1412.0
2809.0 1412.0
2808.0 1412.0
2807.0 1412.0
2806.0 1412.0
2805.0 1412.0
2804.0 1412.0
2803.0 1412.0
2802.0 1412.0
2801.0 1412.0
2800.0 1412.0
2799.0 1412.0
2798.0 1412.0
2797.0 1412.0
2796.0 1412.0
2795.0 1412.0
2794.0 1412.0
2793.0 1412.0
2792.0 1412.0
2791.0 1412.0
2790.0 1412.0
2789.0 1412.0
2788.0 1412.0
2787.25 1412.25
2786.5 1412.5
2785.75 1412.75
2785.0 1413.0
2784.25 1413.25
2783.5 1413.5
2782.75 1413.75
2782.0 1414.0
2781.25 1414.25
2780.5 1414.5
2779.75 1414.75
2779.0 1415.0
2778.25 1415.25
2777.5 1415.5
2776.75 1415.75
2776.0 1416.0
2776.75 1417.0
2777.5 1418.0
2778.25 1419.0
2779.0 1420.0
2779.75 1421.0
2780.5 1422.0
2781.25 1423.0
2782.0 1424.0
2782.75 1425.0
2783.5 1426.0
2784.25 1427.0
2785.0 1428.0
2785.75 1429.0
2786.5 1430.0
2787.25 1431.0
2788.0 1432.0
2788.5 1432.5
2789.0 1433.0
2789.5 1433.5
2790.0 1434.0
2790.5 1434.5
2791.0 1435.0
2791.5 1435.5
2792.0 1436.0
2792.5 1436.5
2793.0 1437.0
2793.5 1437.5
2794.0 1438.0
2794.5 1438.5
2795.0 1439.0
2795.5 1439.5
2796.0 1440.0
2796.75 1440.75
2797.5 1441.5
2798.25 1442.25
2799.0 1443.0
2799.75 1443.75
2800.5 1444.5
2801.25 1445.25
2802.0 1446.0
2802.75 1446.75
2803.5 1447.5
2804.25 1448.25
2805.0 1449.0
2805.75 1449.75
2806.5 1450.5
2807.25 1451.25
2808.0 1452.0
2807.0 1452.25
2806.0 1452.5
2805.0 1452.75
2804.0 1453.0
2803.0 1453.25
2802.0 1453.5
2801.0 1453.75
2800.0 1454.0
2799.0 1454.25
2798.0 1454.5
2797.0 1454.75
2796.0 1455.0
2795.0 1455.25
2794.0 1455.5
2793.0 1455.75
2792.0 1456.0
2792.5 1457.0
2793.0 1458.0
2793.5 1459.0
2794.0 1460.0
2794.5 1461.0
2795.0 1462.0
2795.5 1463.0
2796.0 1464.0
2796.5 1465.0
2797.0 1466.0
2797.5 1467.0
2798.0 1468.0
2798.5 1469.0
2799.0 1470.0
2799.5 1471.0
2800.0 1472.0
2801.0 1471.0
2802.0 1470.0
2803.0 1469.0
2804.0 1468.0
2804.0 1468.0
