473 269
2776.0 1204.0
3248.0 1472.0
1.0 1.0
2804.0 1468.0
2805.0 1469.0
2806.0 1470.0
2807.0 1471.0
2808.0 1472.0
2809.0 1472.0
2810.0 1472.0
2811.0 1472.0
2812.0 1472.0
2813.0 1472.0
2814.0 1472.0
2815.0 1472.0
2816.0 1472.0
2817.0 1472.0
2818.0 1472.0
2819.0 1472.0
2820.0 1472.0
2821.0 1472.0
2822.0 1472.0
2823.0 1472.0
2824.0 1472.0
2825.0 1471.0
2826.0 1470.0
2827.0 1469.0
2828.0 1468.0
2829.0 1468.0
2830.0 1468.0
2831.0 1468.0
2832.0 1468.0
2833.0 1468.0
2834.0 1468.0
2835.0 1468.0
2836.0 1468.0
2837.0 1468.0
2838.0 1468.0
2839.0 1468.0
2840.0 1468.0
2841.0 1468.0
2842.0 1468.0
2843.0 1468.0
2844.0 1468.0
2845.0 1467.0
2846.0 1466.0
2847.0 1465.0
2848.0 1464.0
2847.0 1464.0
2846.0 1464.0
2845.0 1464.0
2844.0 1464.0
2843.0 1463.0
2842.0 1462.0
2841.0 1461.0
2840.0 1460.0
2840.0 1459.0
2840.0 1458.0
2840.0 1457.0
2840.0 1456.0
2839.0 1455.0
2838.0 1454.0
2837.0 1453.0
2836.0 1452.0
2835.0 1451.0
2834.0 1450.0
2833.0 1449.0
2832.0 1448.0
2832.0 1447.0
2832.0 1446.0
2832.0 1445.0
2832.0 1444.0
2833.0 1443.0
2834.0 1442.0
2835.0 1441.0
2836.0 1440.0
2837.0 1439.0
2838.0 1438.0
2839.0 1437.0
2840.0 1436.0
2840.0 1435.0
2840.0 1434.0
2840.0 1433.0
2840.0 1432.0
2839.0 1431.0
2838.0 1430.0
2837.0 1429.0
2836.0 1428.0
2836.0 1427.0
2836.0 1426.0
2836.0 1425.0
2836.0 1424.0
2837.0 1423.0
2838.0 1422.0
2839.0 1421.0
2840.0 1420.0
2841.0 1419.0
2842.0 1418.0
2843.0 1417.0
2844.0 1416.0
2845.0 1416.0
2846.0 1416.0
2847.0 1416.0
2848.0 1416.0
2849.0 1416.0
2850.0 1416.0
2851.0 1416.0
2852.0 1416.0
2853.0 1416.0
2854.0 1416.0
2855.0 1416.0
2856.0 1416.0
2857.0 1417.0
2858.0 1418.0
2859.0 1419.0
2860.0 1420.0
2860.0 1421.0
2860.0 1422.0
2860.0 1423.0
2860.0 1424.0
2860.0 1425.0
2860.0 1426.0
2860.0 1427.0
2860.0 1428.0
2861.0 1428.0
2862.0 1428.0
2863.0 1428.0
2864.0 1428.0
2865.0 1428.0
2866.0 1428.0
2867.0 1428.0
2868.0 1428.0
2869.0 1428.0
2870.0 1428.0
2871.0 1428.0
2872.0 1428.0
2873.0 1428.0
2874.0 1428.0
2875.0 1428.0
2876.0 1428.0
2877.0 1428.0
2878.0 1428.0
2879.0 1428.0
2880.0 1428.0
2881.0 1428.0
2882.0 1428.0
2883.0 1428.0
2884.0 1428.0
2885.0 1428.0
2886.0 1428.0
2887.0 1428.0
2888.0 1428.0
2889.0 1429.0
2890.0 1430.0
2891.0 1431.0
2892.0 1432.0
2893.0 1432.0
2894.0 1432.0
2895.0 1432.0
2896.0 1432.0
2897.0 1432.0
2898.0 1432.0
2899.0 1432.0
2900.0 1432.0
2901.0 1431.0
2902.0 1430.0
2903.0 1429.0
2904.0 1428.0
2905.0 1429.0
2906.0 1430.0
2907.0 1431.0
2908.0 1432.0
2907.0 1431.0
2906.0 1430.0
2905.0 1429.0
2904.0 1428.0
2903.0 1428.0
2902.0 1428.0
2901.0 1428.0
2900.0 1428.0
2899.0 1427.0
2898.0 1426.0
2897.0 1425.0
2896.0 1424.0
2895.0 1423.0
2894.0 1422.0
2893.0 1421.0
2892.0 1420.0
2892.0 1419.0
2892.0 1418.0
2892.0 1417.0
2892.0 1416.0
2892.0 1417.0
2892.0 1418.0
2892.0 1419.0
2892.0 1420.0
2891.0 1421.0
2890.0 1422.0
2889.0 1423.0
2888.0 1424.0
2887.0 1423.0
2886.0 1422.0
2885.0 1421.0
2884.0 1420.0
2884.0 1419.0
2884.0 1418.0
2884.0 1417.0
2884.0 1416.0
2884.0 1415.0
2884.0 1414.0
2884.0 1413.0
2884.0 1412.0
2884.0 1411.0
2884.0 1410.0
2884.0 1409.0
2884.0 1408.0
2885.0 1407.0
2886.0 1406.0
2887.0 1405.0
2888.0 1404.0
2889.0 1404.0
2890.0 1404.0
2891.0 1404.0
2892.0 1404.0
2893.0 1404.0
2894.0 1404.0
2895.0 1404.0
2896.0 1404.0
2897.0 1404.0
2898.0 1404.0
2899.0 1404.0
2900.0 1404.0
2901.0 1404.0
2902.0 1404.0
2903.0 1404.0
2904.0 1404.0
2905.0 1405.0
2906.0 1406.0
2907.0 1407.0
2908.0 1408.0
2909.0 1407.0
2910.0 1406.0
2911.0 1405.0
2912.0 1404.0
2913.0 1403.0
2914.0 1402.0
2915.0 1401.0
2916.0 1400.0
2917.0 1400.0
2918.0 1400.0
2919.0 1400.0
2920.0 1400.0
2921.0 1400.0
2922.0 1400.0
2923.0 1400.0
2924.0 1400.0
2925.0 1400.0
2926.0 1400.0
2927.0 1400.0
2928.0 1400.0
2929.0 1399.0
2930.0 1398.0
2931.0 1397.0
2932.0 1396.0
2933.0 1396.0
2934.0 1396.0
2935.0 1396.0
2936.0 1396.0
2937.0 1396.0
2938.0 1396.0
2939.0 1396.0
2940.0 1396.0
2941.0 1395.0
2942.0 1394.0
2943.0 1393.0
2944.0 1392.0
2945.0 1392.0
2946.0 1392.0
2947.0 1392.0
2948.0 1392.0
2949.0 1392.0
2950.0 1392.0
2951.0 1392.0
2952.0 1392.0
2953.0 1393.0
2954.0 1394.0
2955.0 1395.0
2956.0 1396.0
2957.0 1395.0
2958.0 1394.0
2959.0 1393.0
2960.0 1392.0
2961.0 1392.0
2962.0 1392.0
2963.0 1392.0
2964.0 1392.0
2965.0 1392.0
2966.0 1392.0
2967.0 1392.0
2968.0 1392.0
2969.0 1393.0
2970.0 1394.0
2971.0 1395.0
2972.0 1396.0
2973.0 1396.0
2974.0 1396.0
2975.0 1396.0
2976.0 1396.0
2976.0 1395.0
2976.0 1394.0
2976.0 1393.0
2976.0 1392.0
2977.0 1391.0
2978.0 1390.0
2979.0 1389.0
2980.0 1388.0
2981.0 1387.0
2982.0 1386.0
2983.0 1385.0
2984.0 1384.0
2985.0 1384.0
2986.0 1384.0
2987.0 1384.0
2988.0 1384.0
2989.0 1383.0
2990.0 1382.0
2991.0 1381.0
2992.0 1380.0
2993.0 1381.0
2994.0 1382.0
2995.0 1383.0
2996.0 1384.0
2997.0 1383.0
2998.0 1382.0
2999.0 1381.0
3000.0 1380.0
3001.0 1380.0
3002.0 1380.0
3003.0 1380.0
3004.0 1380.0
3005.0 1381.0
3006.0 1382.0
3007.0 1383.0
3008.0 1384.0
3008.0 1385.0
3008.0 1386.0
3008.0 1387.0
3008.0 1388.0
3009.0 1388.0
3010.0 1388.0
3011.0 1388.0
3012.0 1388.0
3013.0 1389.0
3014.0 1390.0
3015.0 1391.0
3016.0 1392.0
3017.0 1392.0
3018.0 1392.0
3019.0 1392.0
3020.0 1392.0
3021.0 1393.0
3022.0 1394.0
3023.0 1395.0
3024.0 1396.0
3024.0 1397.0
3024.0 1398.0
3024.0 1399.0
3024.0 1400.0
3025.0 1400.0
3026.0 1400.0
3027.0 1400.0
3028.0 1400.0
3029.0 1400.0
3030.0 1400.0
3031.0 1400.0
3032.0 1400.0
3033.0 1401.0
3034.0 1402.0
3035.0 1403.0
3036.0 1404.0
3037.0 1404.0
3038.0 1404.0
3039.0 1404.0
3040.0 1404.0
3041.0 1403.0
3042.0 1402.0
3043.0 1401.0
3044.0 1400.0
3045.0 1399.0
3046.0 1398.0
3047.0 1397.0
3048.0 1396.0
3049.0 1396.0
3050.0 1396.0
3051.0 1396.0
3052.0 1396.0
3053.0 1395.0
3054.0 1394.0
3055.0 1393.0
3056.0 1392.0
3057.0 1393.0
3058.0 1394.0
3059.0 1395.0
3060.0 1396.0
3060.0 1397.0
3060.0 1398.0
3060.0 1399.0
3060.0 1400.0
3061.0 1400.0
3062.0 1400.0
3063.0 1400.0
3064.0 1400.0
3065.0 1401.0
3066.0 1402.0
3067.0 1403.0
3068.0 1404.0
3068.0 1405.0
3068.0 1406.0
3068.0 1407.0
3068.0 1408.0
3069.0 1408.0
3070.0 1408.0
3071.0 1408.0
3072.0 1408.0
3073.0 1408.0
3074.0 1408.0
3075.0 1408.0
3076.0 1408.0
3077.0 1409.0
3078.0 1410.0
3079.0 1411.0
3080.0 1412.0
3081.0 1412.0
3082.0 1412.0
3083.0 1412.0
3084.0 1412.0
3085.0 1411.0
3086.0 1410.0
3087.0 1409.0
3088.0 1408.0
3089.0 1407.0
3090.0 1406.0
3091.0 1405.0
3092.0 1404.0
3093.0 1404.0
3094.0 1404.0
3095.0 1404.0
3096.0 1404.0
3097.0 1405.0
3098.0 1406.0
3099.0 1407.0
3100.0 1408.0
3099.0 1409.0
3098.0 1410.0
3097.0 1411.0
3096.0 1412.0
3096.0 1413.0
3096.0 1414.0
3096.0 1415.0
3096.0 1416.0
3097.0 1417.0
3098.0 1418.0
3099.0 1419.0
3100.0 1420.0
3101.0 1420.0
3102.0 1420.0
3103.0 1420.0
3104.0 1420.0
3105.0 1420.0
3106.0 1420.0
3107.0 1420.0
3108.0 1420.0
3108.0 1419.0
3108.0 1418.0
3108.0 1417.0
3108.0 1416.0
3109.0 1415.0
3110.0 1414.0
3111.0 1413.0
3112.0 1412.0
3113.0 1412.0
3114.0 1412.0
3115.0 1412.0
3116.0 1412.0
3117.0 1412.0
3118.0 1412.0
3119.0 1412.0
3120.0 1412.0
3121.0 1411.0
3122.0 1410.0
3123.0 1409.0
3124.0 1408.0
3123.0 1407.0
3122.0 1406.0
3121.0 1405.0
3120.0 1404.0
3119.0 1404.0
3118.0 1404.0
3117.0 1404.0
3116.0 1404.0
3115.0 1403.0
3114.0 1402.0
3113.0 1401.0
3112.0 1400.0
3113.0 1399.0
3114.0 1398.0
3115.0 1397.0
3116.0 1396.0
3117.0 1396.0
3118.0 1396.0
3119.0 1396.0
3120.0 1396.0
3119.0 1395.0
3118.0 1394.0
3117.0 1393.0
3116.0 1392.0
3117.0 1391.0
3118.0 1390.0
3119.0 1389.0
3120.0 1388.0
3121.0 1387.0
3122.0 1386.0
3123.0 1385.0
3124.0 1384.0
3125.0 1385.0
3126.0 1386.0
3127.0 1387.0
3128.0 1388.0
3129.0 1388.0
3130.0 1388.0
3131.0 1388.0
3132.0 1388.0
3133.0 1388.0
3134.0 1388.0
3135.0 1388.0
3136.0 1388.0
3137.0 1387.0
3138.0 1386.0
3139.0 1385.0
3140.0 1384.0
3141.0 1384.0
3142.0 1384.0
3143.0 1384.0
3144.0 1384.0
3145.0 1385.0
3146.0 1386.0
3147.0 1387.0
3148.0 1388.0
3149.0 1388.0
3150.0 1388.0
3151.0 1388.0
3152.0 1388.0
3153.0 1388.0
3154.0 1388.0
3155.0 1388.0
3156.0 1388.0
3157.0 1389.0
3158.0 1390.0
3159.0 1391.0
3160.0 1392.0
3161.0 1393.0
3162.0 1394.0
3163.0 1395.0
3164.0 1396.0
3165.0 1397.0
3166.0 1398.0
3167.0 1399.0
3168.0 1400.0
3167.0 1399.0
3166.0 1398.0
3165.0 1397.0
3164.0 1396.0
3165.0 1395.0
3166.0 1394.0
3167.0 1393.0
3168.0 1392.0
3169.0 1391.0
3170.0 1390.0
3171.0 1389.0
3172.0 1388.0
3173.0 1387.0
3174.0 1386.0
3175.0 1385.0
3176.0 1384.0
3177.0 1384.0
3178.0 1384.0
3179.0 1384.0
3180.0 1384.0
3181.0 1384.0
3182.0 1384.0
3183.0 1384.0
3184.0 1384.0
3185.0 1384.0
3186.0 1384.0
3187.0 1384.0
3188.0 1384.0
3189.0 1385.0
3190.0 1386.0
3191.0 1387.0
3192.0 1388.0
3193.0 1388.0
3194.0 1388.0
3195.0 1388.0
3196.0 1388.0
3197.0 1389.0
3198.0 1390.0
3199.0 1391.0
3200.0 1392.0
3201.0 1391.0
3202.0 1390.0
3203.0 1389.0
3204.0 1388.0
3205.0 1388.0
3206.0 1388.0
3207.0 1388.0
3208.0 1388.0
3209.0 1388.0
3210.0 1388.0
3211.0 1388.0
3212.0 1388.0
3213.0 1388.0
3214.0 1388.0
3215.0 1388.0
3216.0 1388.0
3217.0 1389.0
3218.0 1390.0
3219.0 1391.0
3220.0 1392.0
3221.0 1392.0
3222.0 1392.0
3223.0 1392.0
3224.0 1392.0
3225.0 1391.0
3226.0 1390.0
3227.0 1389.0
3228.0 1388.0
3229.0 1387.0
3230.0 1386.0
3231.0 1385.0
3232.0 1384.0
3233.0 1384.0
3234.0 1384.0
3235.0 1384.0
3236.0 1384.0
3237.0 1385.0
3238.0 1386.0
3239.0 1387.0
3240.0 1388.0
3241.0 1388.0
3242.0 1388.0
3243.0 1388.0
3244.0 1388.0
3245.0 1388.0
3246.0 1388.0
3247.0 1388.0
3248.0 1388.0
3247.0 1387.0
3246.0 1386.0
3245.0 1385.0
3244.0 1384.0
3243.0 1383.0
3242.0 1382.0
3241.0 1381.0
3240.0 1380.0
3239.0 1380.0
3238.0 1380.0
3237.0 1380.0
3236.0 1380.0
3235.0 1379.0
3234.0 1378.0
3233.0 1377.0
3232.0 1376.0
3232.0 1375.0
3232.0 1374.0
3232.0 1373.0
3232.0 1372.0
3231.0 1372.0
3230.0 1372.0
3229.0 1372.0
3228.0 1372.0
3227.0 1371.0
3226.0 1370.0
3225.0 1369.0
3224.0 1368.0
3223.0 1367.0
3222.0 1366.0
3221.0 1365.0
3220.0 1364.0
3219.0 1363.0
3218.0 1362.0
3217.0 1361.0
3216.0 1360.0
3215.0 1359.0
3214.0 1358.0
3213.0 1357.0
3212.0 1356.0
3211.0 1355.0
3210.0 1354.0
3209.0 1353.0
3208.0 1352.0
3209.0 1351.0
3210.0 1350.0
3211.0 1349.0
3212.0 1348.0
3213.0 1347.0
3214.0 1346.0
3215.0 1345.0
3216.0 1344.0
3216.0 1343.0
3216.0 1342.0
3216.0 1341.0
3216.0 1340.0
3217.0 1339.0
3218.0 1338.0
3219.0 1337.0
3220.0 1336.0
3221.0 1336.0
3222.0 1336.0
3223.0 1336.0
3224.0 1336.0
3225.0 1336.0
3226.0 1336.0
3227.0 1336.0
3228.0 1336.0
3229.0 1336.0
3230.0 1336.0
3231.0 1336.0
3232.0 1336.0
3232.0 1335.0
3232.0 1334.0
3232.0 1333.0
3232.0 1332.0
3231.0 1331.0
3230.0 1330.0
3229.0 1329.0
3228.0 1328.0
3227.0 1328.0
3226.0 1328.0
3225.0 1328.0
3224.0 1328.0
3224.0 1329.0
3224.0 1330.0
3224.0 1331.0
3224.0 1332.0
3223.0 1333.0
3222.0 1334.0
3221.0 1335.0
3220.0 1336.0
3219.0 1337.0
3218.0 1338.0
3217.0 1339.0
3216.0 1340.0
3215.0 1339.0
3214.0 1338.0
3213.0 1337.0
3212.0 1336.0
3211.0 1336.0
3210.0 1336.0
3209.0 1336.0
3208.0 1336.0
3207.0 1336.0
3206.0 1336.0
3205.0 1336.0
3204.0 1336.0
3203.0 1336.0
3202.0 1336.0
3201.0 1336.0
3200.0 1336.0
3199.0 1336.0
3198.0 1336.0
3197.0 1336.0
3196.0 1336.0
3195.0 1337.0
3194.0 1338.0
3193.0 1339.0
3192.0 1340.0
3191.0 1340.0
3190.0 1340.0
3189.0 1340.0
3188.0 1340.0
3187.0 1339.0
3186.0 1338.0
3185.0 1337.0
3184.0 1336.0
3185.0 1335.0
3186.0 1334.0
3187.0 1333.0
3188.0 1332.0
3188.0 1331.0
3188.0 1330.0
3188.0 1329.0
3188.0 1328.0
3188.0 1327.0
3188.0 1326.0
3188.0 1325.0
3188.0 1324.0
3189.0 1323.0
3190.0 1322.0
3191.0 1321.0
3192.0 1320.0
3191.0 1319.0
3190.0 1318.0
3189.0 1317.0
3188.0 1316.0
3189.0 1315.0
3190.0 1314.0
3191.0 1313.0
3192.0 1312.0
3193.0 1312.0
3194.0 1312.0
3195.0 1312.0
3196.0 1312.0
3197.0 1313.0
3198.0 1314.0
3199.0 1315.0
3200.0 1316.0
3200.0 1317.0
3200.0 1318.0
3200.0 1319.0
3200.0 1320.0
3201.0 1320.0
3202.0 1320.0
3203.0 1320.0
3204.0 1320.0
3205.0 1320.0
3206.0 1320.0
3207.0 1320.0
3208.0 1320.0
3209.0 1320.0
3210.0 1320.0
3211.0 1320.0
3212.0 1320.0
3213.0 1320.0
3214.0 1320.0
3215.0 1320.0
3216.0 1320.0
3217.0 1320.0
3218.0 1320.0
3219.0 1320.0
3220.0 1320.0
3221.0 1320.0
3222.0 1320.0
3223.0 1320.0
3224.0 1320.0
3225.0 1320.0
3226.0 1320.0
3227.0 1320.0
3228.0 1320.0
3229.0 1320.0
3230.0 1320.0
3231.0 1320.0
3232.0 1320.0
3233.0 1320.0
3234.0 1320.0
3235.0 1320.0
3236.0 1320.0
3236.0 1319.0
3236.0 1318.0
3236.0 1317.0
3236.0 1316.0
3235.0 1315.0
3234.0 1314.0
3233.0 1313.0
3232.0 1312.0
3232.0 1311.0
3232.0 1310.0
3232.0 1309.0
3232.0 1308.0
3231.0 1307.0
3230.0 1306.0
3229.0 1305.0
3228.0 1304.0
3227.0 1304.0
3226.0 1304.0
3225.0 1304.0
3224.0 1304.0
3223.0 1304.0
3222.0 1304.0
3221.0 1304.0
3220.0 1304.0
3219.0 1303.0
3218.0 1302.0
3217.0 1301.0
3216.0 1300.0
3215.0 1301.0
3214.0 1302.0
3213.0 1303.0
3212.0 1304.0
3211.0 1305.0
3210.0 1306.0
3209.0 1307.0
3208.0 1308.0
3207.0 1308.0
3206.0 1308.0
3205.0 1308.0
3204.0 1308.0
3203.0 1307.0
3202.0 1306.0
3201.0 1305.0
3200.0 1304.0
3201.0 1303.0
3202.0 1302.0
3203.0 1301.0
3204.0 1300.0
3204.0 1299.0
3204.0 1298.0
3204.0 1297.0
3204.0 1296.0
3204.0 1295.0
3204.0 1294.0
3204.0 1293.0
3204.0 1292.0
3203.0 1291.0
3202.0 1290.0
3201.0 1289.0
3200.0 1288.0
3200.0 1287.0
3200.0 1286.0
3200.0 1285.0
3200.0 1284.0
3201.0 1283.0
3202.0 1282.0
3203.0 1281.0
3204.0 1280.0
3205.0 1280.0
3206.0 1280.0
3207.0 1280.0
3208.0 1280.0
3209.0 1281.0
3210.0 1282.0
3211.0 1283.0
3212.0 1284.0
3213.0 1284.0
3214.0 1284.0
3215.0 1284.0
3216.0 1284.0
3217.0 1285.0
3218.0 1286.0
3219.0 1287.0
3220.0 1288.0
3220.0 1289.0
3220.0 1290.0
3220.0 1291.0
3220.0 1292.0
3221.0 1292.0
3222.0 1292.0
3223.0 1292.0
3224.0 1292.0
3225.0 1291.0
3226.0 1290.0
3227.0 1289.0
3228.0 1288.0
3229.0 1288.0
3230.0 1288.0
3231.0 1288.0
3232.0 1288.0
3233.0 1289.0
3234.0 1290.0
3235.0 1291.0
3236.0 1292.0
3237.0 1292.0
3238.0 1292.0
3239.0 1292.0
3240.0 1292.0
3239.0 1291.0
3238.0 1290.0
3237.0 1289.0
3236.0 1288.0
3236.0 1287.0
3236.0 1286.0
3236.0 1285.0
3236.0 1284.0
3235.0 1283.0
3234.0 1282.0
3233.0 1281.0
3232.0 1280.0
3232.0 1279.0
3232.0 1278.0
3232.0 1277.0
3232.0 1276.0
3231.0 1277.0
3230.0 1278.0
3229.0 1279.0
3228.0 1280.0
3227.0 1279.0
3226.0 1278.0
3225.0 1277.0
3224.0 1276.0
3223.0 1275.0
3222.0 1274.0
3221.0 1273.0
3220.0 1272.0
3219.0 1271.0
3218.0 1270.0
3217.0 1269.0
3216.0 1268.0
3217.0 1267.0
3218.0 1266.0
3219.0 1265.0
3220.0 1264.0
3220.0 1263.0
3220.0 1262.0
3220.0 1261.0
3220.0 1260.0
3219.0 1260.0
3218.0 1260.0
3217.0 1260.0
3216.0 1260.0
3215.0 1260.0
3214.0 1260.0
3213.0 1260.0
3212.0 1260.0
3211.0 1259.0
3210.0 1258.0
3209.0 1257.0
3208.0 1256.0
3208.0 1255.0
3208.0 1254.0
3208.0 1253.0
3208.0 1252.0
3207.0 1252.0
3206.0 1252.0
3205.0 1252.0
3204.0 1252.0
3203.0 1251.0
3202.0 1250.0
3201.0 1249.0
3200.0 1248.0
3199.0 1249.0
3198.0 1250.0
3197.0 1251.0
3196.0 1252.0
3195.0 1251.0
3194.0 1250.0
3193.0 1249.0
3192.0 1248.0
3191.0 1247.0
3190.0 1246.0
3189.0 1245.0
3188.0 1244.0
3187.0 1243.0
3186.0 1242.0
3185.0 1241.0
3184.0 1240.0
3183.0 1241.0
3182.0 1242.0
3181.0 1243.0
3180.0 1244.0
3179.0 1243.0
3178.0 1242.0
3177.0 1241.0
3176.0 1240.0
3176.0 1239.0
3176.0 1238.0
3176.0 1237.0
3176.0 1236.0
3175.0 1235.0
3174.0 1234.0
3173.0 1233.0
3172.0 1232.0
3171.0 1232.0
3170.0 1232.0
3169.0 1232.0
3168.0 1232.0
3167.0 1232.0
3166.0 1232.0
3165.0 1232.0
3164.0 1232.0
3163.0 1231.0
3162.0 1230.0
3161.0 1229.0
3160.0 1228.0
3160.0 1227.0
3160.0 1226.0
3160.0 1225.0
3160.0 1224.0
3159.0 1224.0
3158.0 1224.0
3157.0 1224.0
3156.0 1224.0
3155.0 1224.0
3154.0 1224.0
3153.0 1224.0
3152.0 1224.0
3151.0 1223.0
3150.0 1222.0
3149.0 1221.0
3148.0 1220.0
3147.0 1220.0
3146.0 1220.0
3145.0 1220.0
3144.0 1220.0
3143.0 1219.0
3142.0 1218.0
3141.0 1217.0
3140.0 1216.0
3140.0 1215.0
3140.0 1214.0
3140.0 1213.0
3140.0 1212.0
3139.0 1212.0
3138.0 1212.0
3137.0 1212.0
3136.0 1212.0
3135.0 1212.0
3134.0 1212.0
3133.0 1212.0
3132.0 1212.0
3131.0 1211.0
3130.0 1210.0
3129.0 1209.0
3128.0 1208.0
3127.0 1207.0
3126.0 1206.0
3125.0 1205.0
3124.0 1204.0
3123.0 1204.0
3122.0 1204.0
3121.0 1204.0
3120.0 1204.0
3121.0 1205.0
3122.0 1206.0
3123.0 1207.0
3124.0 1208.0
3125.0 1209.0
3126.0 1210.0
3127.0 1211.0
3128.0 1212.0
3128.0 1213.0
3128.0 1214.0
3128.0 1215.0
3128.0 1216.0
3128.0 1217.0
3128.0 1218.0
3128.0 1219.0
3128.0 1220.0
3128.0 1221.0
3128.0 1222.0
3128.0 1223.0
3128.0 1224.0
3128.0 1225.0
3128.0 1226.0
3128.0 1227.0
3128.0 1228.0
3128.0 1229.0
3128.0 1230.0
3128.0 1231.0
3128.0 1232.0
3127.0 1233.0
3126.0 1234.0
3125.0 1235.0
3124.0 1236.0
3125.0 1236.0
3126.0 1236.0
3127.0 1236.0
3128.0 1236.0
3129.0 1237.0
3130.0 1238.0
3131.0 1239.0
3132.0 1240.0
3133.0 1241.0
3134.0 1242.0
3135.0 1243.0
3136.0 1244.0
3136.0 1245.0
3136.0 1246.0
3136.0 1247.0
3136.0 1248.0
3136.0 1249.0
3136.0 1250.0
3136.0 1251.0
3136.0 1252.0
3135.0 1253.0
3134.0 1254.0
3133.0 1255.0
3132.0 1256.0
3131.0 1255.0
3130.0 1254.0
3129.0 1253.0
3128.0 1252.0
3127.0 1251.0
3126.0 1250.0
3125.0 1249.0
3124.0 1248.0
3123.0 1248.0
3122.0 1248.0
3121.0 1248.0
3120.0 1248.0
3121.0 1248.0
3122.0 1248.0
3123.0 1248.0
3124.0 1248.0
3125.0 1249.0
3126.0 1250.0
3127.0 1251.0
3128.0 1252.0
3128.0 1253.0
3128.0 1254.0
3128.0 1255.0
3128.0 1256.0
3128.0 1257.0
3128.0 1258.0
3128.0 1259.0
3128.0 1260.0
3128.0 1261.0
3128.0 1262.0
3128.0 1263.0
3128.0 1264.0
3128.0 1265.0
3128.0 1266.0
3128.0 1267.0
3128.0 1268.0
3127.0 1269.0
3126.0 1270.0
3125.0 1271.0
3124.0 1272.0
3123.0 1272.0
3122.0 1272.0
3121.0 1272.0
3120.0 1272.0
3119.0 1272.0
3118.0 1272.0
3117.0 1272.0
3116.0 1272.0
3115.0 1272.0
3114.0 1272.0
3113.0 1272.0
3112.0 1272.0
3111.0 1271.0
3110.0 1270.0
3109.0 1269.0
3108.0 1268.0
3107.0 1268.0
3106.0 1268.0
3105.0 1268.0
3104.0 1268.0
3103.0 1269.0
3102.0 1270.0
3101.0 1271.0
3100.0 1272.0
3099.0 1272.0
3098.0 1272.0
3097.0 1272.0
3096.0 1272.0
3095.0 1271.0
3094.0 1270.0
3093.0 1269.0
3092.0 1268.0
3091.0 1267.0
3090.0 1266.0
3089.0 1265.0
3088.0 1264.0
3087.0 1265.0
3086.0 1266.0
3085.0 1267.0
3084.0 1268.0
3083.0 1269.0
3082.0 1270.0
3081.0 1271.0
3080.0 1272.0
3079.0 1271.0
3078.0 1270.0
3077.0 1269.0
3076.0 1268.0
3075.0 1267.0
3074.0 1266.0
3073.0 1265.0
3072.0 1264.0
3071.0 1264.0
3070.0 1264.0
3069.0 1264.0
3068.0 1264.0
3067.0 1264.0
3066.0 1264.0
3065.0 1264.0
3064.0 1264.0
3063.0 1264.0
3062.0 1264.0
3061.0 1264.0
3060.0 1264.0
3059.0 1264.0
3058.0 1264.0
3057.0 1264.0
3056.0 1264.0
3055.0 1264.0
3054.0 1264.0
3053.0 1264.0
3052.0 1264.0
3051.0 1263.0
3050.0 1262.0
3049.0 1261.0
3048.0 1260.0
3047.0 1259.0
3046.0 1258.0
3045.0 1257.0
3044.0 1256.0
3043.0 1255.0
3042.0 1254.0
3041.0 1253.0
3040.0 1252.0
3039.0 1252.0
3038.0 1252.0
3037.0 1252.0
3036.0 1252.0
3035.0 1251.0
3034.0 1250.0
3033.0 1249.0
3032.0 1248.0
3031.0 1247.0
3030.0 1246.0
3029.0 1245.0
3028.0 1244.0
3028.0 1243.0
3028.0 1242.0
3028.0 1241.0
3028.0 1240.0
3027.0 1241.0
3026.0 1242.0
3025.0 1243.0
3024.0 1244.0
3023.0 1244.0
3022.0 1244.0
3021.0 1244.0
3020.0 1244.0
3019.0 1245.0
3018.0 1246.0
3017.0 1247.0
3016.0 1248.0
3015.0 1248.0
3014.0 1248.0
3013.0 1248.0
3012.0 1248.0
3011.0 1249.0
3010.0 1250.0
3009.0 1251.0
3008.0 1252.0
3007.0 1252.0
3006.0 1252.0
3005.0 1252.0
3004.0 1252.0
3003.0 1251.0
3002.0 1250.0
3001.0 1249.0
3000.0 1248.0
2999.0 1247.0
2998.0 1246.0
2997.0 1245.0
2996.0 1244.0
2996.0 1243.0
2996.0 1242.0
2996.0 1241.0
2996.0 1240.0
2995.0 1239.0
2994.0 1238.0
2993.0 1237.0
2992.0 1236.0
2992.0 1235.0
2992.0 1234.0
2992.0 1233.0
2992.0 1232.0
2991.0 1232.0
2990.0 1232.0
2989.0 1232.0
2988.0 1232.0
2987.0 1232.0
2986.0 1232.0
2985.0 1232.0
2984.0 1232.0
2983.0 1232.0
2982.0 1232.0
2981.0 1232.0
2980.0 1232.0
2979.0 1232.0
2978.0 1232.0
2977.0 1232.0
2976.0 1232.0
2976.0 1233.0
2976.0 1234.0
2976.0 1235.0
2976.0 1236.0
2976.0 1237.0
2976.0 1238.0
2976.0 1239.0
2976.0 1240.0
2975.0 1241.0
2974.0 1242.0
2973.0 1243.0
2972.0 1244.0
2972.0 1245.0
2972.0 1246.0
2972.0 1247.0
2972.0 1248.0
2972.0 1249.0
2972.0 1250.0
2972.0 1251.0
2972.0 1252.0
2973.0 1253.0
2974.0 1254.0
2975.0 1255.0
2976.0 1256.0
2977.0 1257.0
2978.0 1258.0
2979.0 1259.0
2980.0 1260.0
2980.0 1261.0
2980.0 1262.0
2980.0 1263.0
2980.0 1264.0
2981.0 1265.0
2982.0 1266.0
2983.0 1267.0
2984.0 1268.0
2985.0 1268.0
2986.0 1268.0
2987.0 1268.0
2988.0 1268.0
2989.0 1268.0
2990.0 1268.0
2991.0 1268.0
2992.0 1268.0
2993.0 1269.0
2994.0 1270.0
2995.0 1271.0
2996.0 1272.0
2996.0 1273.0
2996.0 1274.0
2996.0 1275.0
2996.0 1276.0
2995.0 1277.0
2994.0 1278.0
2993.0 1279.0
2992.0 1280.0
2991.0 1280.0
2990.0 1280.0
2989.0 1280.0
2988.0 1280.0
2987.0 1279.0
2986.0 1278.0
2985.0 1277.0
2984.0 1276.0
2983.0 1276.0
2982.0 1276.0
2981.0 1276.0
2980.0 1276.0
2979.0 1276.0
2978.0 1276.0
2977.0 1276.0
2976.0 1276.0
2977.0 1277.0
2978.0 1278.0
2979.0 1279.0
2980.0 1280.0
2981.0 1280.0
2982.0 1280.0
2983.0 1280.0
2984.0 1280.0
2985.0 1281.0
2986.0 1282.0
2987.0 1283.0
2988.0 1284.0
2989.0 1283.0
2990.0 1282.0
2991.0 1281.0
2992.0 1280.0
2993.0 1281.0
2994.0 1282.0
2995.0 1283.0
2996.0 1284.0
2997.0 1285.0
2998.0 1286.0
2999.0 1287.0
3000.0 1288.0
3001.0 1289.0
3002.0 1290.0
3003.0 1291.0
3004.0 1292.0
3004.0 1293.0
3004.0 1294.0
3004.0 1295.0
3004.0 1296.0
3005.0 1296.0
3006.0 1296.0
3007.0 1296.0
3008.0 1296.0
3009.0 1295.0
3010.0 1294.0
3011.0 1293.0
3012.0 1292.0
3013.0 1292.0
3014.0 1292.0
3015.0 1292.0
3016.0 1292.0
3017.0 1293.0
3018.0 1294.0
3019.0 1295.0
3020.0 1296.0
3019.0 1297.0
3018.0 1298.0
3017.0 1299.0
3016.0 1300.0
3016.0 1301.0
3016.0 1302.0
3016.0 1303.0
3016.0 1304.0
3015.0 1305.0
3014.0 1306.0
3013.0 1307.0
3012.0 1308.0
3012.0 1309.0
3012.0 1310.0
3012.0 1311.0
3012.0 1312.0
3011.0 1313.0
3010.0 1314.0
3009.0 1315.0
3008.0 1316.0
3009.0 1317.0
3010.0 1318.0
3011.0 1319.0
3012.0 1320.0
3012.0 1321.0
3012.0 1322.0
3012.0 1323.0
3012.0 1324.0
3012.0 1325.0
3012.0 1326.0
3012.0 1327.0
3012.0 1328.0
3013.0 1329.0
3014.0 1330.0
3015.0 1331.0
3016.0 1332.0
3016.0 1333.0
3016.0 1334.0
3016.0 1335.0
3016.0 1336.0
3015.0 1337.0
3014.0 1338.0
3013.0 1339.0
3012.0 1340.0
3011.0 1340.0
3010.0 1340.0
3009.0 1340.0
3008.0 1340.0
3007.0 1340.0
3006.0 1340.0
3005.0 1340.0
3004.0 1340.0
3003.0 1340.0
3002.0 1340.0
3001.0 1340.0
3000.0 1340.0
3000.0 1341.0
3000.0 1342.0
3000.0 1343.0
3000.0 1344.0
2999.0 1345.0
2998.0 1346.0
2997.0 1347.0
2996.0 1348.0
2996.0 1349.0
2996.0 1350.0
2996.0 1351.0
2996.0 1352.0
2995.0 1353.0
2994.0 1354.0
2993.0 1355.0
2992.0 1356.0
2991.0 1357.0
2990.0 1358.0
2989.0 1359.0
2988.0 1360.0
2987.0 1359.0
2986.0 1358.0
2985.0 1357.0
2984.0 1356.0
2983.0 1356.0
2982.0 1356.0
2981.0 1356.0
2980.0 1356.0
2979.0 1357.0
2978.0 1358.0
2977.0 1359.0
2976.0 1360.0
2975.0 1359.0
2974.0 1358.0
2973.0 1357.0
2972.0 1356.0
2971.0 1356.0
2970.0 1356.0
2969.0 1356.0
2968.0 1356.0
2967.0 1356.0
2966.0 1356.0
2965.0 1356.0
2964.0 1356.0
2963.0 1356.0
2962.0 1356.0
2961.0 1356.0
2960.0 1356.0
2959.0 1356.0
2958.0 1356.0
2957.0 1356.0
2956.0 1356.0
2955.0 1356.0
2954.0 1356.0
2953.0 1356.0
2952.0 1356.0
2951.0 1357.0
2950.0 1358.0
2949.0 1359.0
2948.0 1360.0
2947.0 1361.0
2946.0 1362.0
2945.0 1363.0
2944.0 1364.0
2943.0 1363.0
2942.0 1362.0
2941.0 1361.0
2940.0 1360.0
2940.0 1359.0
2940.0 1358.0
2940.0 1357.0
2940.0 1356.0
2940.0 1355.0
2940.0 1354.0
2940.0 1353.0
2940.0 1352.0
2939.0 1352.0
2938.0 1352.0
2937.0 1352.0
2936.0 1352.0
2935.0 1351.0
2934.0 1350.0
2933.0 1349.0
2932.0 1348.0
2931.0 1347.0
2930.0 1346.0
2929.0 1345.0
2928.0 1344.0
2927.0 1344.0
2926.0 1344.0
2925.0 1344.0
2924.0 1344.0
2923.0 1344.0
2922.0 1344.0
2921.0 1344.0
2920.0 1344.0
2921.0 1345.0
2922.0 1346.0
2923.0 1347.0
2924.0 1348.0
2924.0 1349.0
2924.0 1350.0
2924.0 1351.0
2924.0 1352.0
2925.0 1353.0
2926.0 1354.0
2927.0 1355.0
2928.0 1356.0
2929.0 1356.0
2930.0 1356.0
2931.0 1356.0
2932.0 1356.0
2933.0 1357.0
2934.0 1358.0
2935.0 1359.0
2936.0 1360.0
2937.0 1360.0
2938.0 1360.0
2939.0 1360.0
2940.0 1360.0
2941.0 1361.0
2942.0 1362.0
2943.0 1363.0
2944.0 1364.0
2943.0 1365.0
2942.0 1366.0
2941.0 1367.0
2940.0 1368.0
2939.0 1368.0
2938.0 1368.0
2937.0 1368.0
2936.0 1368.0
2935.0 1368.0
2934.0 1368.0
2933.0 1368.0
2932.0 1368.0
2931.0 1369.0
2930.0 1370.0
2929.0 1371.0
2928.0 1372.0
2927.0 1371.0
2926.0 1370.0
2925.0 1369.0
2924.0 1368.0
2923.0 1368.0
2922.0 1368.0
2921.0 1368.0
2920.0 1368.0
2919.0 1369.0
2918.0 1370.0
2917.0 1371.0
2916.0 1372.0
2915.0 1372.0
2914.0 1372.0
2913.0 1372.0
2912.0 1372.0
2911.0 1372.0
2910.0 1372.0
2909.0 1372.0
2908.0 1372.0
2909.0 1373.0
2910.0 1374.0
2911.0 1375.0
2912.0 1376.0
2913.0 1377.0
2914.0 1378.0
2915.0 1379.0
2916.0 1380.0
2916.0 1381.0
2916.0 1382.0
2916.0 1383.0
2916.0 1384.0
2915.0 1385.0
2914.0 1386.0
2913.0 1387.0
2912.0 1388.0
2911.0 1388.0
2910.0 1388.0
2909.0 1388.0
2908.0 1388.0
2907.0 1388.0
2906.0 1388.0
2905.0 1388.0
2904.0 1388.0
2903.0 1388.0
2902.0 1388.0
2901.0 1388.0
2900.0 1388.0
2899.0 1387.0
2898.0 1386.0
2897.0 1385.0
2896.0 1384.0
2896.0 1383.0
2896.0 1382.0
2896.0 1381.0
2896.0 1380.0
2896.0 1379.0
2896.0 1378.0
2896.0 1377.0
2896.0 1376.0
2896.0 1375.0
2896.0 1374.0
2896.0 1373.0
2896.0 1372.0
2895.0 1372.0
2894.0 1372.0
2893.0 1372.0
2892.0 1372.0
2891.0 1372.0
2890.0 1372.0
2889.0 1372.0
2888.0 1372.0
2887.0 1371.0
2886.0 1370.0
2885.0 1369.0
2884.0 1368.0
2883.0 1369.0
2882.0 1370.0
2881.0 1371.0
2880.0 1372.0
2879.0 1372.0
2878.0 1372.0
2877.0 1372.0
2876.0 1372.0
2875.0 1371.0
2874.0 1370.0
2873.0 1369.0
2872.0 1368.0
2871.0 1369.0
2870.0 1370.0
2869.0 1371.0
2868.0 1372.0
2867.0 1372.0
2866.0 1372.0
2865.0 1372.0
2864.0 1372.0
2863.0 1373.0
2862.0 1374.0
2861.0 1375.0
2860.0 1376.0
2859.0 1375.0
2858.0 1374.0
2857.0 1373.0
2856.0 1372.0
2855.0 1372.0
2854.0 1372.0
2853.0 1372.0
2852.0 1372.0
2851.0 1372.0
2850.0 1372.0
2849.0 1372.0
2848.0 1372.0
2847.0 1372.0
2846.0 1372.0
2845.0 1372.0
2844.0 1372.0
2843.0 1372.0
2842.0 1372.0
2841.0 1372.0
2840.0 1372.0
2839.0 1372.0
2838.0 1372.0
2837.0 1372.0
2836.0 1372.0
2835.0 1372.0
2834.0 1372.0
2833.0 1372.0
2832.0 1372.0
2831.0 1372.0
2830.0 1372.0
2829.0 1372.0
2828.0 1372.0
2827.0 1372.0
2826.0 1372.0
2825.0 1372.0
2824.0 1372.0
2823.0 1372.0
2822.0 1372.0
2821.0 1372.0
2820.0 1372.0
2819.0 1371.0
2818.0 1370.0
2817.0 1369.0
2816.0 1368.0
2815.0 1367.0
2814.0 1366.0
2813.0 1365.0
2812.0 1364.0
2812.0 1363.0
2812.0 1362.0
2812.0 1361.0
2812.0 1360.0
2812.0 1359.0
2812.0 1358.0
2812.0 1357.0
2812.0 1356.0
2811.0 1355.0
2810.0 1354.0
2809.0 1353.0
2808.0 1352.0
2807.0 1352.0
2806.0 1352.0
2805.0 1352.0
2804.0 1352.0
2803.0 1353.0
2802.0 1354.0
2801.0 1355.0
2800.0 1356.0
2799.0 1356.0
2798.0 1356.0
2797.0 1356.0
2796.0 1356.0
2795.0 1356.0
2794.0 1356.0
2793.0 1356.0
2792.0 1356.0
2792.0 1357.0
2792.0 1358.0
2792.0 1359.0
2792.0 1360.0
2792.0 1361.0
2792.0 1362.0
2792.0 1363.0
2792.0 1364.0
2793.0 1363.0
2794.0 1362.0
2795.0 1361.0
2796.0 1360.0
2797.0 1361.0
2798.0 1362.0
2799.0 1363.0
2800.0 1364.0
2801.0 1364.0
2802.0 1364.0
2803.0 1364.0
2804.0 1364.0
2805.0 1365.0
2806.0 1366.0
2807.0 1367.0
2808.0 1368.0
2808.0 1369.0
2808.0 1370.0
2808.0 1371.0
2808.0 1372.0
2809.0 1373.0
2810.0 1374.0
2811.0 1375.0
2812.0 1376.0
2812.0 1377.0
2812.0 1378.0
2812.0 1379.0
2812.0 1380.0
2812.0 1381.0
2812.0 1382.0
2812.0 1383.0
2812.0 1384.0
2812.0 1385.0
2812.0 1386.0
2812.0 1387.0
2812.0 1388.0
2812.0 1389.0
2812.0 1390.0
2812.0 1391.0
2812.0 1392.0
2813.0 1392.0
2814.0 1392.0
2815.0 1392.0
2816.0 1392.0
2817.0 1393.0
2818.0 1394.0
2819.0 1395.0
2820.0 1396.0
2820.0 1397.0
2820.0 1398.0
2820.0 1399.0
2820.0 1400.0
2820.0 1401.0
2820.0 1402.0
2820.0 1403.0
2820.0 1404.0
2820.0 1405.0
2820.0 1406.0
2820.0 1407.0
2820.0 1408.0
2820.0 1409.0
2820.0 1410.0
2820.0 1411.0
2820.0 1412.0
2819.0 1413.0
2818.0 1414.0
2817.0 1415.0
2816.0 1416.0
2815.0 1416.0
2814.0 1416.0
2813.0 1416.0
2812.0 1416.0
2811.0 1415.0
2810.0 1414.0
2809.0 1413.0
2808.0 1412.0
2807.0 1412.0
2806.0 1412.0
2805.0 1412.0
2804.0 1412.0
2803.0 1413.0
2802.0 1414.0
2801.0 1415.0
2800.0 1416.0
2799.0 1416.0
2798.0 1416.0
2797.0 1416.0
2796.0 1416.0
2795.0 1415.0
2794.0 1414.0
2793.0 1413.0
2792.0 1412.0
2791.0 1412.0
2790.0 1412.0
2789.0 1412.0
2788.0 1412.0
2787.0 1412.0
2786.0 1412.0
2785.0 1412.0
2784.0 1412.0
2783.0 1412.0
2782.0 1412.0
2781.0 1412.0
2780.0 1412.0
2779.0 1412.0
2778.0 1412.0
2777.0 1412.0
2776.0 1412.0
2776.0 1413.0
2776.0 1414.0
2776.0 1415.0
2776.0 1416.0
2777.0 1417.0
2778.0 1418.0
2779.0 1419.0
2780.0 1420.0
2781.0 1421.0
2782.0 1422.0
2783.0 1423.0
2784.0 1424.0
2785.0 1425.0
2786.0 1426.0
2787.0 1427.0
2788.0 1428.0
2788.0 1429.0
2788.0 1430.0
2788.0 1431.0
2788.0 1432.0
2787.0 1433.0
2786.0 1434.0
2785.0 1435.0
2784.0 1436.0
2785.0 1436.0
2786.0 1436.0
2787.0 1436.0
2788.0 1436.0
2789.0 1436.0
2790.0 1436.0
2791.0 1436.0
2792.0 1436.0
2793.0 1437.0
2794.0 1438.0
2795.0 1439.0
2796.0 1440.0
2797.0 1441.0
2798.0 1442.0
2799.0 1443.0
2800.0 1444.0
2801.0 1444.0
2802.0 1444.0
2803.0 1444.0
2804.0 1444.0
2805.0 1445.0
2806.0 1446.0
2807.0 1447.0
2808.0 1448.0
2808.0 1449.0
2808.0 1450.0
2808.0 1451.0
2808.0 1452.0
2807.0 1453.0
2806.0 1454.0
2805.0 1455.0
2804.0 1456.0
2803.0 1456.0
2802.0 1456.0
2801.0 1456.0
2800.0 1456.0
2799.0 1456.0
2798.0 1456.0
2797.0 1456.0
2796.0 1456.0
2795.0 1456.0
2794.0 1456.0
2793.0 1456.0
2792.0 1456.0
2792.0 1457.0
2792.0 1458.0
2792.0 1459.0
2792.0 1460.0
2793.0 1461.0
2794.0 1462.0
2795.0 1463.0
2796.0 1464.0
2796.0 1465.0
2796.0 1466.0
2796.0 1467.0
2796.0 1468.0
2797.0 1469.0
2798.0 1470.0
2799.0 1471.0
2800.0 1472.0
2801.0 1471.0
2802.0 1470.0
2803.0 1469.0
2804.0 1468.0
2804.0 1468.0
