2804.0 1468.0
2815.0 1467.0
2826.0 1466.0
2837.0 1465.0
2848.0 1464.0
2844.0 1460.0
2840.0 1456.0
2836.0 1452.0
2832.0 1448.0
2835.0 1440.0
2838.0 1432.0
2841.0 1424.0
2844.0 1416.0
2848.0 1419.0
2852.0 1422.0
2856.0 1425.0
2860.0 1428.0
2872.0 1429.0
2884.0 1430.0
2896.0 1431.0
2908.0 1432.0
2902.0 1429.0
2896.0 1426.0
2890.0 1423.0
2884.0 1420.0
2885.0 1416.0
2886.0 1412.0
2887.0 1408.0
2888.0 1404.0
2910.0 1402.0
2932.0 1400.0
2954.0 1398.0
2976.0 1396.0
2980.0 1392.0
2984.0 1388.0
2988.0 1384.0
2992.0 1380.0
3003.0 1386.0
3014.0 1392.0
3025.0 1398.0
3036.0 1404.0
3041.0 1401.0
3046.0 1398.0
3051.0 1395.0
3056.0 1392.0
3062.0 1397.0
3068.0 1402.0
3074.0 1407.0
3080.0 1412.0
3084.0 1410.0
3088.0 1408.0
3092.0 1406.0
3096.0 1404.0
3097.0 1408.0
3098.0 1412.0
3099.0 1416.0
3100.0 1420.0
3106.0 1417.0
3112.0 1414.0
3118.0 1411.0
3124.0 1408.0
3121.0 1406.0
3118.0 1404.0
3115.0 1402.0
3112.0 1400.0
3115.0 1396.0
3118.0 1392.0
3121.0 1388.0
3124.0 1384.0
3135.0 1388.0
3146.0 1392.0
3157.0 1396.0
3168.0 1400.0
3170.0 1396.0
3172.0 1392.0
3174.0 1388.0
3176.0 1384.0
3194.0 1385.0
3212.0 1386.0
3230.0 1387.0
3248.0 1388.0
3238.0 1379.0
3228.0 1370.0
3218.0 1361.0
3208.0 1352.0
3214.0 1348.0
3220.0 1344.0
3226.0 1340.0
3232.0 1336.0
3231.0 1334.0
3230.0 1332.0
3229.0 1330.0
3228.0 1328.0
3225.0 1331.0
3222.0 1334.0
3219.0 1337.0
3216.0 1340.0
3208.0 1339.0
3200.0 1338.0
3192.0 1337.0
3184.0 1336.0
3186.0 1330.0
3188.0 1324.0
3190.0 1318.0
3192.0 1312.0
3203.0 1314.0
3214.0 1316.0
3225.0 1318.0
3236.0 1320.0
3234.0 1316.0
3232.0 1312.0
3230.0 1308.0
3228.0 1304.0
3221.0 1304.0
3214.0 1304.0
3207.0 1304.0
3200.0 1304.0
3201.0 1298.0
3202.0 1292.0
3203.0 1286.0
3204.0 1280.0
3213.0 1283.0
3222.0 1286.0
3231.0 1289.0
3240.0 1292.0
3234.0 1286.0
3228.0 1280.0
3222.0 1274.0
3216.0 1268.0
3217.0 1266.0
3218.0 1264.0
3219.0 1262.0
3220.0 1260.0
3196.0 1246.0
3172.0 1232.0
3148.0 1218.0
3124.0 1204.0
3124.0 1212.0
3124.0 1220.0
3124.0 1228.0
3124.0 1236.0
3127.0 1238.0
3130.0 1240.0
3133.0 1242.0
3136.0 1244.0
3135.0 1247.0
3134.0 1250.0
3133.0 1253.0
3132.0 1256.0
3129.0 1254.0
3126.0 1252.0
3123.0 1250.0
3120.0 1248.0
3121.0 1254.0
3122.0 1260.0
3123.0 1266.0
3124.0 1272.0
3106.0 1270.0
3088.0 1268.0
3070.0 1266.0
3052.0 1264.0
3046.0 1258.0
3040.0 1252.0
3034.0 1246.0
3028.0 1240.0
3022.0 1243.0
3016.0 1246.0
3010.0 1249.0
3004.0 1252.0
3001.0 1247.0
2998.0 1242.0
2995.0 1237.0
2992.0 1232.0
2988.0 1232.0
2984.0 1232.0
2980.0 1232.0
2976.0 1232.0
2975.0 1237.0
2974.0 1242.0
2973.0 1247.0
2972.0 1252.0
2978.0 1257.0
2984.0 1262.0
2990.0 1267.0
2996.0 1272.0
2991.0 1273.0
2986.0 1274.0
2981.0 1275.0
2976.0 1276.0
2987.0 1281.0
2998.0 1286.0
3009.0 1291.0
3020.0 1296.0
3017.0 1301.0
3014.0 1306.0
3011.0 1311.0
3008.0 1316.0
3010.0 1321.0
3012.0 1326.0
3014.0 1331.0
3016.0 1336.0
3012.0 1337.0
3008.0 1338.0
3004.0 1339.0
3000.0 1340.0
2997.0 1345.0
2994.0 1350.0
2991.0 1355.0
2988.0 1360.0
2977.0 1361.0
2966.0 1362.0
2955.0 1363.0
2944.0 1364.0
2938.0 1359.0
2932.0 1354.0
2926.0 1349.0
2920.0 1344.0
2926.0 1349.0
2932.0 1354.0
2938.0 1359.0
2944.0 1364.0
2935.0 1366.0
2926.0 1368.0
2917.0 1370.0
2908.0 1372.0
2909.0 1376.0
2910.0 1380.0
2911.0 1384.0
2912.0 1388.0
2905.0 1383.0
2898.0 1378.0
2891.0 1373.0
2884.0 1368.0
2868.0 1369.0
2852.0 1370.0
2836.0 1371.0
2820.0 1372.0
2817.0 1367.0
2814.0 1362.0
2811.0 1357.0
2808.0 1352.0
2804.0 1353.0
2800.0 1354.0
2796.0 1355.0
2792.0 1356.0
2799.0 1366.0
2806.0 1376.0
2813.0 1386.0
2820.0 1396.0
2819.0 1401.0
2818.0 1406.0
2817.0 1411.0
2816.0 1416.0
2806.0 1415.0
2796.0 1414.0
2786.0 1413.0
2776.0 1412.0
2778.0 1418.0
2780.0 1424.0
2782.0 1430.0
2784.0 1436.0
2790.0 1439.0
2796.0 1442.0
2802.0 1445.0
2808.0 1448.0
2804.0 1450.0
2800.0 1452.0
2796.0 1454.0
2792.0 1456.0
2795.0 1459.0
2798.0 1462.0
2801.0 1465.0
