266 214
3007.754186426846 2287.5786935869646
3272.7443085256255 2500.1186210079145
1.0 1.0
3268.0 2500.0
3269.0439775474765 2500.0985748876865
3269.958747056019 2500.1186210079145
3270.7443085256255 2500.060138360685
3271.400661956297 2499.9231269459974
3271.9278073480336 2499.707586763851
3272.3257447008336 2499.413517814247
3272.5944740146997 2499.0409200971844
3272.733995289631 2498.589793612664
3272.7443085256255 2498.0601383606854
3272.6254137226856 2497.4519543412484
3272.3773108808105 2496.7652415543535
3272.0 2496.0
3271.4934810802542 2495.1562296781885
3270.8577541215727 2494.233930588919
3270.092819123957 2493.2331027321916
3269.198676087405 2492.1537461080056
3268.175325011918 2490.9958607163617
3267.0227658974964 2489.75944655726
3265.813386455436 2488.53639647831
3264.619574397033 2487.4186033271226
3263.4413297222877 2486.4060671036978
3262.2786524312 2485.4987878080356
3261.13154252377 2484.696765440136
3260.0 2484.0
3258.8840248598854 2483.4084914876257
3257.783617103429 2482.922239903014
3256.698776730632 2482.5412452461655
3255.629503741491 2482.265507517079
3254.5757981360084 2482.095026715756
3253.5376599141837 2482.029802842195
3252.525207252682 2481.962923255179
3251.5485583281684 2481.7874753134893
3250.607713140644 2481.503459017127
3249.7026716901078 2481.1108743660916
3248.8334339765597 2480.609721360382
3248.0 2480.0
3247.202369760429 2479.2817102849444
3246.4405432578465 2478.4548522152163
3245.714520492252 2477.5194257908142
3245.0243014636458 2476.475431011739
3244.3698861720286 2475.322867877991
3243.7512746173998 2474.06173638957
3243.1464811395817 2472.797175101728
3242.533520078397 2471.6343225697183
3241.912391433847 2470.5731787935406
3241.2830952059307 2469.613743773195
3240.6456313946483 2468.7560175086815
3240.0 2468.0
3239.346201021985 2467.34569124715
3238.684234460605 2466.7930912501333
3238.0141003158583 2466.342200008948
3237.3357985877446 2465.9930175235945
3236.6493292762666 2465.7455437940735
3235.9546923814214 2465.599778820385
3235.2625725764974 2465.476248356674
3234.5836545347815 2465.2954781570893
3233.9179382562743 2465.057468221629
3233.2654237409747 2464.7622185502946
3232.626110988883 2464.4097291430844
3232.0 2464.0
3231.3870907743244 2463.53303112104
3230.787383311858 2463.0088225062063
3230.200877612599 2462.427374155497
3229.6275736765483 2461.7886860689127
3229.0674715037057 2461.0927582464537
3228.520571094072 2460.3395906881206
3227.9447500680994 2459.5675569804466
3227.297886046245 2458.8150307099677
3226.579979028508 2458.082011876684
3225.7910290148884 2457.3685004805943
3224.931036005385 2456.6744965216994
3224.0 2456.0
3222.9979209987314 2455.3450109154946
3221.924799001581 2454.7095292681847
3220.780634008547 2454.09355505807
3219.5654260196306 2453.4970882851485
3218.2791750348315 2452.920128949423
3216.9218810541497 2452.3626770508918
3215.624482570459 2451.785076427311
3214.517918076635 2451.1476709164367
3213.602187572677 2450.4504605182688
3212.877291058585 2449.693445232806
3212.3432285343592 2448.87662506005
3212.0 2448.0
3211.8476054555063 2447.0635700526564
3211.88604490088 2446.067335218019
3212.115318336119 2445.0112954960878
3212.5354257612235 2443.8954508868615
3213.146367176195 2442.7198013903426
3213.9481425810327 2441.48434700653
3214.7527989535906 2440.2775400112423
3215.3723832717233 2439.187832680301
3215.8068955354306 2438.215225013707
3216.056335744712 2437.3597170114585
3216.1207038995685 2436.621308673556
3216.0 2436.0
3215.6942240460053 2435.49579099079
3215.2033760375857 2435.108681645926
3214.527455974741 2434.8386719654086
3213.6664638574703 2434.6857619492366
3212.6203996857744 2434.6499515974115
3211.389263459653 2434.7312409099322
3210.0809459302177 2434.883016838568
3208.8033378485798 2435.0586663350873
3207.5564392147394 2435.25818939949
3206.3402500286957 2435.4815860317767
3205.154770290449 2435.7288562319463
3204.0 2436.0
3202.875939157348 2436.295017335937
3201.7825877624937 2436.6139082397576
3200.719945815436 2436.9566727114616
3199.688013316175 2437.323310751049
3198.6867902647123 2437.7138223585207
3197.716276661047 2438.128207533876
3196.7615254651005 2438.5354700684593
3195.807589636796 2438.9046137536184
3194.8544691761344 2439.235638589352
3193.9021640831143 2439.52854457566
3192.950674357736 2439.7833317125423
3192.0 2440.0
3191.050141009906 2440.1785494380324
3190.1010973874545 2440.31898002664
3189.1528691326444 2440.421291765822
3188.205456245476 2440.485484655578
3187.2588587259506 2440.511558695909
3186.313076574067 2440.4995138868153
3185.3499012791794 2440.4597183062315
3184.3511243306425 2440.4025400320934
3183.316745728456 2440.327979064402
3182.2467654726206 2440.2360354031553
3181.1411835631343 2440.1267090483543
3180.0 2440.0
3178.823214783215 2439.855908258091
3177.6108279127816 2439.6944338226276
3176.362839388698 2439.5155766936105
3175.0792492109645 2439.3193368710386
3173.760057379582 2439.1057143549124
3172.4052638945504 2438.8747091452333
3171.139066859821 2438.5951089830396
3170.085664379347 2438.235701609375
3169.245056453128 2437.796487024239
3168.6172430811635 2437.277465227631
3168.2022242634544 2436.678636219551
3168.0 2436.0
3168.010570290801 2435.2415565689766
3168.2339351358564 2434.403305926482
3168.670094535167 2433.4852480725153
3169.3190484887327 2432.4873830070774
3170.180796996553 2431.4097107301673
3171.2553400586294 2430.252231241786
3172.3712531174474 2429.080738906638
3173.3571116154963 2427.961028089431
3174.2129155527764 2426.8930987901635
3174.938664929287 2425.8769510088355
3175.5343597450274 2424.912584745448
3176.0 2424.0
3176.3355856942017 2423.1391967724917
3176.541116827636 2422.3301750629244
3176.6165934002993 2421.572934871296
3176.562015412194 2420.867476197608
3176.377382863319 2420.21379904186
3176.062695753675 2419.611903404052
3175.744525546604 2419.0315686882404
3175.54944370545 2418.442574298484
3175.477450230213 2417.844920234781
3175.528545120892 2417.2386064971333
3175.7027283774873 2416.623633085539
3176.0 2416.0
3176.4203599884277 2415.3677072405144
3176.9638083427735 2414.726754807083
3177.6303450630353 2414.077142699707
3178.4199701492134 2413.418870918384
3179.332683601308 2412.7519394631163
3180.3684854193193 2412.0763483339024
3181.3838158251456 2411.3965156305826
3182.235115040687 2410.7168594529976
3182.922383065944 2410.037379801147
3183.445619900914 2409.35807667503
3183.8048255455997 2408.6789500746477
3184.0 2408.0
3184.0311432641147 2407.3212264510857
3183.898255337944 2406.6426294279063
3183.601336221489 2405.9642089304607
3183.1403859147467 2405.28596495875
3182.5154044177207 2404.607897512773
3181.726391730409 2403.930006592531
3180.9525795025183 2403.2560041949255
3180.3731993837573 2402.58960231686
3179.988251374125 2401.930800958335
3179.7977354736213 2401.27960011935
3179.801651682246 2400.6359997999048
3180.0 2400.0
3180.3927804268833 2399.3716007196354
3180.979992962895 2398.7508019588104
3181.761637608035 2398.137603717526
3182.7377143623044 2397.532005995781
3183.9082232257024 2396.934008793577
3185.273164198229 2396.3436121109125
3186.6784849375213 2395.7341258665306
3187.970133101214 2395.078859979174
3189.148108689309 2394.377814448843
3190.2124117018043 2393.6309892755366
3191.1630421387017 2392.838384459256
3192.0 2392.0
3192.7232852856996 2391.1158358977696
3193.3328979958005 2390.1858921525645
3193.828838130303 2389.2101687643844
3194.2111056892063 2388.1886657332293
3194.479700672512 2387.1213830590996
3194.6346230802183 2386.0083207419957
3194.754288650134 2384.894796161447
3194.9171131200696 2383.826126696985
3195.123096490024 2382.802312348609
3195.3722387599973 2381.8233531163196
3195.6645399299887 2380.8892490001163
3196.0 2380.0
3196.3786189700295 2379.15560611597
3196.8003968400785 2378.356067348026
3197.265333610146 2377.6013836961693
3197.773429280232 2376.8915551603977
3198.324683850338 2376.2265817407133
3198.9190973204622 2375.606463437115
3199.4624498283383 2375.0082082758995
3199.8605215117 2374.4088242833623
3200.1133123705467 2373.808311459504
3200.220822404879 2373.206669804324
3200.1830516146965 2372.6038993178227
3200.0 2372.0
3199.6716675607877 2371.394971850856
3199.1980542970614 2370.788814870391
3198.57916020882 2370.181529058604
3197.814985296064 2369.5731144154956
3196.905529558793 2368.963570941066
3195.8507929970083 2368.352898635316
3194.804345713167 2367.7226208498246
3193.9197578097283 2367.0542609361755
3193.197029286692 2366.3478188943695
3192.636160144059 2365.6032947244043
3192.2371503818276 2364.820688426281
3192.0 2364.0
3191.924708998574 2363.1412294455604
3192.011277377552 2362.2443767629634
3192.259705136932 2361.309441952208
3192.669992276714 2360.3364250132945
3193.242138796899 2359.3253259462226
3193.976144697487 2358.276144750994
3194.7114758926587 2357.2116221807087
3195.287598296596 2356.1544989884715
3195.7045119092995 2355.1047751742817
3195.9622167307675 2354.0624507381403
3196.060712761 2353.0275256800455
3196.0 2352.0
3195.7800784477636 2350.9798736980006
3195.400948104294 2349.96714677405
3194.86260896959 2348.9618192281464
3194.16506104365 2347.9638910602907
3193.308304326476 2346.9733622704825
3192.292338818068 2345.9902328587223
3191.260132264211 2345.007646065921
3190.3546524106923 2344.0187451329925
3189.575899257512 2343.023530059937
3188.92387280467 2342.0220008467522
3188.398573052166 2341.01415749344
3188.0 2340.0
3187.728153648172 2338.979528366431
3187.5830339966833 2337.9527425927354
3187.5646410455315 2336.9196426789113
3187.6729747947184 2335.880228624959
3187.9080352442434 2334.8345004308785
3188.269822394107 2333.782458096671
3188.7277305220755 2332.7425014237588
3189.251153905916 2331.733030213567
3189.8400925456294 2330.7540444660954
3190.494546441214 2329.8055441813435
3191.21451559267 2328.8875293593114
3192.0 2328.0
3192.8509996632006 2327.1429561034083
3193.767514582275 2326.316397669537
3194.7495447572205 2325.5203246983856
3195.7970901880376 2324.7547371899536
3196.910150874728 2324.019635144243
3198.08872681729 2323.3150185612512
3199.2623734922245 2322.6484565026353
3200.360646376033 2322.027518030048
3201.3835454687146 2321.4522031434917
3202.33107077027 2320.9225118429645
3203.203222280698 2320.4384441284674
3204.0 2320.0
3204.7214039281753 2319.6071794575623
3205.3674340652233 2319.259982501155
3205.938090411146 2318.958409130777
3206.433372965941 2318.7024593464284
3206.8532817296095 2318.49213314811
3207.1978167021525 2318.327430535822
3207.475806302352 2318.1445373382094
3207.696078948996 2317.8796393839207
3207.8586346420825 2317.5327366729557
3207.963473381612 2317.103829205314
3208.010595167584 2316.5929169809947
3208.0 2316.0
3207.9316878788577 2315.325078262328
3207.80565880416 2314.56815176798
3207.621912775904 2313.729220516955
3207.380449794092 2312.808284509253
3207.0812698587215 2311.805343744875
3206.7243729697957 2310.72039822382
3206.327233138102 2309.5954305792197
3205.9073243744333 2308.4724234442047
3205.4646466787894 2307.3513768187754
3204.9992000511684 2306.232290702931
3204.5109844915723 2305.1151650966726
3204.0 2304.0
3203.466246576452 2302.8867954129128
3202.909724220928 2301.775551335411
3202.3304329334283 2300.6662677674944
3201.728372713952 2299.5589447091634
3201.103543562501 2298.453582160418
3200.4559454790733 2297.3501801212587
3199.783017091253 2296.282879186473
3199.082197026623 2295.285819950851
3198.353485285182 2294.359002414393
3197.5968818669317 2293.502426577099
3196.8123867718705 2292.7160924389673
3196.0 2292.0
3195.1597215513193 2291.3541492601958
3194.2915514258284 2290.7785402195555
3193.3954896235277 2290.2731728780786
3192.4715361444164 2289.838047235765
3191.5196909884953 2289.4731632926155
3190.5399541557645 2289.1785210486296
3189.530219869935 2288.929516524164
3188.4883823547198 2288.701545739576
3187.414441610119 2288.4946086948657
3186.3083976361318 2288.308705390033
3185.1702504327586 2288.1438358250775
3184.0 2288.0
3182.797646337855 2287.8771979148
3181.563189446324 2287.775429569478
3180.2966293254076 2287.6946949640333
3178.9979659751043 2287.634994098466
3177.6671993954155 2287.5963269727763
3176.304329586341 2287.5786935869646
3175.035663689136 2287.584466112988
3173.987508845057 2287.6160167228045
3173.159865054104 2287.673345416414
3172.552732316277 2287.7564521938166
3172.1661106315755 2287.8653370550114
3172.0 2288.0
3172.0544004215503 2288.160441028781
3172.3293118962265 2288.3466601413556
3172.8247344240294 2288.5586573377227
3173.5406680049573 2288.796432617883
3174.477112639011 2289.059985981836
3175.6340683261915 2289.3493174295827
3176.811353550805 2289.6747979090183
3177.80878679716 2290.046798368041
3178.626368065258 2290.465318806651
3179.2640973550965 2290.930359224847
3179.7219746666774 2291.44191962263
3180.0 2292.0
3180.098173355065 2292.6046003569563
3180.0164947318713 2293.2557206935
3179.7549641304195 2293.95336100963
3179.3135815507094 2294.6975213053465
3178.6923469927415 2295.4882015806497
3177.891260456515 2296.3254018355406
3176.9851038949264 2297.1445242106784
3176.0486592608727 2297.880970846725
3175.0819265543532 2298.5347417436806
3174.084905775368 2299.1058369015454
3173.057596923916 2299.594256320318
3172.0 2300.0
3170.9121150036176 2300.3230679405906
3169.79394193477 2300.56346014209
3168.6454807934565 2300.7211766044984
3167.466731579677 2300.7962173278147
3166.257694293432 2300.7885823120405
3165.0183689347214 2300.698271557175
3163.8335786351927 2300.5691679380216
3162.7881465264945 2300.445154329385
3161.882072608626 2300.3262307312643
3161.1153568815876 2300.21239714366
3160.4879993453783 2300.1036535665717
3160.0 2300.0
3159.65135884545 2299.9014364439445
3159.442075881732 2299.807962898405
3159.372151108843 2299.719579363382
3159.441584526783 2299.6362858388748
3159.6503761355543 2299.5580823248843
3159.998525935155 2299.48496882141
3160.3467576272474 2299.4404681611904
3160.5557949134923 2299.448103176965
3160.6256377938903 2299.5078738687334
3160.5562862684405 2299.619780236495
3160.3477403371435 2299.78382228025
3160.0 2300.0
3159.5130652570087 2300.2683133957426
3158.8869361081706 2300.5887624674797
3158.1216125534847 2300.9613472152105
3157.217094592952 2301.386067638934
3156.173382226572 2301.862923738652
3154.990475454345 2302.3919155143644
3153.7525422679873 2302.8991342059444
3152.5437506592166 2303.3106710532684
3151.364100628033 2303.6265260563364
3150.213592174435 2303.846699215147
3149.0922252984237 2303.9711905297017
3148.0 2304.0
3146.9369162791622 2303.9331276260414
3145.9029741359113 2303.7705734078268
3144.8981735702473 2303.512337345356
3143.9225145821692 2303.158419438628
3142.975997171678 2302.708819687644
3142.058621338774 2302.1635380924035
3141.1379887648263 2301.609171047585
3140.181701131206 2301.132314947867
3139.1897584379135 2300.7329697932496
3138.1621606849485 2300.4111355837326
3137.0989078723105 2300.166812319316
3136.0 2300.0
3134.8654370680165 2299.910698625785
3133.6952190763604 2299.89890819667
3132.4893460250323 2299.9646287126557
3131.2478179140307 2300.1078601737418
3129.9706347433566 2300.3286025799284
3128.6577965130105 2300.6268559312157
3127.419525143052 2301.0013950641023
3126.366042553543 2301.4509948150862
3125.497348744483 2301.9756551841683
3124.813443715873 2302.5753761713477
3124.314327467712 2303.2501577766247
3124.0 2304.0
3123.870461312737 2304.8249028414725
3123.9257114059237 2305.724866301043
3124.1657502795597 2306.6998903787116
3124.5905779336445 2307.7499750744773
3125.200194368179 2308.8751203883407
3125.994599583163 2310.0753263203023
3126.7893048213036 2311.2713474566913
3127.3998213253108 2312.383938383838
3127.826149095185 2313.4130991017423
3128.068288130924 2314.358829610404
3128.126238432529 2315.2211299098235
3128.0 2316.0
3127.6895728333375 2316.695439880935
3127.194956932541 2317.307449552627
3126.5161522976105 2317.8360290150767
3125.653158928545 2318.281178268284
3124.6059768253467 2318.642897312249
3123.374605988014 2318.921186146972
3122.066868151347 2319.148297973529
3120.790585050146 2319.3564859929993
3119.5457566844116 2319.545750205381
3118.3323830541417 2319.7160906106747
3117.1504641593374 2319.8675072088813
3116.0 2320.0
3114.8809905761277 2320.1135689840307
3113.793435887721 2320.2082141609744
3112.7373359347807 2320.2839355308297
3111.7126907173056 2320.340733093597
3110.7195002352964 2320.378606849277
3109.7577644887533 2320.397556797869
3108.809486270612 2320.3944202576904
3107.856668373811 2320.366034547059
3106.8993107983497 2320.312399665974
3105.9374135442267 2320.2335156144363
3104.9709766114433 2320.1293823924443
3104.0 2320.0
3103.024483709896 2319.845368437102
3102.0444277411307 2319.6654877037513
3101.0598320937056 2319.460357799947
3100.0706967676188 2319.2299787256893
3099.0770217628724 2318.9743504809785
3098.078807079465 2318.693473065815
3097.0762142249764 2318.3740693692166
3096.0694047069856 2318.0028622802033
3095.0583785254926 2317.5798517987755
3094.043135680497 2317.105037924932
3093.023676172 2316.578420658673
3092.0 2316.0
3090.9721071644976 2315.369775948911
3089.939997665494 2314.6877485054074
3088.9036715029874 2313.953917669489
3087.8631286769787 2313.1682834411545
3086.8183691874674 2312.3308458204056
3085.769393034455 2311.4416048072417
3084.733228379527 2310.5833857492307
3083.726903384274 2309.839013993941
3082.750418048695 2309.208489541373
3081.803772372789 2308.691812391527
3080.8869663565574 2308.2889825444026
3080.0 2308.0
3079.142873303116 2307.824864758318
3078.315586265906 2307.7635768193586
3077.5181388883707 2307.8161361831208
3076.750531170508 2307.9825428496038
3076.01276311232 2308.2627968188085
3075.304834713806 2308.6568980907355
3074.6355266089686 2309.1256161353986
3074.013619431813 2309.6297204228144
3073.4391131823386 2310.169210952982
3072.9120078605442 2310.744087725903
3072.432303466431 2311.3543507415748
3072.0 2312.0
3071.6150974612488 2312.6810355011767
3071.277595850179 2313.397457245106
3070.9874951667903 2314.1492652317875
3070.744795411082 2314.9364594612207
3070.5494965830553 2315.7590399334067
3070.40159868271 2316.6170066483446
3070.231389744435 2317.440695216152
3069.969157802623 2318.1604412469474
3069.6149028572745 2318.77624474073
3069.168624908387 2319.2881056974998
3068.630323955962 2319.696024117256
3068.0 2320.0
3067.2776530405004 2320.2000333457313
3066.4632830774635 2320.29612415445
3065.5568901108886 2320.2882724261553
3064.5584741407756 2320.1764781608485
3063.468035167126 2319.960741358528
3062.285573189939 2319.6410620191964
3061.087246035532 2319.2302125676856
3059.9492115302255 2318.7409654288335
3058.8714696740194 2318.173320602639
3057.854020466913 2317.5272780891014
3056.896863908906 2316.802837888222
3056.0 2316.0
3055.163428740193 2315.1187644244355
3054.3871501294866 2314.159131161529
3053.6711641678803 2313.1211002112805
3053.0154708553728 2312.0046715736885
3052.4200701919663 2310.8098452487548
3051.88496217766 2309.5366212364793
3051.3562451534826 2308.289140488843
3050.7800174604663 2307.1715439578297
3050.1562790986095 2306.1838316434387
3049.485030067913 2305.32600354567
3048.7662703683764 2304.598059664524
3048.0 2304.0
3047.186218962783 2303.5318245520984
3046.3249272567273 2303.19353332082
3045.416124881831 2302.9851263061632
3044.4598118380945 2302.906603508129
3043.455988125518 2302.957964926718
3042.4046537441022 2303.139210561929
3041.3308385991245 2303.368277832588
3040.2595725958645 2303.563104157521
3039.190855734322 2303.72368953673
3038.124688014497 2303.850033970212
3037.0610694363895 2303.942137457969
3036.0 2304.0
3034.9414797053278 2304.0236215963055
3033.8855085523724 2304.0130022468857
3032.8320865411347 2303.96814195174
3031.7812136716148 2303.889040710868
3030.732889943812 2303.7756985242713
3029.687115357727 2303.628115391949
3028.658723251768 2303.5011925156286
3027.662546964344 2303.4498310970403
3026.698586495456 2303.474031136183
3025.7668418451026 2303.5737926330576
3024.867313013283 2303.749115587663
3024.0 2304.0
3023.164902805251 2304.326445870068
3022.362021429038 2304.7284531978676
3021.59135587136 2305.2060219833984
3020.852906132216 2305.7591522266603
3020.146672211608 2306.387843927654
3019.472654109535 2307.092097086379
3018.8279330013766 2307.8467892958606
3018.2095900625127 2308.626798149124
3017.6176252929426 2309.43212364617
3017.0520386926673 2310.262765786998
3016.512830261686 2311.118724571608
3016.0 2312.0
3015.513547907607 2312.906592072174
3015.05347398451 2313.8385007881307
3014.6197782307067 2314.7957261478696
3014.2124606461975 2315.7782681513895
3013.831521230983 2316.7861267986923
3013.4769599850633 2317.819302089777
3013.15145651775 2318.862516153652
3012.8576904383585 2319.900491119325
3012.595661746888 2320.9332269867964
3012.3653704433377 2321.9607237560663
3012.166816527708 2322.982981427134
3012.0 2324.0
3011.864920860212 2325.0117794746643
3011.761579108346 2326.0183198511268
3011.6899747443995 2327.0196211293874
3011.6501077683743 2328.015683309446
3011.6419781802697 2329.0065063913034
3011.6655859800867 2329.992090374959
3011.707772336564 2330.978113782228
3011.7553784184456 2331.9702551349246
3011.80840422573 2332.968514433051
3011.8668497584176 2333.9728916766053
3011.9307150165077 2334.9833868655883
3012.0 2336.0
3012.074704708896 2337.02273107984
3012.154829143195 2338.0515801051088
3012.240373302897 2339.0865470758063
3012.3313371880013 2340.127631991932
3012.4277207985087 2341.1748348534866
3012.5295241344193 2342.2281556604694
3012.601909462862 2343.268801152982
3012.6100390509664 2344.277978071125
3012.5539128987325 2345.2556864148983
3012.43353100616 2346.2019261843016
3012.248893373249 2347.1166973793356
3012.0 2348.0
3011.6868508864127 2348.8518340462947
3011.3094460324864 2349.6721995182206
3010.8677854382227 2350.461096415776
3010.36186910362 2351.2185247389616
3009.7916970286783 2351.944484487778
3009.1572692133996 2352.6389756622248
3008.569659775153 2353.2979681887696
3008.139942831312 2353.917431993882
3007.8681183818767 2354.497367077561
3007.754186426846 2355.0377734398076
3007.79814696622 2355.53865108062
3008.0 2356.0
3008.3597455281847 2356.4218201979465
3008.877383550775 2356.8041116744603
3009.55291406777 2357.1468744295407
3010.3863370791696 2357.450108463188
3011.3776525849753 2357.713813775402
3012.526860585186 2357.9379903661834
3013.757909663997 2358.1656119366207
3014.994748405605 2358.4396521878043
3016.237376810009 2358.760111119734
3017.4857948772096 2359.12698873241
3018.740002607207 2359.5402850258315
3020.0 2360.0
3021.2657870555895 2360.5061336549134
3022.5373637739763 2361.0586859905734
3023.814730155159 2361.6576570069797
3025.0978861991375 2362.3030467041317
3026.386831905913 2362.99485508203
3027.6815672754856 2363.7330821406745
3028.882882240863 2364.486137969281
3029.8915667350575 2365.2224326570667
3030.7076207580694 2365.941966204032
3031.3310443098967 2366.644738610176
3031.7618373905398 2367.330749875498
3032.0 2368.0
3032.045532138276 2368.6524889836805
3031.898433805369 2369.2882168265405
3031.558705001278 2369.9071835285795
3031.0263457260035 2370.5093890897965
3030.301355979545 2371.0948335101934
3029.383735761903 2371.6635167897693
3028.389241335266 2372.2508935810242
3027.433628961824 2372.8924185364594
3026.516898641577 2373.588091656075
3025.6390503745233 2374.33791293987
3024.800084160664 2375.141882387845
3024.0 2376.0
3023.23879789253 2376.912265776335
3022.5164778382546 2377.8786797168505
3021.8330398371736 2378.8992418215457
3021.1884838892865 2379.9739520904204
3020.582809994594 2381.1028105234755
3020.0160181530964 2382.285817120711
3019.4483364142043 2383.452944989017
3018.8399928273293 2384.534167235287
3018.1909873924715 2385.5294838595205
3017.5013201096303 2386.438894861717
3016.7709909788064 2387.2624002418765
3016.0 2388.0
3015.18834717321 2388.651694136086
3014.3360324984374 2389.217482650136
3013.443055975682 2389.6973655421484
3012.5094176049424 2390.091342812124
3011.535117386221 2390.3994144600633
3010.520155319517 2390.621580485966
3009.5874068461726 2390.8092142626483
3008.8597474075314 2391.0136891629268
3008.3371770035938 2391.2350051868007
3008.0196956343593 2391.4731623342714
3007.9073032998276 2391.728160605337
3008.0 2392.0
3008.297785734875 2392.288680518258
3008.800660504454 2392.594202160113
3009.508624308736 2392.9165649255638
3010.4216771477213 2393.25576881461
3011.5398190214096 2393.6118138272527
3012.8630499298015 2393.984699963492
3014.249444730982 2394.3584361017583
3015.557078283037 2394.7170311204854
3016.785950585967 2395.060485019674
3017.93606163977 2395.3887977993218
3019.007411444448 2395.7019694594305
3020.0 2396.0
3020.913827306426 2396.2828894210293
3021.748893363727 2396.5506377225197
3022.5051981719025 2396.8032449044704
3023.182741730951 2397.040710966881
3023.781524040875 2397.263035909752
3024.301545101673 2397.4702197330844
3024.8048136568227 2397.706835793467
3025.3533384498005 2398.0174574474904
3025.9471194806074 2398.402084695156
3026.586156749243 2398.8607175364623
3027.2704502557067 2399.3933559714105
3028.0 2400.0
3028.774805982121 2400.6806496222302
3029.5948682020726 2401.435304838102
3030.4601866598514 2402.263965647616
3031.3707613554584 2403.16663205077
3032.326592288895 2404.143304047566
3033.32767946016 2405.1939816380036
3034.255006661416 2406.289438026329
3034.9895576848257 2407.4004464167915
3035.5313325303896 2408.5270068093896
3035.880331198106 2409.6691192041235
3036.036553687976 2410.8267836009936
3036.0 2412.0
3035.770670134177 2413.1887684011417
3035.3485640905083 2414.3930888044206
3034.733681868993 2415.612961209835
3033.9260234696303 2416.848385617385
3032.9255888924217 2418.0993620270715
3031.732378137367 2419.365890438894
3030.55403526357 2420.5565360485557
3029.5982043301333 2421.579864051759
3028.8648853370582 2422.435874448506
3028.354078284344 2423.124567238795
3028.0657831719914 2423.645942422626
3028.0 2424.0
3028.1567287683697 2424.1867399709163
3028.5359694771005 2424.2061623353748
3029.137722126193 2424.0582670933763
3029.961986715646 2423.743054244919
3031.008763245461 2423.260523790005
3032.278051715637 2422.6106757286334
3033.6430039793886 2421.926901237893
3034.9767718899307 2421.342591494873
3036.279355447263 2420.8577464995747
3037.550754651385 2420.4723662519955
3038.790969502297 2420.1864507521373
3040.0 2420.0
3041.1778461444924 2419.913013995583
3042.324507935776 2419.9254927388865
3043.4399853738496 2420.037436229911
3044.5242784587126 2420.2488444686546
3045.5773871903666 2420.5597174551203
3046.5993115688107 2420.9700551893056
3047.587940860098 2421.437612079641
3048.5411643302837 2421.9201425345545
3049.4589819793664 2422.417646554048
3050.3413938073472 2422.9301241381195
3051.188399814225 2423.45757528677
3052.0 2424.0
3052.776194364673 2424.557398277808
3053.516982908244 2425.1297701201947
3054.2223656307115 2425.717115527161
3054.892342532077 2426.319434498705
3055.5269136123397 2426.9367270348284
3056.126078871501 2427.568993135531
3056.718239748911 2428.225204062036
3057.331797683924 2428.9143310755717
3057.9667526765397 2429.6363741761356
3058.6231047267574 2430.391333363728
3059.300853834577 2431.179208638349
3060.0 2432.0
3060.720543223025 2432.853707448679
3061.4624835036525 2433.740330984387
3062.2258208418825 2434.6598706071245
3063.0105552377145 2435.6123263168897
3063.8166866911492 2436.5976981136846
3064.6442152021864 2437.6159859975082
3065.435953979769 2438.655607992581
3066.134716232839 2439.704982123125
3066.7405019613975 2440.764108389138
3067.253311165444 2441.832986790622
3067.673143844978 2442.911617327575
3068.0 2444.0
3068.2338796305103 2445.098134807894
3068.3747827365087 2446.2060217512585
3068.4227093179948 2447.323660830093
3068.3776593749685 2448.4510520443982
3068.239632907431 2449.588195394173
3068.0086299153813 2450.7350908794187
3067.777147483588 2451.8411479824736
3067.6376826968194 2452.855776185679
3067.5902355550775 2453.7789754890346
3067.6348060583596 2454.6107458925394
3067.771394206667 2455.3510873961945
3068.0 2456.0
3068.320623438358 2456.5574837039544
3068.733264521742 2457.0235385080596
3069.2379232501503 2457.3981644123146
3069.8345996235835 2457.6813614167195
3070.5232936420425 2457.873129521274
3071.304005305527 2457.9734687259793
3072.123383340926 2458.0752818903516
3072.92807647513 2458.27147187391
3073.7180847081404 2458.562038676654
3074.4934080399553 2458.946982298584
3075.2540464705744 2459.4263027396987
3076.0 2460.0
3076.7312686282294 2460.668074079487
3077.4478523552657 2461.430524978159
3078.149751181106 2462.2873526960175
3078.836965105751 2463.238557233061
3079.509494129202 2464.2841385892907
3080.167338251458 2465.424096764706
3080.815885804188 2466.596049564304
3081.4605251190624 2467.7376147930822
3082.101256196081 2468.8487924510414
3082.7380790352436 2469.929582538181
3083.3709936365494 2470.9799850544996
3084.0 2472.0
3084.6250981255935 2472.98962737468
3085.2462880133317 2473.9488671785407
3085.863569663214 2474.877719411582
3086.4769430752394 2475.776184073802
3087.086408249409 2476.6442611652037
3087.6919651857233 2477.4819506857857
3088.3146351672744 2478.2373096127126
3088.9754394771567 2478.8583949231493
3089.674378115371 2479.345206617097
3090.4114510819163 2479.697744694555
3091.186658376792 2479.916009155522
3092.0 2480.0
3092.8514759515383 2479.949717227988
3093.741086231409 2479.7651608394863
3094.66883083961 2479.446330834495
3095.6347097761422 2478.993227213013
3096.638723041006 2478.4058499750417
3097.6808706342013 2477.684199120581
3098.740747636607 2476.980092759421
3099.797949129104 2476.445349001353
3100.852475111692 2476.079967846377
3101.9043255843703 2475.883949294493
3102.9535005471394 2475.8572933457003
3104.0 2476.0
3105.0438239429504 2476.312069257391
3106.0849723759925 2476.793501117875
3107.1234452991257 2477.444295581451
3108.1592427123487 2478.264452648118
3109.1923646156633 2479.253972317878
3110.222811009069 2480.4128545907292
3111.240879013081 2481.5488004974286
3112.2368657482175 2482.4695110687335
3113.210771214478 2483.174986304643
3114.1625954118617 2483.665226205157
3115.0923383403688 2483.940230770276
3116.0 2484.0
3116.8855803907545 2483.8445338943284
3117.7490795126337 2483.4738324532627
3118.590497365636 2482.8878956768012
3119.4098339497614 2482.086723564944
3120.2070892650117 2481.0703161176916
3120.9822633113854 2479.8386733350453
3121.7028671737926 2478.5048820337843
3122.3364119371454 2477.182029030691
3122.8828976014424 2475.8701143257667
3123.3423241666837 2474.56913791901
3123.7146916328693 2473.279099810421
3124.0 2472.0
3124.1982492680754 2470.7318384877467
3124.309439437096 2469.4746152736616
3124.3335705070604 2468.2283303577447
3124.270642477969 2466.992983739995
3124.1206553498223 2465.768575420414
3123.8836091226212 2464.555105399001
3123.6530290552737 2463.421907299866
3123.5224404066903 2462.438314747117
3123.4918431768724 2461.604327740757
3123.561237365817 2460.9199462807837
3123.730622973527 2460.385170367198
3124.0 2460.0
3124.3693684452383 2459.764435179189
3124.8387283092397 2459.678475904766
3125.4080795920067 2459.7421221767304
3126.077422293536 2459.955373995082
3126.846756413831 2460.318231359821
3127.71608195289 2460.830694270948
3128.6011807167874 2461.4081186114668
3129.4178345116006 2461.965860264381
3130.1660433373286 2462.5039192296917
3130.8458071939713 2463.0222955073987
3131.457126081528 2463.5209890975007
3132.0 2464.0
3132.474428949386 2464.459328214895
3132.880412929688 2464.898973742186
3133.217951940904 2465.3189365818735
3133.4870459830345 2465.7192167339563
3133.68769505608 2466.0998141984355
3133.81989916004 2466.460728975311
3133.96210886622 2466.796047698003
3134.192774745926 2467.09985699993
3134.5118967991566 2467.372156881094
3134.9194750259126 2467.6129473414935
3135.415509426193 2467.8222283811283
3136.0 2468.0
3136.6729467473306 2468.1462621981073
3137.434349668188 2468.261014975451
3138.2842087625704 2468.34425833203
3139.222524030477 2468.395992267846
3140.249295471909 2468.4162167828968
3141.3645230868674 2468.4049318771845
3142.5150549747764 2468.3711507560724
3143.6477392350644 2468.323886624926
3144.762575867731 2468.2631394837463
3145.8595648727755 2468.188909332532
3146.9387062501983 2468.101196171283
3148.0 2468.0
3149.0434461221794 2467.8853208186824
3150.0690446167378 2467.757158627331
3151.0767954836747 2467.615513425945
3152.066698722989 2467.460385214525
3153.0387543346824 2467.291773993071
3153.9929623187545 2467.109679761583
3154.9475612851174 2466.8659366544503
3155.920789843685 2466.512378806066
3156.912647994458 2466.049006216428
3157.923135737434 2465.4758188855385
3158.9522530726144 2464.7928168133953
3160.0 2464.0
3161.06637651959 2463.097368445352
3162.1513826313844 2462.084922149451
3163.2550183353833 2460.9626611122976
3164.3772836315857 2459.730585333891
3165.518178519993 2458.3886948142326
3166.6777030006056 2456.936989553321
3167.799577314517 2455.5443404283355
3168.827521702823 2454.379618316457
3169.7615361655257 2453.442823217684
3170.6016207026223 2452.7339551320165
3171.3477753141133 2452.253014059455
3172.0 2452.0
3172.5582947602816 2451.9749129536503
3173.022659594959 2452.177752920407
3173.39309450403 2452.6085199002696
3173.6695994874967 2453.2672138932376
3173.8521745453586 2454.153834899312
3173.9408196776158 2455.2683829184925
3174.0327526055603 2456.42357633109
3174.2251910504856 2457.432133517415
3174.5181350123935 2458.294054477469
3174.911584491281 2459.0093392112512
3175.4055394871502 2459.5779877187615
3176.0 2460.0
3176.6949660298314 2460.2753760549667
3177.490437576644 2460.404115883662
3178.386414640438 2460.3862194860853
3179.3828972212123 2460.2216868622368
3180.479885318968 2459.910518012117
3181.6773789337053 2459.452712935725
3182.892795941014 2458.9142015851257
3184.0435542164855 2458.360913912385
3185.1296537601197 2457.7928499175023
3186.151094571917 2457.210009600477
3187.1078766518767 2456.612392961309
3188.0 2456.0
3188.827464616285 2455.372830716548
3189.590270500734 2454.7308851109547
3190.288417653345 2454.074163183219
3190.921906074118 2453.402664933341
3191.490735763055 2452.716390361321
3191.994906720154 2452.015339467159
3192.4993606372445 2451.3134363803765
3193.0690392061556 2450.624605230497
3193.703942426887 2449.9488460175194
3194.404070299438 2449.286158741444
3195.169422823809 2448.6365434022705
3196.0 2448.0
3196.8958018280114 2447.3765285346312
3197.856828307843 2446.766129006165
3198.8830794394944 2446.168801414601
3199.974555222966 2445.584545759939
3201.131255658258 2445.01336204218
3202.35318074537 2444.4552502613224
3203.555484679961 2443.982957910392
3204.653321657691 2443.669232482411
3205.6466916785603 2443.5140739773833
3206.535594742568 2443.5174823953043
3207.320030849715 2443.6794577361766
3208.0 2444.0
3208.575502193424 2444.4791091867737
3209.046537429988 2445.116785296499
3209.41310570969 2445.9130283291747
3209.675207032531 2446.867838284801
3209.832841398511 2447.9812151633787
3209.88600880763 2449.253158964907
3209.945509060769 2450.566593935051
3210.12214195881 2451.804444319477
3210.415907501755 2452.9667101181853
3210.826805689601 2454.053391331175
3211.3548365223487 2455.0644879584465
3212.0 2456.0
3212.762296122553 2456.859927455835
3213.6417248900093 2457.6442703259527
3214.638286302367 2458.353028610351
3215.751980359626 2458.9862023090313
3216.982807061789 2459.543791421994
3218.3307664088543 2460.0257959492383
3219.6603498443155 2460.506367368191
3220.8360488116687 2461.05965715628
3221.8578633109146 2461.6856653135064
3222.725793342051 2462.384391839868
3223.4398389050793 2463.1558367353655
3224.0 2464.0
3224.406276626812 2464.9168816337697
3224.658668785516 2465.9064816366763
3224.7571764761115 2466.968800008719
3224.7017996985983 2468.1038367498977
3224.4925384529774 2469.3115918602125
3224.1293927392485 2470.592065339664
3223.759058540005 2471.8396463002446
3223.528231837842 2472.948723853949
3223.436912632761 2473.9192980007765
3223.4851009247604 2474.7513687407272
3223.6727967138395 2475.4449360738017
3224.0 2476.0
3224.466710783241 2476.4165605193207
3225.0729290635636 2476.694617631766
3225.8186548409662 2476.834171337334
3226.7038881154485 2476.8352216360254
3227.7286288870127 2476.69776852784
3228.892877155658 2476.421812012779
3230.118632248988 2476.1224214970066
3231.327893494609 2475.9146663866923
3232.520660892521 2475.798546681834
3233.6969344427234 2475.7740623824325
3234.8567141452163 2475.8412134884875
3236.0 2476.0
3237.126792007074 2476.250421916968
3238.2370901664394 2476.5924792393944
3239.3308944780956 2477.0261719672767
3240.4082049420413 2477.5515001006156
3241.469021558278 2478.168463639411
3242.513344326806 2478.877062583664
3243.5291479660664 2479.6480469399353
3244.504407194502 2480.4521667147874
3245.439122012114 2481.2894219082195
3246.3332924189003 2482.1598125202327
3247.1869184148627 2483.063338550826
3248.0 2484.0
3248.7725371743113 2484.969796867754
3249.5045299378 2485.97272915409
3250.1959782904637 2487.0087968590055
3250.8468822323025 2488.0779999825018
3251.4572417633153 2489.1803385245785
3252.027056883505 2490.3158124852357
3252.595368843499 2491.4337413078238
3253.2012188939284 2492.483444435695
3253.844607034794 2493.4649218688483
3254.525533266094 2494.378173607283
3255.2439975878297 2495.223199651
3256.0 2496.0
3256.793540502606 2496.708574654281
3257.624619095648 2497.3489236138453
3258.493235779124 2497.921046878691
3259.399390553036 2498.4249444488187
3260.3430834173832 2498.860616324229
3261.324314372165 2499.228062504921
3262.3430834173832 2499.5272829908954
3263.399390553036 2499.758277782152
3264.493235779124 2499.921046878691
3265.624619095647 2500.015590280512
3266.793540502606 2500.0419079876146
3268.0 2500.0
3268.0 2500.0
