3268.0 2500.0
3268.849242395493 2498.5736565253296
3269.7989898606575 2497.4315420337734
3270.849242395494 2496.5736565253305
3272.0 2496.0
3273.2512626741773 2495.710572457783
3274.603030418026 2495.70537389868
3275.6532829528614 2495.8474883902363
3276.0 2496.0
3275.6431815594424 2496.16290872797
3274.5828276311872 2496.3362145741467
3273.231059887339 2496.34141313325
3272.0 2496.0
3270.8896479691703 2495.311975174396
3269.900003794851 2494.2773386564386
3268.960357723105 2493.1040328102617
3268.0 2492.0
3267.0189306255347 2490.9652402256534
3266.01714959971 2489.999753487222
3265.0067937740296 2489.034390005179
3264.0 2488.0
3262.9967682776205 2486.8965834716832
3261.99709860689 2485.72414042023
3260.998879632715 2484.689627158662
3260.0 2484.0
3259.0004597087436 2483.6552589442454
3258.000258758947 2483.655403991397
3256.9999284296773 2483.827847042851
3256.0 2484.0
3255.0004734699164 2484.171862862846
3254.001348839426 2484.3434356313874
3253.0015497892227 2484.343290584235
3252.0 2484.0
3250.996699471757 2483.3135638786816
3249.9916482044955 2482.2839822202804
3248.990772834986 2481.112409451739
3248.0 2480.0
3247.019329699538 2478.946753865063
3246.0487619336 2477.952671046928
3245.0538132008614 2476.9822527053293
3244.0 2476.0
3242.887322331014 2475.00591293094
3241.7157801939034 2473.9999914981504
3240.6863479598414 2472.994074316285
3240.0 2472.0
3239.656736314379 2471.017768549294
3239.6565569029785 2470.0473799641677
3239.828099040089 2469.0533013969575
3240.0 2468.0
3240.172259782712 2466.887475773294
3240.344878388226 2465.7157287168407
3240.345057799626 2464.6861173019665
3240.0 2464.0
3239.3097049893486 2463.65737681094
3238.2741727676703 2463.6582477347874
3237.1015541621578 2463.829994791241
3236.0 2464.0
3234.9695102811993 2464.1682633610644
3234.0100850057547 2464.3347848744343
3233.0456172274326 2464.333913950587
3232.0 2464.0
3230.8732333234566 2463.3330430226742
3229.6653171978023 2462.333043018609
3228.624742473247 2461.166521505239
3228.0 2460.0
3227.791089778061 2458.833478502892
3227.998011807431 2457.6669570139156
3228.205927933085 2456.6669570179806
3228.0 2456.0
3227.380228008177 2455.666085959973
3226.346611957615 2455.665214897899
3225.1396899282454 2455.8317363868764
3224.0 2456.0
3222.927542172879 2456.170005737272
3221.922316446882 2456.34175359869
3220.9559324974443 2456.3426246607632
3220.0 2456.0
3219.05451895455 2455.3138796164003
3218.119489361093 2454.284263509964
3217.1247150870895 2453.112515648546
3216.0 2452.0
3214.745344099823 2450.9467165643264
3213.3607473865586 2449.952665341525
3212.2957769800155 2448.9822814479608
3212.0 2448.0
3212.4734164465144 2447.0058209976414
3213.7160263195565 2445.999744440885
3215.100623032821 2444.9937956636863
3216.0 2444.0
3216.4141572210947 2443.0183574498255
3216.3430946961053 2442.048868013163
3216.1004848230623 2441.0549445699194
3216.0 2440.0
3216.0416402269175 2438.884034303405
3216.225405503814 2437.707047480134
3216.2964680288037 2436.6765369167965
3216.0 2436.0
3215.336001417403 2435.6774367297453
3214.304472281012 2435.7088471060324
3213.1207070041146 2435.885833929303
3212.0 2436.0
3210.9423512686676 2436.0513453181234
3209.947760810118 2436.0398698836734
3208.9792899465087 2436.0084595073868
3208.0 2436.0
3207.009890970591 2436.014491361514
3206.008962858282 2436.051933591927
3205.003553316832 2436.063409026377
3204.0 2436.0
3202.9983029077866 2435.8617065127955
3201.9984620401924 2435.648528564764
3200.9993901525013 2435.6110863343506
3200.0 2436.0
3199.000291582688 2436.8152695617127
3198.000264900565 2438.0568950194884
3197.00010576816 2439.2700729675203
3196.0 2440.0
3194.9999475960867 2440.2466761169285
3193.9999485564176 2440.010101318305
3192.99997523854 2439.7684758605287
3192.0 2440.0
3191.0000228407957 2440.7046737367173
3190.000043760928 2441.882497070682
3189.0000428005965 2443.1190718693056
3188.0 2444.0
3186.999915359138 2444.525281462765
3185.9997888780117 2444.694916257602
3184.9997679578796 2444.5170929236374
3184.0 2444.0
3183.0004850043742 2443.143637486689
3182.001222971001 2441.948005383704
3181.001349452128 2440.7783705888673
3180.0 2440.0
3178.9971746146202 2439.612893617103
3177.992873295985 2439.6170514401756
3176.9921353293576 2439.8126835431603
3176.0 2440.0
3175.0164673079116 2440.179000810695
3174.0415372530924 2440.349685975245
3173.045838571727 2440.3455281521724
3172.0 2440.0
3170.9040215379127 2439.313101518727
3169.7579031854634 2438.284832708354
3168.7328332402826 2437.114147543804
3168.0 2436.0
3167.5594034646156 2434.9423900769425
3167.4110436341293 2433.9413177746314
3167.557161986578 2432.969586585005
3168.0 2432.0
3168.739557674395 2431.0325580196177
3169.7758350097624 2430.0672606438575
3170.924194840249 2429.068332946169
3172.0 2428.0
3173.003250489017 2426.8622618053514
3173.933946307299 2425.6551183622228
3174.897668971931 2424.620415737983
3176.0 2424.0
3177.2409393915045 2423.7938711482752
3178.620487146445 2424.0020291828073
3179.689791328164 2424.209172625936
3180.0 2424.0
3179.551113161955 2423.374511305
3178.343130814028 2422.3327065409358
3176.9635830590873 2421.1245485064032
3176.0 2420.0
3175.4523816367655 2418.9590610217256
3175.320727969385 2418.0017315715804
3175.5287103173123 2417.043536335645
3176.0 2416.0
3176.7345970174492 2414.8711225646457
3177.732501369659 2413.6569040295817
3178.86415503704 2412.614233479728
3180.0 2412.0
3181.1400362585414 2411.8142035904007
3182.284263812663 2412.0568442509293
3183.286359460453 2412.271062785993
3184.0 2412.0
3184.4251854313047 2411.2436558929503
3184.5619157543665 2410.002030464844
3184.417688200245 2408.7593898043156
3184.0 2408.0
3183.3088511536316 2407.7238610518966
3182.344241661139 2407.9309729600063
3181.2075113380774 2408.1725983881124
3180.0 2408.0
3178.7217076469074 2407.413177795668
3177.3726342787986 2406.4121317751183
3176.337243771291 2405.2050198670086
3176.0 2404.0
3176.3609029649265 2402.7970721740908
3177.41995266607 2401.5962363892822
3178.7690260341788 2400.5972824098326
3180.0 2400.0
3181.1128745635347 2399.8043891597854
3182.1076497247827 2400.010449889188
3183.048600023639 2400.2112856739964
3184.0 2400.0
3184.9618496538656 2399.376592867199
3185.934148985236 2398.3410642755935
3186.939373823988 2397.135003546191
3188.0 2396.0
3189.1160275132734 2394.9360536370204
3190.287456363806 2393.9431644572524
3191.315157032436 2392.9786930488576
3192.0 2392.0
3192.3419852664983 2391.0070853106786
3192.3411128319303 2389.9999489808934
3192.169683981397 2388.9928381606614
3192.0 2388.0
3191.8320608877384 2387.0214344989085
3191.665866644613 2386.0571416573866
3191.6667390791804 2385.0642779871723
3192.0 2384.0
3192.6656494070708 2382.8643076958715
3193.6636873003936 2381.657201074786
3194.829881543519 2380.6214939163074
3196.0 2380.0
3197.1740426698375 2379.7927193258647
3198.3520095530303 2379.9996518939
3199.353971659708 2380.2067585149857
3200.0 2380.0
3200.2900945739075 2379.3793763489434
3200.22425538143 2378.344887561815
3200.0462884982376 2377.1379549937797
3200.0 2376.0
3200.085389886718 2374.931022580477
3200.3024581583913 2373.9310227352107
3200.3682973508694 2372.9655115223386
3200.0 2372.0
3199.197566105785 2371.0344881681945
3197.9609956682225 2370.0689760269224
3196.743927396549 2369.0689758721896
3196.0 2368.0
3195.7292134785757 2366.8620484103553
3195.9315678322755 2365.6551211032543
3196.168138269838 2364.6206332445263
3196.0 2364.0
3195.4271530227616 2363.7932213696754
3194.449597338124 2364.0002973535525
3193.2472429844242 2364.2072246606535
3192.0 2364.0
3190.707868384852 2363.3786233715937
3189.3708481389804 2362.3430947754323
3188.348403823619 2361.1360187915557
3188.0 2360.0
3188.3256366681267 2358.935038400766
3189.3253138279965 2357.941133993854
3190.6623340738684 2356.9766625900147
3192.0 2356.0
3193.3383116063924 2355.01114622381
3194.677268893044 2354.010101261445
3195.677591733174 2353.0040056683574
3196.0 2352.0
3195.6444936935227 2350.9980842563737
3194.611072813741 2349.9982584374775
3193.272115527089 2348.9993033998426
3192.0 2348.0
3190.7947262324737 2347.0003482379498
3189.656294224511 2346.000348113692
3188.6897151042926 2345.000173932588
3188.0 2344.0
3187.587148911635 2342.9998263159287
3187.451161839196 2341.999652880373
3187.589593847159 2340.9996530046315
3188.0 2340.0
3188.6823802977183 2339.00069386648
3189.636734740314 2338.0017346040704
3190.772721812753 2337.0019080396255
3192.0 2336.0
3193.3185693020564 2334.9960104851934
3194.7284297189203 2333.9899394952054
3195.7740752763243 2332.988898757615
3196.0 2332.0
3195.406203889946 2331.02324322236
3193.992686946164 2330.058628424696
3192.5828265293 2329.0646994146837
3192.0 2328.0
3192.244207358266 2326.8645301806446
3193.3154486040958 2325.6582899566183
3194.7289655478785 2324.622904754282
3196.0 2324.0
3197.1285519604617 2323.7895756937714
3198.114621429262 2323.9916318355963
3199.043380183432 2324.197872059623
3200.0 2324.0
3200.984480878968 2323.3980156567286
3201.996822820335 2322.3919190298075
3203.0107533515343 2321.1898628879826
3204.0 2320.0
3204.964562765732 2318.8223303658597
3205.90444164873 2317.656853985561
3206.892099707363 2316.6629506124823
3208.0 2316.0
3209.2281425266415 2315.6680021481143
3210.576527287287 2315.6669570568256
3211.6366484042887 2315.832433437124
3212.0 2316.0
3211.666582074422 2316.1696567454537
3210.6363946275533 2316.341403673484
3209.2880098669084 2316.342448764773
3208.0 2316.0
3206.77236502683 2315.314057379166
3205.6051049473963 2314.2846209022705
3204.6352923942645 2313.11287397424
3204.0 2312.0
3203.6992277646023 2310.945998979551
3203.7329756880717 2309.950870912893
3203.9002357675045 2308.9803073897883
3204.0 2308.0
3204.0322683855566 2307.0099487435273
3203.997040924175 2306.010153620371
3203.9632930007056 2305.0052816870293
3204.0 2304.0
3204.107161922057 2302.9943085592836
3204.284778766878 2301.9882073648805
3204.3200062282594 2300.9880024880367
3204.0 2300.0
3203.324760082099 2299.0241999007703
3202.2942864745573 2298.0606021903477
3201.1166696297373 2297.066703384751
3200.0 2296.0
3198.944277585347 2294.8604920360954
3197.949502385778 2293.6481794930364
3196.97997599332 2292.611777203459
3196.0 2292.0
3195.0095744058194 2291.8128478826584
3194.008699210777 2292.0503208514347
3193.003474410347 2292.2626333944936
3192.0 2292.0
3190.9982759797385 2291.2624206679548
3189.9983023495606 2290.049895398357
3188.9991775446024 2288.8124224295802
3188.0 2288.0
3187.0007697157544 2287.612628109615
3186.001486691863 2287.6503067584254
3185.001460322041 2287.862832028023
3184.0 2288.0
3182.9971057257408 2288.061810674357
3181.992777499262 2288.0482640510927
3180.992060523153 2288.0105854022827
3180.0 2288.0
3179.0165959298047 2288.0165078442456
3178.041848312566 2288.060108935019
3177.046176539044 2288.0736555582826
3176.0 2288.0
3174.903318695434 2287.839142260171
3173.7561326253453 2287.591082338795
3172.7308802425846 2287.5474812480215
3172.0 2288.0
3171.563491897593 2288.9486385947303
3171.421355935362 2290.3933970322123
3171.5685420054506 2291.641456953588
3172.0 2292.0
3172.7157299190103 2291.4690261714486
3173.715731762481 2290.0485354679336
3174.857867724712 2288.6037770304515
3176.0 2288.0
3177.142128588347 2288.2372043765786
3178.284253489752 2289.3153901601877
3179.284251646281 2290.7358808637027
3180.0 2292.0
3180.431498550909 2293.107747569079
3180.5787472990087 2294.05912357094
3180.4366223976035 2294.980937787331
3180.0 2296.0
3179.268880106197 2297.1163102089467
3178.2432627161947 2298.329868414172
3177.096013968095 2299.3784924123106
3176.0 2300.0
3174.9552208119094 2300.1943911772396
3173.961676403823 2299.96166594403
3172.987293793825 2299.748107738805
3172.0 2300.0
3170.99979502235 2300.717342727615
3169.986678860873 2301.900135921649
3168.9802232689594 2303.1328611548583
3168.0 2304.0
3167.0460090539946 2304.5015524570726
3166.1182504309427 2304.6375185260767
3165.13136659242 2304.4547253320425
3164.0 2304.0
3162.724150653685 2303.2733425299493
3161.3038185534724 2302.2747529218914
3160.231577176524 2301.1387868528873
3160.0 2300.0
3160.6090870239004 2298.8583923632295
3162.0588382482256 2297.7139639425764
3163.479170348438 2296.7125535506348
3164.0 2296.0
3163.6213272029117 2295.5763032906716
3162.343151957174 2295.4414634226505
3160.8934007328494 2295.5858918433037
3160.0 2296.0
3159.6629497586273 2296.68378789274
3159.882250008731 2297.637255521522
3160.1604252544685 2298.772095389544
3160.0 2300.0
3159.4009742453245 2301.320969352891
3158.363347990443 2302.735003448217
3157.14404774034 2303.781535819434
3156.0 2304.0
3154.9312047694243 2303.390395989915
3153.937662048612 2301.9527237891784
3152.9752883034935 2300.538689693853
3152.0 2300.0
3151.0117971381305 2300.3366547076203
3150.010679717886 2301.5486538167133
3149.004222438698 2302.98632601745
3148.0 2304.0
3146.9980124017916 2304.589675764363
3145.998259644073 2304.7553533105406
3144.9993770643177 2304.5433542014475
3144.0 2304.0
3143.0001284511195 2303.1252907061985
3141.999762417676 2301.919226320043
3140.999515175394 2300.7535487738655
3140.0 2300.0
3139.0012168914936 2299.6585799984455
3138.0031658498738 2299.729288769202
3137.003531883318 2299.9353531553575
3136.0 2300.0
3134.9925701999214 2299.9232293031287
3133.9812424830816 2299.7050410647444
3132.979293524701 2299.6343322939874
3132.0 2300.0
3131.0433619089777 2300.802044182782
3130.1093792516353 2302.040464842333
3129.120706968475 2303.258653080718
3128.0 2304.0
3126.747258346211 2304.26450560018
3125.362482007107 2304.052169881257
3124.2964646644496 2303.8137492217065
3124.0 2304.0
3124.4730880137595 2304.6109222161385
3125.7157287057257 2305.646515870122
3127.10050504483 2306.8588515890447
3128.0 2308.0
3128.4142135712373 2309.0699611029872
3128.3431457585402 2310.0687348980077
3128.1005050665735 2311.0331412440237
3128.0 2312.0
3128.0416305588205 2312.9693111659353
3128.2253967430343 2313.9410747418297
3128.296464555731 2314.9423009468096
3128.0 2316.0
3127.336003075842 2317.114171901401
3126.304473783257 2318.2848166510125
3125.1207075990433 2319.3130530751178
3124.0 2320.0
3122.942350986127 2320.3456574256597
3121.9477605574248 2320.350025352095
3120.9792898500104 2320.179380602484
3120.0 2320.0
3119.009891007395 2319.811883544644
3118.0089628721944 2319.615031236416
3117.0035533008963 2319.6106633099803
3116.0 2320.0
3114.9983029695054 2320.783041306476
3113.9984622094116 2321.959787229409
3112.999390344612 2323.1566395376367
3112.0 2324.0
3111.0002911755755 2324.489868616499
3110.0002638713377 2324.626245387133
3109.000104631431 2324.449499464201
3108.0 2324.0
3106.9999499770447 2323.2777469945304
3105.9999545625656 2322.282740447792
3104.999981866803 2321.1463636771578
3104.0 2320.0
3103.0000089621562 2318.843649416318
3102.0000087532717 2317.6773119261125
3101.000004167751 2316.6723184728507
3100.0 2316.0
3098.9999962500183 2315.66035650756
3097.9999929178066 2315.653387995532
3096.999993126691 2315.8197254857373
3096.0 2316.0
3095.0000135377322 2316.1942115383195
3094.0000337398883 2316.4023601006957
3093.0000370721004 2316.409328612724
3092.0 2316.0
3090.999922523587 2315.1743742625226
3089.999804642862 2313.9324514002924
3088.9997844407058 2312.7243028379157
3088.0 2312.0
3087.0004513207455 2311.7595428865443
3086.0011384029413 2312.002931497549
3085.001256283667 2312.2448543597793
3084.0 2312.0
3082.99736955194 2311.268368418212
3081.993364939489 2310.0499596144136
3080.9926778572926 2308.806571003409
3080.0 2308.0
3079.015331367611 2307.6302466041866
3078.038671960125 2307.6973108159686
3077.042676572577 2307.915719619766
3076.0 2308.0
3074.9106422423934 2307.95015195667
3073.7746032997593 2307.7661754897754
3072.751262707245 2307.699111277994
3072.0 2308.0
3071.5208151780243 2308.668841655795
3071.313708241318 2309.7056362453786
3071.4497471839527 2310.889612712273
3072.0 2312.0
3072.964466689459 2313.03679810856
3074.3431472523303 2314.0000070379533
3075.550254189037 2314.9632124483696
3076.0 2316.0
3075.6923846852214 2317.1103696928444
3074.6274082446994 2318.294321526903
3073.248727681828 2319.3311125975097
3072.0 2320.0
3070.881225199216 2320.3009837343743
3069.8924032794757 2320.2340638006317
3068.9573797199973 2320.0501119665732
3068.0 2320.0
3067.020264119485 2320.083727900912
3066.0181720784503 2320.3012956693096
3065.0069939981913 2320.3682156030522
3064.0 2320.0
3062.997190083877 2319.1966488601533
3061.998564249822 2317.9581621835114
3061.0006562908557 2316.7405944151137
3060.0 2316.0
3058.9965953772544 2315.7363789381693
3057.9904424226197 2315.949731229622
3056.9890682566747 2316.188217906264
3056.0 2316.0
3055.0232376525964 2315.385077510831
3054.058781214462 2314.343450438756
3053.0649341690973 2313.130098147303
3052.0 2312.0
3050.86397870717 2310.9531559968464
3049.656870290608 2309.9895661378428
3048.6213267287417 2309.031193209918
3048.0 2308.0
3047.792890104382 2306.8959865080906
3047.9999970418885 2305.7191527341884
3048.207105458451 2304.682742593192
3048.0 2304.0
3047.3786806665357 2303.670924954612
3046.343147458058 2303.695517457029
3045.136040520551 2303.8723512309307
3044.0 2304.0
3042.9350258964027 2304.0784637642355
3041.941118209762 2304.107742523638
3040.9766514182393 2304.083150021221
3040.0 2304.0
3039.0111639550423 2303.858292459974
3038.010143283368 2303.658027401144
3037.004050970009 2303.6287486417414
3036.0 2304.0
3034.9979903733392 2304.77178147592
3033.998022090029 2305.9440930695
3032.9990427617035 2307.144358128331
3032.0 2308.0
3031.0008938049177 2308.5110186845086
3030.001724176458 2308.677414181855
3029.0016924597685 2308.505102588275
3028.0 2308.0
3026.996646797152 2307.1621064170313
3025.9916328512254 2305.9914218393687
3024.9908024796855 2304.825026342022
3024.0 2304.0
3023.0192254121685 2303.516342813303
3022.0484787161913 2303.3740547819316
3021.053492662118 2303.5447393595937
3020.0 2304.0
3018.888000729836 2304.7398367031496
3017.717494851627 2305.7642494690426
3016.688241547605 2306.9065375004143
3016.0 2308.0
3015.652770208815 2309.0446369677993
3015.6465521740474 2310.0404484038127
3015.8170580522565 2311.0160356379192
3016.0 2312.0
3016.1953780172785 2312.992341490054
3016.4031921040914 2313.9930601080823
3016.409410138859 2314.997248672069
3016.0 2316.0
3015.1749616875145 2317.0013140918745
3013.934295201403 2318.0011909476934
3012.7264811145897 2319.0004723296656
3012.0 2320.0
3011.754851857634 2320.999773958697
3011.9910366874915 2321.999794205756
3012.231703173603 2322.9999173499373
3012.0 2324.0
3011.295927166681 2325.0000421559444
3010.1194846736475 2326.0000438177703
3008.8832998437897 2327.000023570711
3008.0 2328.0
3007.4695851422775 2328.9999731056378
3007.292055270622 2329.9999428876226
3007.4684977636557 2330.9999412257966
3008.0 2332.0
3008.8865619796547 2333.000119210233
3010.12818370262 2334.0002988564956
3011.3057135742756 2335.000329074511
3012.0 2336.0
3012.211042979795 2336.9993116329647
3011.9388425136594 2337.9982639734035
3011.6972207906947 2338.998084327141
3012.0 2340.0
3012.8471801415762 2341.00401099198
3014.2387612154225 2342.0101173030826
3015.510961681558 2343.011164962643
3016.0 2344.0
3015.705876170749 2344.9766224151526
3014.6285901938045 2345.9410322081017
3013.2370091199577 2346.934925897
3012.0 2348.0
3010.9175628339317 2349.1362545171023
3009.9896976217515 2350.343689448307
3009.0669835986964 2351.379279655358
3008.0 2352.0
3006.788746825662 2352.205850482233
3005.433224075684 2351.9968311020566
3004.3610892878633 2351.789396170852
3004.0 2352.0
3004.3499562120933 2352.6286425895005
3005.4109579241435 2353.675323939354
3006.7664806741222 2354.88434331953
3008.0 2356.0
3009.1115159017772 2357.022293980764
3010.101028379453 2357.9512252618215
3011.0400266674033 2358.904543911968
3012.0 2360.0
3012.980948377245 2361.237593525917
3013.9828717991372 2362.617324489719
3014.993359321461 2363.6883932086616
3016.0 2364.0
3017.002793834755 2363.5521448637332
3018.001740825724 2362.3448277998623
3018.9998174038315 2360.9650968360597
3020.0 2360.0
3021.002288614228 2359.449537291683
3022.0066832465172 2359.313708711108
3023.0077362555476 2359.5210257749795
3024.0 2360.0
3024.9834744798745 2360.75063138617
3025.9581596951707 2361.772919933489
3026.953765062882 2362.9087485140635
3028.0 2364.0
3029.0968645065254 2365.0466743912975
3030.2443585824576 2366.048771687957
3031.269673367161 2367.026483140638
3032.0 2368.0
3032.4353384809747 2368.9693222660435
3032.575688810084 2369.9344499387676
3032.4281947341515 2370.9323526421085
3032.0 2372.0
3031.2911046076306 2373.1373920124433
3030.3015085570414 2374.3445286794376
3029.161158227932 2375.3794010067136
3028.0 2376.0
3026.8180338732445 2376.206325659298
3025.6152598476656 2375.998377984607
3024.6048558982548 2375.7912413176123
3024.0 2376.0
3023.8006921529022 2376.62465403177
3024.0069323569614 2377.665203412923
3024.20970638254 2378.873151087614
3024.0 2380.0
3023.3778132093416 2381.0457501500814
3022.343146010565 2382.0104015378574
3021.136905806506 2382.9698521567047
3020.0 2384.0
3018.932428591048 2385.1008450677427
3017.9341915796495 2386.2723873599343
3016.9688587784262 2387.3077359721583
3016.0 2388.0
3015.027615244371 2388.3491794434603
3014.0517045115394 2388.3552743025384
3013.0499415229383 2388.1837320103473
3012.0 2388.0
3010.901879942725 2387.804078271497
3009.7555813511135 2387.595966824837
3008.7314920839453 2387.5898719657594
3008.0 2388.0
3007.5611050992784 2388.8263509275607
3007.4148073817805 2390.06892474844
3007.5611059733924 2391.2770361950998
3008.0 2392.0
3008.7314894616043 2392.2378161631414
3009.7555743582043 2391.990484684524
3010.901872075702 2391.7479108636444
3012.0 2392.0
3013.0499581310987 2392.7467520935907
3014.0517464689965 2393.9881671444164
3015.0276615723965 2395.235498623034
3016.0 2396.0
3016.968761751806 2396.281671275314
3017.933946827816 2396.080512448976
3018.932158489918 2395.83909739815
3020.0 2396.0
3021.1374713580635 2396.5632202545257
3022.3445725641077 2397.5287581617267
3023.379387488098 2398.729916988065
3024.0 2400.0
3024.206410099814 2401.3390071975323
3023.9986177875394 2402.746938580662
3023.791516581495 2403.781400673461
3024.0 2404.0
3024.6240680430533 2403.40273656028
3025.6637207106555 2401.9896103543006
3026.8715130229302 2400.5816789711707
3028.0 2400.0
3029.0491816418657 2400.244573440788
3030.019057948527 2401.3153992935345
3030.9794052809243 2402.7285254995136
3032.0 2404.0
3033.0808421057536 2405.1298227949933
3034.221931598185 2406.1179938844934
3035.2520552915244 2407.0471680317473
3036.0 2408.0
3036.4657657236144 2408.9764897892533
3036.6493524623647 2409.9766373995058
3036.508262969933 2410.9884663100056
3036.0 2412.0
3035.1245635525647 2413.011238469489
3033.881953627628 2414.022181718473
3032.698366888877 2415.0220341082204
3032.0 2416.0
3031.7868529609977 2416.9560793938126
3032.0589257718693 2417.8902722896573
3032.301535696807 2418.8793290406734
3032.0 2420.0
3031.15431868145 2421.2522851676363
3029.7644917411562 2422.636184543582
3028.492418930284 2423.701991647737
3028.0 2424.0
3028.287234950303 2423.5302096003707
3029.354123781194 2422.2926204488494
3030.7439507214885 2420.908721072903
3032.0 2420.0
3033.1222716167304 2419.5664572301407
3034.110765571678 2419.6080927633247
3035.043876740787 2419.845681914846
3036.0 2420.0
3036.9791353493174 2420.0710470187864
3037.98128278874 2420.058822971205
3038.992788833792 2420.017187438021
3040.0 2420.0
3041.0029162873643 2420.007260657142
3042.001537695884 2420.0389694094465
3042.999390256462 2420.051193457028
3044.0 2420.0
3045.003366926498 2419.8853890383634
3046.0094910359558 2419.707360572117
3047.0108696274356 2419.675651819812
3048.0 2420.0
3048.976882153648 2420.68040511268
3049.941516088381 2421.716867157853
3050.9353919789232 2422.894895624099
3052.0 2424.0
3053.135340151612 2425.0321802855565
3054.3414124337587 2425.9914364807673
3055.376778499026 2426.9549744355954
3056.0 2428.0
3056.21107693668 2429.1265131739833
3056.0100093090673 2430.334513957544
3055.8039370269203 2431.3752577623327
3056.0 2432.0
3056.5981982283065 2432.208740670547
3057.598531711839 2432.0014797739723
3058.7995993394525 2431.7934789904116
3060.0 2432.0
3061.1997336934837 2432.6210428027375
3062.398800419902 2433.656607398624
3063.398466936369 2434.863868295199
3064.0 2436.0
3064.2033996107943 2437.065002513027
3064.0086657687525 2438.058875834281
3063.8095990423344 2439.0233112383944
3064.0 2440.0
3064.5798686417497 2440.9889421190987
3065.5492049675836 2441.9901375956897
3066.743938809626 2442.996264274436
3068.0 2444.0
3069.317388538707 2445.0013447723813
3070.696104425746 2446.0002985915808
3071.726768099912 2446.99910311499
3072.0 2448.0
3071.5158001260106 2449.0029892466114
3070.2741684779435 2450.008070854824
3068.8954525909044 2451.0091170356245
3068.0 2452.0
3067.5878107052304 2452.9807197479504
3067.6588847065946 2453.9512762794757
3067.900516354662 2454.9461946712636
3068.0 2456.0
3067.95733564261 2457.1126922656867
3067.7725232824905 2458.284271468323
3067.701449281126 2459.3137149367976
3068.0 2460.0
3068.668175439112 2460.34312665793
3069.705975598463 2460.3430949105873
3070.890787958582 2460.171515707951
3072.0 2460.0
3073.0336117227157 2459.828547786734
3073.9916231267302 2459.657159068153
3074.9538229673794 2459.657190815495
3076.0 2460.0
3077.1301542245915 2460.6855866216665
3078.344285641155 2461.713950680495
3079.3862742371407 2462.8853393990757
3080.0 2464.0
3080.185462929734 2465.0579324832675
3079.942663026342 2466.0591368488776
3079.7285316097787 2467.030772790049
3080.0 2468.0
3080.7570681970055 2468.9668184787306
3081.9997362007953 2469.9312282262404
3083.2425361041883 2470.9300238606306
3084.0 2472.0
3084.272127888233 2473.1411566443508
3084.058919768887 2474.353493793682
3083.8162517650967 2475.3890840461722
3084.0 2476.0
3084.610164473597 2476.1862416551667
3085.646745185887 2475.947809011671
3086.8599533052334 2475.7354718623396
3088.0 2476.0
3089.066885270187 2476.7413934246515
3090.060609115794 2477.9596521362946
3091.0240284035035 2479.198084779791
3092.0 2480.0
3092.988523905282 2480.3653977969234
3093.98960011935 2480.29427817056
3094.995876273743 2480.076019458917
3096.0 2480.0
3097.0019712981207 2480.0662197938095
3098.001790168105 2480.274678840345
3099.0007139540367 2480.3457984667084
3100.0 2480.0
3100.999648305994 2479.2372834402204
3101.9996588720196 2478.0576487873695
3102.999840002036 2476.849189740834
3104.0 2476.0
3105.000138865913 2475.5100795648677
3106.0002565997747 2475.379428435437
3107.000246033749 2475.559063088288
3108.0 2476.0
3108.9995184985273 2476.7022391705727
3109.9988015293306 2477.665780600007
3110.998683795469 2478.7964317294372
3112.0 2480.0
3113.002750142924 2481.276485411693
3114.0069342242414 2482.6258879645184
3115.0076511934376 2483.6623465350845
3116.0 2484.0
3116.983980643928 2483.638848359265
3117.9595931252215 2482.5788916128804
3118.955409043904 2481.2294890600556
3120.0 2480.0
3121.093365993508 2478.8904244327136
3122.2355070244294 2477.900762358197
3123.259894543135 2476.960719104582
3124.0 2476.0
3124.4558233950224 2475.0186050444527
3124.627364728204 2474.0165342379387
3124.485223697284 2473.0061963124554
3124.0 2472.0
3123.1716936363555 2470.9979453005726
3122.0003046063475 2470.000032214173
3120.8287632731663 2469.002103020687
3120.0 2468.0
3119.5140147868487 2466.993723152112
3119.3708076337125 2465.983272477023
3119.54219666372 2464.9811855634225
3120.0 2464.0
3120.7442176425525 2463.0397157867565
3121.774849591378 2462.100332923691
3122.918056744514 2461.11078359878
3124.0 2460.0
3125.0206793578354 2458.7679821273505
3125.98009481802 2457.414729980831
3126.9494628691946 2456.3541128438965
3128.0 2456.0
3129.1317062104354 2456.3523914491416
3130.344581500501 2457.411287191321
3131.3851660403166 2458.7645393378402
3132.0 2460.0
3132.1890833795524 2461.117669177801
3131.952416178974 2462.1175468712427
3131.7395408889083 2463.058651129063
3132.0 2464.0
3132.7337935122496 2464.9415934840536
3133.9409214256566 2465.8834315812237
3135.1775886262353 2466.883553887782
3136.0 2468.0
3136.4081555469506 2469.2327699178772
3136.4020552670863 2470.581863641414
3136.194927353679 2471.6400255442445
3136.0 2472.0
3135.81727320605 2471.661787008682
3135.6467469718273 2470.6253865702897
3135.6528472516916 2469.2762928467523
3136.0 2468.0
3136.688205216753 2466.796508030032
3137.717462901951 2465.6658169368484
3138.887989136173 2464.7022173752407
3140.0 2464.0
3141.0534954934315 2463.559164811128
3142.048475616468 2463.379711808623
3143.0192179312703 2463.510402901807
3144.0 2464.0
3144.9908218226565 2464.8485031032023
3145.9916833992397 2466.055912211413
3146.9967032762033 2467.2353652139177
3148.0 2468.0
3149.00157357063 2468.349816569661
3150.001423988093 2468.2848149228994
3151.0005624115092 2468.0774058146885
3152.0 2468.0
3152.9997367535652 2468.052597478835
3153.999772672204 2468.235198251193
3154.9999222547417 2468.300199897955
3156.0 2468.0
3157.0000059079807 2467.33459855733
3157.999939978683 2466.3039955699437
3158.999904060044 2465.1213947975857
3160.0 2464.0
3161.0002277985514 2462.939811177187
3162.0005874556978 2461.9408283291464
3163.0006533849955 2460.9714313165327
3164.0 2460.0
3164.998627300712 2459.026534379549
3165.996535287131 2458.051034455179
3166.996175629984 2457.050017303219
3168.0 2456.0
3169.008008397178 2454.9009825455205
3170.0202008215174 2453.752964939781
3171.022292835098 2452.7284648641507
3172.0 2452.0
3172.953322316223 2451.567570347328
3173.882259783766 2451.4311759061356
3174.8700673594267 2451.5791935118755
3176.0 2452.0
3177.272057705487 2452.6935953705092
3178.6862404758867 2453.659979623403
3179.7573030083427 2454.7963740645955
3180.0 2456.0
3179.4143314508574 2457.270857429615
3178.0002973609157 2458.608946353442
3176.5861145905164 2459.6425621005483
3176.0 2460.0
3176.2419535893687 2459.6812600517983
3177.31197535862 2458.6863422559427
3178.7260094485623 2457.3482533321157
3180.0 2456.0
3181.133947012934 2454.6415822595955
3182.1278504873644 2453.273000110902
3183.057828718113 2452.2679179067577
3184.0 2452.0
3184.9543643330276 2452.46924639063
3185.920921717194 2453.675657078646
3186.9270182427636 2455.0442392273394
3188.0 2456.0
3189.139866988903 2456.542939396628
3190.346619209473 2456.673057417223
3191.3800618253063 2456.4666467292063
3192.0 2456.0
3192.2064337335532 2455.2731172296044
3191.9993630259664 2454.2859984180177
3191.7926108053966 2453.155880397423
3192.0 2452.0
3192.621530609776 2450.8183572257503
3193.6572026347267 2449.6109520746722
3194.8642733423135 2448.5980708862585
3196.0 2448.0
3197.0643826077867 2447.8167394158977
3198.057421165674 2448.048289133951
3199.0217491407243 2448.2556942850288
3200.0 2448.0
3200.9921737435016 2447.281206278865
3201.9982703712285 2446.099313121623
3203.0052318133417 2444.86776340357
3204.0 2444.0
3204.982574931205 2443.496022910915
3205.952956606955 2443.355832136314
3206.946859979228 2443.5377252935555
3208.0 2444.0
3209.112376669271 2444.7426562556466
3210.2839899870405 2445.7656940604957
3211.31360831129 2446.9058848350974
3212.0 2448.0
3212.343165053171 2449.048039555206
3212.343103470803 2450.0500035007135
3212.1714901530327 2451.0269656958644
3212.0 2452.0
3211.828633011704 2452.9691064131202
3211.657389188145 2453.934284935225
3211.657450770513 2454.9323209897175
3212.0 2456.0
3212.6850368766045 2457.1373219660736
3213.712561400328 2458.3442868879374
3214.883805223887 2459.379108365833
3216.0 2460.0
3217.061145728666 2460.206961790439
3218.0672424098857 2459.99999373715
3219.0397178861626 2459.793028815286
3220.0 2460.0
3220.948088751399 2460.620907291293
3221.8839841403583 2461.655750689163
3222.8778874591385 2462.862718742452
3224.0 2464.0
3225.250321762943 2465.0675944618056
3226.6288527479664 2466.06550212787
3227.692957359007 2467.0306587299992
3228.0 2468.0
3227.5499806709468 2468.973525937872
3226.3428993718453 2469.9512365436162
3224.9643683868226 2470.953328877552
3224.0 2472.0
3223.4497942113803 2473.09124991096
3223.3137510209613 2474.2270786104323
3223.5208323200623 2475.249368004688
3224.0 2476.0
3224.751254060776 2476.478974596368
3225.774594502389 2476.6862917937915
3226.9106376928075 2476.5504630943196
3228.0 2476.0
3229.042681423966 2475.034902510834
3230.0386819647056 2473.65517062682
3231.015341523093 2472.447853429396
3232.0 2472.0
3232.9926573954285 2472.311610338631
3233.993313709377 2473.3826844452897
3234.9973131686374 2474.7624163293035
3236.0 2476.0
3237.001374203466 2477.0954354573805
3238.0014357790337 2478.0487227014446
3239.000779465085 2478.977648594787
3240.0 2480.0
3240.9990973837794 2481.115776917086
3241.998071616422 2482.3249793460445
3242.998010040854 2483.3716921019804
3244.0 2484.0
3245.0040414938603 2484.209903040104
3246.010134522435 2484.001401222291
3247.011160289792 2483.7921987933332
3248.0 2484.0
3248.976653653059 2484.624804842292
3249.9411212489695 2485.6666133202098
3250.935028220395 2486.8751151380225
3252.0 2488.0
3253.136036587784 2489.041267906142
3254.343137983748 2489.9989188564496
3255.3786703878377 2490.957110378532
3256.0 2492.0
3256.207126820235 2493.1275877208545
3256.0000508485427 2494.3398735410947
3255.792949452579 2495.382222590788
3256.0 2496.0
3256.621202490807 2496.1932057687322
3257.656556924998 2495.9618398969837
3258.863632896691 2495.7495540767436
3260.0 2496.0
3261.0656582349275 2496.713177666753
3262.060607601471 2497.889087077003
3263.025253167279 2499.120452948751
3264.0 2500.0
3264.9848480996325 2500.5277282307497
3265.979797466176 2500.7036376409987
3266.9848480996316 2500.527728230749
