274 214
3004.0 2287.3266710789685
3276.807223016406 2500.1449160175666
1.0 1.0
3268.0 2500.0
3272.8072230164053 2500.1449160175666
3275.7429640218743 2499.526554690089
3276.807223016406 2498.144916017567
3276.0 2496.0
3273.3212949726562 2493.091806637388
3268.771107934376 2489.420335929732
3263.835366928906 2486.0386972572096
3260.0 2484.0
3257.2650071476546 2483.304244158103
3255.630388371872 2483.951429731518
3254.1805754101524 2484.622900439175
3252.0 2484.0
3249.0886621414134 2482.0827284139946
3245.446561834393 2478.8710856811585
3242.0811806101765 2475.223900107743
3240.0 2472.0
3239.2030200038653 2469.1993853579297
3239.6902406217714 2466.8220561815324
3240.332340928792 2465.033698914369
3240.0 2464.0
3238.693217835396 2463.7209594384267
3236.4119944349795 2464.196577229648
3233.9247738170734 2464.5739064060454
3232.0 2464.0
3230.637672983759 2462.474858011511
3229.8377927683505 2459.9984804405794
3229.119016168767 2457.522862649358
3228.0 2456.0
3226.4807442620495 2455.429892492506
3224.5612489549158 2455.8125401268744
3222.3611291703246 2456.2889176978056
3220.0 2456.0
3217.477861443943 2454.945787033456
3214.7947135021523 2453.126278798175
3212.714208809286 2450.743631163806
3212.0 2448.0
3212.6520870742947 2444.895385306757
3214.6704700321698 2441.429787084077
3216.3536179739604 2438.2492953193587
3216.0 2436.0
3213.609616110291 2434.6819011260022
3209.182466304831 2434.2949986973645
3204.164083346956 2434.760596920044
3200.0 2436.0
3196.6902162639626 2438.0132079372315
3194.234732138844 2440.8002207317377
3191.661881944303 2443.187123160376
3188.0 2444.0
3183.2490863059343 2443.238851250612
3177.409140862106 2440.90367691221
3171.864624987225 2438.116664117703
3168.0 2436.0
3165.8152659004327 2434.553684559101
3165.3104226885216 2433.7777177950056
3166.15036813235 2433.1128921334075
3168.0 2432.0
3170.859318291472 2430.439041394785
3174.7283230067665 2428.4300163177604
3178.233166218677 2426.2059830818553
3180.0 2424.0
3180.0288243507343 2421.812067072193
3178.3196392708805 2419.642184298434
3176.4506345555865 2417.6512093754586
3176.0 2416.0
3176.967735604121 2414.6885561720596
3179.3538413679503 2413.716877891636
3182.0630264478036 2412.886760665395
3184.0 2412.0
3185.1647620245385 2411.056595895452
3185.557312521419 2410.056548351751
3185.171206757591 2409.0282266321747
3184.0 2408.0
3182.043692248649 2406.9718684552286
3179.302283503537 2405.9438319978585
3176.909733006656 2404.94387954156
3176.0 2404.0
3176.5730844835684 2403.11219337318
3178.628986457362 2402.2804596611004
3181.3703952024744 2401.30849611847
3184.0 2400.0
3186.5178008499397 2398.354971305692
3188.9237977522926 2396.373410035543
3190.8678957784996 2394.2051437476234
3192.0 2392.0
3192.3201104167956 2389.7579787926725
3191.8282270288846 2387.479080125641
3191.422230126532 2385.460641395789
3192.0 2384.0
3193.56153664929 2383.0971559382738
3196.1068400743998 2382.752109210611
3198.5987234623103 2382.031007877642
3200.0 2380.0
3200.310669687469 2376.6590855776835
3199.530732524716 2372.008264610693
3197.9854290996054 2367.353311338356
3196.0 2364.0
3193.574445225899 2361.9483305956246
3190.7087647773037 2361.1983031252294
3188.488701940056 2360.8491240922203
3188.0 2360.0
3189.2426589571355 2358.65093084857
3192.2166788114623 2356.80191663793
3195.082359260058 2354.551944108325
3196.0 2352.0
3194.969601031289 2349.1460843129553
3191.9911623539238 2345.990197047191
3189.0171424995965 2342.8392112578317
3188.0 2340.0
3188.9397348551324 2337.4725632736972
3191.836347064995 2335.2569010789234
3194.81478574236 2333.4127883446877
3196.0 2332.0
3195.391989837915 2331.0185360448604
3192.9907552561044 2330.4683964792684
3191.094143046242 2329.6840586740427
3192.0 2328.0
3195.7083261173775 2325.4162204571408
3202.219121398376 2321.932720045465
3208.620355980186 2318.4828596110565
3212.0 2316.0
3212.358053457817 2314.484141212296
3209.6945163536375 2313.935283247943
3206.183721072639 2313.4187836596193
3204.0 2312.0
3203.1433531357206 2309.6789322690865
3203.613780479801 2306.4555804668776
3204.2773175839807 2303.00443843123
3204.0 2300.0
3202.7818277278593 2297.442265173187
3200.622800767559 2295.3312339507916
3198.1523734234793 2293.5545857530005
3196.0 2292.0
3194.1656804971235 2290.6674766917913
3192.6494149148475 2289.5570158283736
3190.808441875148 2288.668047050769
3188.0 2288.0
3184.2240892894033 2287.5528746760665
3179.480709743358 2287.3266710789685
3174.9969753256337 2287.4371319423863
3172.0 2288.0
3170.489783766457 2289.0152752518097
3170.4663266250054 2290.4829576978154
3171.209706171051 2291.7091612949134
3172.0 2292.0
3172.8372081118546 2291.355473813075
3173.7213305066134 2289.775582734139
3174.744787648065 2288.307900288133
3176.0 2288.0
3177.486967562418 2288.8518818697394
3179.205690335319 2290.8635458973517
3180.3215679405603 2293.443436976288
3180.0 2296.0
3178.240986513638 2298.5332349684872
3175.044527481474 2301.0431418817498
3171.3258047085724 2303.031477854138
3168.0 2304.0
3165.0671133557557 2303.9487083193367
3162.5271447758396 2302.8776028121483
3160.723603808004 2301.367695898886
3160.0 2300.0
3160.356333351828 2298.774515115492
3161.7926038634887 2297.6912412453603
3163.332572443405 2296.7623467525486
3164.0 2296.0
3163.794886533274 2295.4042009877135
3162.7172320432273 2294.97494971569
3161.280961531567 2295.058223585821
3160.0 2296.0
3158.874347448526 2297.800278958226
3157.9040038771445 2300.459060460501
3156.9816583671914 2302.888311732525
3156.0 2304.0
3154.959028775572 2303.7941252629266
3153.8587446939055 2302.270687521305
3152.8290882652873 2300.611906019031
3152.0 2300.0
3151.3714798980454 2300.4349694642133
3150.943527959423 2301.91681441167
3150.0438120410895 2303.440252153292
3148.0 2304.0
3144.8120918361556 2303.5960579517937
3140.4800875495557 2302.2284260086735
3135.908039488178 2300.7465810612166
3132.0 2300.0
3128.755969085022 2299.988682825025
3126.175946743243 2300.7126295362905
3124.507951029843 2302.080261479411
3124.0 2304.0
3124.6520936537145 2306.471845098058
3126.4642319909863 2309.495796773584
3128.0442543327654 2312.7718500623187
3128.0 2316.0
3126.331468992692 2319.1802465866294
3123.0386613108403 2322.312589822206
3118.226522973569 2324.2886381466797
3112.0 2324.0
3104.3590923901347 2321.4466753821675
3095.3038001439727 2316.628664293182
3086.5966078258243 2311.4963210576047
3080.0 2308.0
3075.5139766665 2306.139701120367
3073.1385378253244 2305.9154244187057
3072.1938300714864 2306.7334355076914
3072.0 2308.0
3072.557047610865 2309.715117895631
3073.864972904081 2311.878789194585
3075.240411745257 2314.103065896247
3076.0 2316.0
3076.143737668311 2317.569591505846
3075.67162475019 2318.811840413784
3074.3636994569733 2319.6481691148306
3072.0 2320.0
3068.5805263792695 2319.867333069294
3064.1052785947822 2319.2501683227115
3059.577391512904 2318.0079194147734
3056.0 2316.0
3053.3731040560715 2313.226410078392
3051.696703681117 2309.687149649949
3050.1719514656043 2306.304314396531
3048.0 2304.0
3045.1808492843033 2302.774206460355
3041.7144993185157 2302.6269337775957
3038.39089969347 2303.1661942060387
3036.0 2304.0
3034.541800238106 2305.1283511594793
3034.0163004077885 2306.551247684477
3033.482650373576 2307.6985203672357
3032.0 2308.0
3029.5683492870594 2307.4556865827694
3026.1876982347544 2306.0655801155444
3022.7131980650724 2304.642683590547
3020.0 2304.0
3018.048104039538 2304.1375293439037
3016.857510183685 2305.0552716222583
3016.2381612359904 2306.4453780894833
3016.0 2308.0
3016.1430264757155 2309.719137353809
3016.667240663136 2311.602790150909
3016.857834518989 2313.685047872555
3016.0 2316.0
3014.093737106171 2318.547646533245
3011.1390458375 2321.327987472289
3008.614831650079 2324.4443346751887
3008.0 2328.0
3009.2945508872635 2331.9949834467234
3012.498484311868 2336.429285015359
3015.4531755805383 2340.6489440763144
3016.0 2344.0
3014.1389575702515 2346.482452786415
3009.870048291294 2348.0963024355597
3005.6661148666894 2349.662000866925
3004.0 2352.0
3004.8717036912267 2355.110299834786
3008.2812259403695 2358.9929003712823
3012.550135219327 2362.3790507221374
3016.0 2364.0
3018.6308202823875 2363.85574820487
3020.4425960664903 2361.946295336747
3022.0330738173475 2360.0636948002507
3024.0 2360.0
3026.343374614447 2361.7552109359954
3029.063197660689 2365.329327608236
3031.2514218765864 2369.238780476359
3032.0 2372.0
3031.3089320309314 2373.6129861791587
3029.1782179693787 2374.0777390138364
3026.458394923137 2374.5036223415955
3024.0 2376.0
3021.803033199969 2378.566871989051
3019.8674945230423 2382.2042383087473
3017.9982085845954 2385.73948547407
3016.0 2388.0
3013.8728687692574 2388.9857818865366
3011.6168148923675 2388.6968311336805
3009.5523535692937 2388.059464813984
3008.0 2388.0
3006.9597541844864 2388.5184366917283
3006.4316161227534 2389.614774889168
3006.6876699996433 2390.9037256420243
3008.0 2392.0
3010.368606123824 2392.9035979630953
3013.7934883711146 2393.6145195313097
3017.321626432848 2394.5181813338695
3020.0 2396.0
3021.8286090725715 2398.0599755297017
3022.807453650561 2400.6981079229736
3023.3825714032705 2402.9871863547587
3024.0 2404.0
3024.65973944075 2403.736548858695
3025.3617897255194 2402.196832930846
3026.3829451475294 2400.5587005375737
3028.0 2400.0
3030.2129542829316 2400.520731318125
3033.0218079963233 2402.1208944919485
3035.319757711554 2404.660610419798
3036.0 2408.0
3035.0625348616622 2412.1390632325547
3032.507362296541 2417.0778001174626
3029.6985085831498 2421.477636943639
3028.0 2424.0
3027.411836547094 2424.6448892865455
3027.9340182244305 2423.4123048032757
3029.4891907895517 2421.473567918368
3032.0 2420.0
3035.4664458557745 2418.991601048172
3039.888528356876 2418.448371062884
3044.366346679539 2418.680955546153
3048.0 2420.0
3050.789488318257 2422.405504424423
3052.734811634311 2425.897468819422
3054.31272913321 2429.4406988047103
3056.0 2432.0
3057.796624234682 2433.575372405291
3059.702601837256 2434.1668160205836
3061.7572785212024 2434.6748516255843
3064.0 2436.0
3066.430766273651 2438.14226114383
3069.049577342154 2441.1016350570753
3071.1435997395797 2444.510191441783
3072.0 2448.0
3071.618778123414 2451.571060731728
3069.999934109822 2455.2233736369653
3068.3811230413185 2458.26399972372
3068.0 2460.0
3068.8565649858656 2460.4313744658048
3070.9508179989157 2459.5581231211345
3073.569662012508 2458.905810215897
3076.0 2460.0
3078.2418319613926 2462.840692473444
3080.295157896685 2467.4278876362287
3082.200904883635 2472.301138980899
3084.0 2476.0
3085.692443245781 2478.5244706935327
3087.278234620977 2479.8745510614963
3089.224908685684 2480.2873558987117
3092.0 2480.0
3095.603508563923 2479.012483365361
3100.035434377454 2477.3248059947946
3104.449643002258 2475.974725626831
3108.0 2476.0
3110.6865053706806 2477.400629114302
3112.5091591142996 2480.176612969736
3114.077233300769 2482.8642903403024
3116.0 2484.0
3118.277459211993 2483.583741948829
3120.909610936749 2481.6155161867887
3123.0869571931294 2478.8395323313543
3124.0 2476.0
3123.6487393573593 2473.0969191927265
3122.0331752652073 2470.1302899095335
3120.4010235404517 2467.0985156715733
3120.0 2464.0
3120.830104643853 2460.834742894813
3122.8913374720087 2457.6027443560124
3125.506901564161 2455.569373639206
3128.0 2456.0
3130.370632779527 2458.8946234383957
3132.6187999027416 2464.253243954392
3134.557567074585 2469.485242493193
3136.0 2472.0
3136.946098678987 2471.7975164748145
3137.3958631115443 2468.8777919176355
3138.14769598833 2465.5191714016396
3140.0 2464.0
3142.9527751465557 2464.320277712719
3147.0060214279956 2466.480004539795
3151.5562569954386 2468.399729096974
3156.0 2468.0
3160.337250441682 2465.280817248873
3164.5680083204834 2460.242180843594
3168.5147620390435 2455.082454016517
3172.0 2452.0
3175.023722203353 2450.994818794041
3177.585928649103 2452.066910398641
3179.3551707703014 2454.105546803921
3180.0 2456.0
3179.5204163382004 2457.7502699868796
3177.9164197849004 2459.3563567645588
3176.354213339151 2460.284265159959
3176.0 2460.0
3176.853779767449 2458.503561284682
3178.915552641497 2455.7949490140045
3181.5195491947966 2453.188862236325
3184.0 2452.0
3186.356905057107 2452.228362305029
3188.5902643661175 2453.8739491514125
3190.5284914920694 2455.5825614220903
3192.0 2456.0
3193.0047898899106 2455.1262648851434
3193.542861161801 2452.961356077519
3194.3095018527906 2450.3157692311356
3196.0 2448.0
3198.6143556034303 2446.0140483841124
3202.1525686630803 2444.3579143834727
3205.61449739119 2443.5228231910964
3208.0 2444.0
3209.3090764895105 2445.7894448101824
3209.5417268597203 2448.891157621645
3210.00351380007 2452.5472916222843
3212.0 2456.0
3215.531185459511 2459.249282754792
3220.597070178602 2462.29513988666
3225.3644198083916 2465.1934270751976
3228.0 2468.0
3228.5038107534274 2470.7148586610674
3226.8758520686733 2473.3380030584
3224.8099673495826 2475.2921459265326
3224.0 2476.0
3224.4459500199264 2475.4615652788043
3226.1478174093613 2473.6768417629437
3228.7757760941154 2472.0536973656117
3232.0 2472.0
3235.8204891270148 2473.515749666109
3240.2372434751605 2476.600946363939
3244.5353760857256 2480.3856698797995
3248.0 2484.0
3250.631115217984 2487.443936724541
3252.4287217396786 2490.7174800534226
3254.011967391533 2493.6322833555923
3256.0 2496.0
3258.3928195650815 2497.8206299866442
3261.190426086774 2499.094173315525
3264.39281956508 2499.820629986644
3268.0 2500.0
3268.0 2500.0
