291 227
2995.9769258023034 2281.9034480917435
3286.0543627684465 2508.085187920644
1.0 1.0
3286.0 2508.0
3285.786437778808 2507.4674722855866
3285.5277478802864 2506.6799596881265
3285.221844728791 2505.688459184228
3284.866642748674 2504.543967750502
3284.460056364292 2503.2974823635554
3284.0 2502.0
3283.4843880801527 2500.7025176364446
3282.911135029104 2499.4560322494985
3282.27815527121 2498.3115408157714
3281.583363230825 2497.3200403118735
3280.824673332302 2496.5325277144125
3280.0 2496.0
3279.1093432339158 2495.7502349464125
3278.1610453366307 2495.7181335361015
3277.1655341863707 2495.8153775526853
3276.133237661362 2495.9536487797836
3275.074583639829 2496.044629001015
3274.0 2496.0
3272.920831576777 2495.7502462816087
3271.8520910317807 2495.3010632357255
3270.809707983307 2494.6769489734866
3269.8096120496543 2493.9024016060284
3268.8677328491194 2493.001919244487
3268.0 2492.0
3267.2165897182344 2490.9247058530773
3266.504664610322 2489.8183542617367
3265.8456338804017 2488.726826553367
3265.220906732615 2487.696004055361
3264.6118923711006 2486.7717680951073
3264.0 2486.0
3263.3702169576927 2485.4120414171907
3262.721843119525 2484.981075272884
3262.0577564950854 2484.6657448130454
3261.38083509396 2484.4246932836413
3260.6939569257356 2484.2165639306368
3260.0 2484.0
3259.3025424509947 2483.7419432929737
3258.607962911577 2483.4425298319134
3257.923340139257 2483.1101941944526
3257.2557528915468 2482.753370958224
3256.612279925957 2482.3804947008616
3256.0 2482.0
3255.419613238328 2481.6201854109145
3254.8463052341685 2481.248805399463
3254.2488829478875 2480.8934784091452
3253.5961533398536 2480.561822883462
3252.856923370435 2480.2614572659136
3252.0 2480.0
3251.009745336431 2479.777315063367
3249.932742077675 2479.562248570234
3248.8311280691923 2479.315892168966
3247.767041156445 2478.999337507928
3246.802619184893 2478.5736762354845
3246.0 2478.0
3245.4025165270573 2477.2520358171
3244.9782820106875 2476.3540521714544
3244.676604775343 2475.342952914991
3244.4467931454783 2474.255641899642
3244.238155445545 2473.1290229773344
3244.0 2472.0
3243.6950033701537 2470.899726853417
3243.3393150647616 2469.836357558765
3242.9624528294357 2468.8122961710687
3242.5939344097915 2467.8299467453585
3242.263277551441 2466.8917133366594
3242.0 2466.0
3241.8174699923266 2465.15831602849
3241.664457730267 2464.3745916675625
3241.473583906913 2463.6578624007343
3241.177469215356 2463.017163711521
3240.708734348687 2462.461531083437
3240.0 2462.0
3239.01659814202 2461.63367569929
3237.854705866023 2461.331942437652
3236.6432115429125 2461.0562542259945
3235.5110035436 2460.7680650752272
3234.586970238993 2460.428828996259
3234.0 2460.0
3233.838359661812 2459.4551293224963
3234.0278299167558 2458.816157100347
3234.4535699214366 2458.1171206952868
3235.000738832466 2457.392057469052
3235.5544958064506 2456.675004783378
3236.0 2456.0
3236.24107432184 2455.397658862575
3236.2561966891785 2454.884910642441
3236.042508771339 2454.4752629928576
3235.597152237646 2454.1822235670834
3234.9172687574246 2454.0193000183776
3234.0 2454.0
3232.8640097174916 2454.12090189387
3231.6140499931967 2454.310866996555
3230.3763949932077 2454.4818273332826
3229.2773188836177 2454.5457149292806
3228.4430958305174 2454.414461809777
3228.0 2454.0
3228.025109030416 2453.248363191574
3228.3987144491466 2452.2419917417087
3228.9519112558305 2451.097427674012
3229.515794450108 2449.9312130120907
3229.921459031618 2448.859889779551
3230.0 2448.0
3229.628146753438 2447.431941636132
3228.865166284294 2447.091536406981
3227.8159599834717 2446.8784619706703
3226.585429241878 2446.6923959853225
3225.2784754504196 2446.4330161090584
3224.0 2446.0
3222.841933585462 2445.3201665601973
3221.8443241173854 2444.4288996674054
3221.034248810285 2443.388724443307
3220.438784878677 2442.262166009585
3220.085009537077 2441.1117494879213
3220.0 2440.0
3220.19856334916 2438.9818365675246
3220.646426135057 2438.081753812288
3221.2970447753905 2437.3166402561033
3222.10387568786 2436.703384420784
3223.020375290163 2436.258874828145
3224.0 2436.0
3225.0027019067898 2435.93767235489
3226.014415786834 2436.0588998982603
3227.027572088154 2436.3447145322834
3228.0346012587743 2436.776148159133
3229.027933746715 2437.3342326809807
3230.0 2438.0
3230.9480364310903 2438.748955494398
3231.888503310203 2439.534498446525
3232.842666871994 2440.3045016147644
3233.8317933511194 2441.0068377575
3234.877148982236 2441.5893796331175
3236.0 2442.0
3237.20515236885 2442.196135297147
3238.431570972357 2442.1734766860104
3239.6017604238727 2441.9372790086604
3240.63822533675 2441.4927971071634
3241.463470324341 2440.845285823587
3242.0 2440.0
3242.1943170564714 2438.975762576275
3242.0889165040744 2437.8456688835067
3241.7502914325173 2436.6963823505953
3241.2449349315125 2435.61456640644
3240.6393400907696 2434.6868844799415
3240.0 2434.0
3239.3786905163747 2433.6137773607165
3238.768318566904 2433.480884817
3238.1470738460594 2433.52719158896
3237.493146048313 2433.6785668967063
3236.784724868136 2433.86087996035
3236.0 2434.0
3235.1242542113655 2434.041350203081
3234.1711425616463 2434.0085696262727
3233.1614131832466 2433.944851293567
3232.1158142085706 2433.8933882289575
3231.0550937700204 2433.8973734564374
3230.0 2434.0
3228.966885230758 2434.230081086218
3227.95451859392 2434.5589107519854
3226.957273420954 2434.943403236774
3225.969523043333 2435.340472780057
3224.9856407925245 2435.7070336213083
3224.0 2436.0
3223.008204865603 2436.186473600194
3222.0107830626766 2436.274305884306
3221.0094931329363 2436.281535759339
3220.0060936181 2436.2262021322967
3219.0023430598812 2436.126343910182
3218.0 2436.0
3217.000295306829 2435.866617105598
3216.002349155375 2435.7512731181996
3215.0047540473006 2435.6804537258718
3214.006102484271 2435.6806446166847
3213.004986967949 2435.7783314787043
3212.0 2436.0
3210.990613907081 2436.356317236675
3209.9798203158257 2436.794675716973
3208.9714906778618 2437.2466493371744
3207.9694964448177 2437.643811993559
3206.977709068321 2437.917737582408
3206.0 2438.0
3205.0372490648488 2437.8470028365937
3204.0783695813257 2437.5144684583565
3203.1092832412546 2437.082948925433
3202.1159117364605 2436.632996297969
3201.084176758767 2436.2451626361094
3200.0 2436.0
3198.8603898335255 2435.9593751206553
3197.7067013588758 2436.1104134125667
3196.5913763571234 2436.421554961096
3195.5668566093445 2436.8612398516034
3194.685583896612 2437.397908169451
3194.0 2438.0
3193.5397101195695 2438.6395707548604
3193.2429731313246 2439.3031371506377
3193.025211330254 2439.9808312301852
3192.8018470113507 2440.6627850363593
3192.488302469602 2441.3391306120125
3192.0 2442.0
3191.2770659844937 2442.630490008052
3190.3584431528657 2443.1955565034036
3189.30777832186 2443.6551201181633
3188.1887183082194 2443.9691014844425
3187.0649099286848 2444.0974212343517
3186.0 2444.0
3185.046470386902 2443.6532840277464
3184.2121431461014 2443.099822020936
3183.4936753823054 2442.398688297162
3182.8877242002195 2441.6089571740195
3182.3909467045487 2440.7897029691007
3182.0 2440.0
3181.7037191345676 2439.2934109180014
3181.459650929396 2438.7014517091516
3181.21752014892 2438.2501266931886
3180.927051557572 2437.965440189851
3180.537969919788 2437.8733965188753
3180.0 2438.0
3179.2775419637187 2438.348998226176
3178.39369758076 2438.8351118831997
3177.3862440220164 2439.3508049300835
3176.292958458381 2439.7885413258377
3175.151618060744 2440.040785029473
3174.0 2440.0
3172.8805574550024 2439.588373955076
3171.8544476364523 2438.8469896469396
3170.9875037630136 2437.846653586478
3170.3455590533504 2436.658172284577
3169.9944467261244 2435.3523522521227
3170.0 2434.0
3170.4039319199755 2432.667876323893
3171.151474836393 2431.406559158672
3172.1637409259274 2430.2625807240047
3173.3618423652556 2429.2824732395584
3174.666891331054 2428.5127689250007
3176.0 2428.0
3177.2907519021314 2427.767898527131
3178.50261598094 2427.7489959405953
3179.6075325332777 2427.8530235175044
3180.577441855998 2427.9897125349685
3181.3842842459544 2428.068794270097
3182.0 2428.0
3182.40528269372 2427.714233271289
3182.615839017627 2427.2270867085767
3182.656128940964 2426.5753252059776
3182.5506124329763 2425.795713657606
3182.3237494629066 2424.9250169575753
3182.0 2424.0
3181.6066358415064 2423.05109431364
3181.182176096701 2422.0833979658396
3180.767951702867 2421.0956756585856
3180.4052935972836 2420.086692093869
3180.135532717234 2419.055211973677
3180.0 2418.0
3180.0292850513656 2416.9332413260013
3180.211012151123 2415.920802909548
3180.52206424757 2415.0419721596795
3180.9393242890014 2414.376036485439
3181.4396752237126 2414.002283295865
3182.0 2414.0
3182.600298027107 2414.4196440860565
3183.233034558065 2415.196353358932
3183.893791306854 2416.236435702695
3184.578149987453 2417.4461990014147
3185.2816923138416 2418.73195113916
3186.0 2420.0
3186.7269302476157 2421.1659601075503
3187.449442209211 2422.182672543614
3188.1527705250164 2423.012285029541
3188.8221498352627 2423.6169452866816
3189.44281478018 2423.9588010363846
3190.0 2424.0
3190.473462463912 2423.722071039298
3190.8210484569436 2423.1840675777244
3190.9951265930813 2422.464424179142
3190.9480654863123 2421.6415754074173
3190.632233750623 2420.793955826415
3190.0 2420.0
3189.036627304144 2419.3161261056284
3187.8589565556085 2418.710686775122
3186.616723102659 2418.130018253893
3185.4596622935637 2417.5204567873548
3184.5375094765886 2416.828338620919
3184.0 2416.0
3183.954102393586 2415.004165278929
3184.3357179132167 2413.899111247715
3185.037980996282 2412.7655028052873
3185.954026080174 2411.6840048505733
3186.9769876022833 2410.735282282501
3188.0 2410.0
3188.9340001585483 2409.5283238897664
3189.7611347544894 2409.2484237895737
3190.481352912212 2409.0579705249597
3191.09460375611 2408.854634921466
3191.6008364105746 2408.5360878046326
3192.0 2408.0
3192.2913784537 2407.1880947175596
3192.4715949206807 2406.2183047051035
3192.5366073548716 2405.2526150948756
3192.482373710203 2404.4530110191204
3192.3048519406025 2403.9814776100807
3192.0 2404.0
3191.5671526933193 2404.6081861288853
3191.0191522294567 2405.656135167792
3190.3722176683027 2406.931569095538
3189.642568069748 2408.2222098909424
3188.8464224936833 2409.3157795328234
3188.0 2410.0
3187.1251959582096 2410.1199015076413
3186.2666109763095 2409.7497472163236
3185.4745219719193 2409.021108522974
3184.7992058626583 2408.0655568245184
3184.2909395661454 2407.0146635178844
3184.0 2406.0
3183.9598412516216 2405.125170803512
3184.1366260875284 2404.3819130039515
3184.47969444402 2403.7339968125684
3184.938386257397 2403.1451924406156
3185.4620414639567 2402.5792700993416
3186.0 2402.0
3186.516920516788 2401.3794152783094
3187.0387365254305 2400.722600767871
3187.606700252 2400.042904226752
3188.2620639225706 2399.353673413021
3189.046079763212 2398.6682560847476
3190.0 2398.0
3191.139143347895 2397.3571680832483
3192.375094477418 2396.7276839245656
3193.593504547979 2396.094386280425
3194.6800247189904 2395.440113907302
3195.52030614986 2394.7477055616687
3196.0 2394.0
3196.046876462003 2393.1826531294378
3195.7571818611955 2392.292589459794
3195.2692815560827 2391.329550651548
3194.721540905175 2390.293278365181
3194.2523252669776 2389.1835142611712
3194.0 2388.0
3194.0714989522394 2386.7548119915946
3194.448029929654 2385.509365643669
3195.0793692276893 2384.3374111133844
3195.9152931417943 2383.312698557904
3196.905577967415 2382.5089781343886
3198.0 2382.0
3199.1486092105197 2381.825876681964
3200.3025502720425 2381.892170187756
3201.4132415331596 2382.070804894916
3202.4321013424637 2382.2337051809836
3203.3105480485465 2382.2527954234984
3204.0 2382.0
3204.463693835311 2381.3861257249955
3204.7121393525476 2380.4775091608644
3204.767664639672 2379.3793693069524
3204.6525977846472 2378.1969251626065
3204.3892668754356 2377.0353957271736
3204.0 2376.0
3203.505874707495 2375.1666574550904
3202.922966391841 2374.4940894650836
3202.2660999081527 2373.9117178772754
3201.550100111541 2373.3489645389604
3200.789791857119 2372.7352512974367
3200.0 2372.0
3199.2072517791544 2371.09539260279
3198.4848839689766 2370.064651497321
3197.91793572772 2368.9737591839494
3197.591446213636 2367.888698163034
3197.590454584979 2366.8754509349315
3198.0 2366.0
3198.8595626203332 2365.3128832448606
3200.0263866211417 2364.8028601011906
3201.3121571809684 2364.4432453869285
3202.528559478358 2364.207353920016
3203.487278691854 2364.0685005183927
3204.0 2364.0
3203.928571813586 2363.977148491841
3203.3354954723836 2363.9831673571784
3202.3334355484067 2364.003259268337
3201.035056613673 2364.022626897643
3199.5530232401993 2364.0264729174223
3198.0 2364.0
3196.4817056808783 2363.9266709359226
3195.0760759337727 2363.782988988615
3193.8541006254077 2363.5437175397233
3192.8867696225075 2363.1836199708932
3192.2450727917967 2362.67745966377
3192.0 2362.0
3192.1909017591984 2361.1402418385437
3192.7305711628987 2360.1441359476216
3193.500161949965 2359.0718705727704
3194.380827859261 2357.9836339595254
3195.2537226296513 2356.939614353423
3196.0 2356.0
3196.5232058008482 2355.2068061543487
3196.816454229449 2354.5293561097888
3196.8952515747337 2353.918800169197
3196.7751041256333 2353.3262886354505
3196.471518171078 2352.702971811426
3196.0 2352.0
3195.3829417040774 2351.180681692212
3194.670278585974 2350.256958131745
3193.918831751102 2349.2529287504444
3193.185422304875 2348.192692980157
3192.526871352703 2347.100350252727
3192.0 2346.0
3191.648731086549 2344.9130596693976
3191.4653943896215 2343.8502187706413
3191.4294214208594 2342.819484829026
3191.520243691907 2341.8288653698496
3191.717292714406 2340.886367918409
3192.0 2340.0
3192.3554672830605 2339.1763388894574
3192.801477188875 2338.4162408597667
3193.36348256546 2337.719131933452
3194.0669362608314 2337.0844381330367
3194.937291123006 2336.5115854810447
3196.0 2336.0
3197.253473855283 2335.5482514394403
3198.587956114138 2335.15148445696
3199.866648317301 2334.803987437167
3200.9527520055085 2334.5000487646707
3201.709468719496 2334.2339568240786
3202.0 2334.0
3201.7324891476587 2333.78806276019
3200.9948465027214 2333.570413904988
3199.919924165336 2333.314918317881
3198.640574235654 2332.9894408823566
3197.289648813826 2332.5618464819004
3196.0 2332.0
3194.8813843688963 2331.280979001283
3193.951176393498 2330.4187117749416
3193.2036550213566 2329.436339291309
3192.6330992000258 2328.357002520719
3192.233787877056 2327.203842433505
3192.0 2326.0
3191.9271585619435 2324.7824656791236
3192.0152627381062 2323.643627884136
3192.265455749239 2322.689724516883
3192.6788808160977 2322.0269934792123
3193.256681159434 2321.761672672969
3194.0 2322.0
3194.9007221240718 2322.7928619859276
3195.9136985800073 2323.9697396514794
3196.9845219816875 2325.304762641159
3198.0587849429926 2326.5720605994698
3199.0820800778033 2327.5457631709155
3200.0 2328.0
3200.775508497327 2327.777567858647
3201.4410540529784 2326.995932028465
3202.0464563240134 2325.841224918481
3202.6415349674903 2324.4995789377235
3203.2761096404656 2323.157126495221
3204.0 2322.0
3204.8490957384743 2321.170940653557
3205.8035666895626 2320.6391248272535
3206.8296527222615 2320.3303376849167
3207.8935937055694 2320.1703643903766
3208.961629508483 2320.0849901074616
3210.0 2320.0
3210.9762566969252 2319.8534843419397
3211.8631977072923 2319.6327538477085
3212.6349327869425 2319.337424341852
3213.265571691716 2318.9671116489176
3213.7292241774553 2318.5214315934513
3214.0 2318.0
3214.060692288641 2317.4058627194245
3213.928827666456 2316.75578570784
3213.630616129972 2316.069964947676
3213.1922676757176 2315.3685964213614
3212.6399923002173 2314.6718761113266
3212.0 2314.0
3211.2994926670317 2313.3656573729563
3210.5696397750353 2312.751510728341
3209.8426026931716 2312.132715867446
3209.1505427906036 2311.4844285915638
3208.5256214364917 2310.7818047019846
3208.0 2310.0
3207.5931888950854 2309.1222485294943
3207.274094714888 2308.1640973047247
3206.9989730973443 2307.1491715825405
3206.7240796803912 2306.1010966197914
3206.4056701019645 2305.043497673328
3206.0 2304.0
3205.4758999007768 2302.98794110166
3204.852499883934 2301.99950746017
3204.1615049174525 2301.020597802394
3203.434619969316 2300.037110855198
3202.703550007504 2299.0349453454446
3202.0 2298.0
3201.3458040944024 2296.9259870638657
3200.723313156787 2295.8378728545963
3200.105007232846 2294.768437207883
3199.4633663682725 2293.750459959418
3198.7708706087597 2292.816720944893
3198.0 2292.0
3197.1316244623536 2291.3266291613954
3196.180173414845 2290.7971492695933
3195.1684661511636 2290.405653366074
3194.1193219650017 2290.146234492316
3193.05556015005 2290.012985689798
3192.0 2290.0
3190.970290648777 2290.091570364627
3189.9634005912444 2290.2327893262886
3188.9711281625014 2290.358949327821
3187.985271697647 2290.4053428120596
3186.99762953178 2290.3072622218406
3186.0 2290.0
3184.9872129425416 2289.445978268986
3183.966224220182 2288.716137869697
3182.9470211988337 2287.908549322642
3181.9395912444124 2287.1212831483344
3180.9539217228294 2286.4524098672837
3180.0 2286.0
3179.0808575810597 2285.8374795223926
3178.171702528033 2285.9396962319634
3177.2407870421657 2286.2568533816097
3176.2563633247073 2286.739154224232
3175.186683576903 2287.336802012729
3174.0 2288.0
3172.6893567332213 2288.6855851229247
3171.3469656676903 2289.376929054304
3170.0898306325043 2290.0640371509194
3169.0349554567615 2290.7369147695526
3168.2993439695606 2291.385567266986
3168.0 2292.0
3168.2172710416107 2292.568328134057
3168.8848792456524 2293.0711060693407
3169.899890427819 2293.486998014713
3171.159370403804 2293.794668179039
3172.5603849892996 2293.9727807711797
3174.0 2294.0
3175.386003544782 2293.8744356741795
3176.669072905257 2293.6719800016676
3177.810607656221 2293.487970790228
3178.772007372469 2293.417745847626
3179.514671628797 2293.556642981629
3180.0 2294.0
3180.201677742225 2294.8042995395945
3180.1425328370237 2295.870603553621
3179.857678947298 2297.0611188243774
3179.3822297359507 2298.2380521341606
3178.7512988658837 2299.263610265269
3178.0 2300.0
3177.15913733817 2300.352810611887
3176.2422772281307 2300.401161339405
3175.2586765545884 2300.2675539122647
3174.2175922022484 2300.0744900601767
3173.1282810558178 2299.9444715128516
3172.0 2300.0
3170.846958090283 2300.321495049895
3169.703173065271 2300.821047385057
3168.6076148343514 2301.368665526566
3167.5992533069084 2301.8343579955053
3166.7170583923294 2302.0881333129555
3166.0 2302.0
3165.471548819219 2301.4815795589025
3165.093178658935 2300.6109454166653
3164.81086410801 2299.507783981472
3164.570579755304 2298.2917816615072
3164.3183001896805 2297.082624864955
3164.0 2296.0
3163.572402188397 2295.1410756033824
3163.035223410101 2294.5129487260597
3162.398928733612 2294.1001985475464
3161.673983227431 2293.8874042473567
3160.87085196006 2293.859145005003
3160.0 2294.0
3159.0721757605243 2294.2967106201613
3158.099261033994 2294.744667086504
3157.093420957543 2295.3414218283424
3156.066820668306 2296.084527274994
3155.0316253034125 2296.971535855774
3154.0 2298.0
3152.9814873620976 2299.1535633974527
3151.97513986133 2300.3602347797773
3150.9773874362154 2301.534114139084
3149.984660025275 2302.589301467483
3148.99338756703 2303.4398967570846
3148.0 2304.0
3147.001874791084 2304.209406160398
3146.000179520689 2304.1106900906843
3144.997029297598 2303.772121615323
3143.9945392305967 2303.2619705587786
3142.9948244284697 2302.6485067455164
3142.0 2302.0
3141.0110134735664 2301.3791823313272
3140.0241420559178 2300.8266344871176
3139.0344953733943 2300.377399399627
3138.0371830523395 2300.0665200011076
3137.0273147190937 2299.929039223814
3136.0 2300.0
3134.9540713146507 2300.2923830328155
3133.9032522556436 2300.730920108995
3132.8649892088256 2301.218280786172
3131.8567285600475 2301.6571346219775
3130.8959166951554 2301.9501511740423
3130.0 2302.0
3129.1819605270907 2301.747581833709
3128.436922995586 2301.286722113938
3127.7555477913047 2300.7494774556853
3127.1284953000672 2300.2679044739475
3126.5464259076916 2299.9740597837194
3126.0 2300.0
3125.4847532436524 2300.4395118545713
3125.0157224286813 2301.2333025463618
3124.6128196259574 2302.2838093910855
3124.295956906354 2303.493469704457
3124.085046340744 2304.7647208021904
3124.0 2306.0
3124.054952424224 2307.124000377636
3124.240928030432 2308.1504380709857
3124.543173704868 2309.1152849799737
3124.9469363337785 2310.054513004523
3125.4374628034075 2311.004094044557
3126.0 2312.0
3126.6102518742678 2313.064486634886
3127.20575063478 2314.1649451696962
3127.7144855545735 2315.255050689021
3128.064445906684 2316.2884782774527
3128.183620964147 2317.2189030195814
3128.0 2318.0
3127.4670030416696 2318.5995345643
3126.639773134154 2319.041633102081
3125.59888407684 2319.3645122639414
3124.424909669118 2319.606388700482
3123.1984237103748 2319.805479062301
3122.0 2320.0
3120.892106329423 2320.222560293097
3119.8647864582354 2320.4833372367943
3118.889978138067 2320.786900255212
3117.9396191205506 2321.1378187724717
3116.9856471573175 2321.5406622126943
3116.0 2322.0
3114.9645716406376 2322.5102242633106
3113.9010810329073 2323.0250179507416
3112.841203370893 2323.48788671521
3111.8166138486804 2323.8423362096323
3110.858987660354 2324.031872086923
3110.0 2324.0
3109.258866367285 2323.7087648758843
3108.6049634842116 2323.194368738018
3107.995208378362 2322.5115528839488
3107.386518077321 2321.7150586112243
3106.7358096086723 2320.859627217392
3106.0 2320.0
3105.148111038369 2319.182494010932
3104.1975835487665 2318.4197293194106
3103.1779631156605 2317.7159017489967
3102.118795323519 2317.0752071232514
3101.0496257568093 2316.501841265732
3100.0 2316.0
3098.9912820718314 2315.57051833965
3098.0121097281312 2315.200788058415
3097.0429391589973 2314.8748401200637
3096.064226554531 2314.576705488365
3095.0564281048323 2314.2904151270877
3094.0 2314.0
3092.886760674307 2313.6928400378774
3091.7539775387136 2313.369711039524
3090.650280248353 2313.034737770749
3089.624298458358 2312.692044997363
3088.724661823863 2312.3457574851764
3088.0 2312.0
3087.4801937494603 2311.6581215088395
3087.120128265165 2311.32036778349
3086.8559398475927 2310.9862087969404
3086.6237647972225 2310.6551145221824
3086.3597394145313 2310.326554932205
3086.0 2310.0
3085.4980198834073 2309.6746739267637
3084.8766205117386 2309.3488178265175
3084.175960361277 2309.0204270414897
3083.4361979083105 2308.687496913909
3082.6974916291224 2308.348022786003
3082.0 2308.0
3081.3703193095025 2307.643182784107
3080.7807970952904 2307.2843609104425
3080.190218707299 2306.932083037102
3079.557369495464 2306.594897822184
3078.8410348097186 2306.2813539237845
3078.0 2306.0
3077.011443619323 2305.761854196069
3075.9261170330255 2305.5878126057905
3074.8131648095264 2305.501240810104
3073.7417315172434 2305.52550438995
3072.7809617245953 2305.683968926269
3072.0 2306.0
3071.4542765835768 2306.485326357544
3071.1443644022384 2307.105129407139
3071.057122054598 2307.812953722483
3071.1794081392695 2308.562343877276
3071.498081254865 2309.3068444452156
3072.0 2310.0
3072.6621907871126 2310.6116551885716
3073.42235128395 2311.176854950842
3074.208346972084 2311.746944299964
3074.9480433330887 2312.3732682490954
3075.5693058485363 2313.107171811389
3076.0 2314.0
3076.1839973050105 2315.077312147431
3076.1291934249266 2316.261524863571
3075.8594900570656 2317.4492690776597
3075.3987888987467 2318.537175718936
3074.7709916472854 2319.4218757166364
3074.0 2320.0
3073.1110792521067 2320.199466592078
3072.1349490904195 2320.073341891172
3071.103692799652 2319.7059793893964
3070.0493936645175 2319.1817325788656
3069.004134969729 2318.5849549516956
3068.0 2318.0
3067.056870871749 2317.495191854629
3066.1458250282117 2317.074737201372
3065.225738744327 2316.726813364756
3064.2554882950376 2316.439597669305
3063.1939499552814 2316.201267439544
3062.0 2316.0
3060.6614372608983 2315.8197659894067
3059.2817507967375 2315.62770930334
3057.9933522230417 2315.3867671515814
3056.9286531553366 2315.059876743916
3056.2200652091474 2314.6099752901273
3056.0 2314.0
3056.343676380954 2313.216484928484
3057.097542155212 2312.340351511197
3058.0508523635085 2311.476118028921
3058.992862046581 2310.7283027624403
3059.712826245166 2310.201423992539
3060.0 2310.0
3059.7045979560257 2310.1846646670274
3058.9206731750096 2310.640514281505
3057.803238322925 2311.2087607327367
3056.507306065747 2311.730615910027
3055.1878890694475 2312.04729170268
3054.0 2312.0
3053.060154017166 2311.4800415885925
3052.3308762558618 2310.5790728442657
3051.7361943447895 2309.4388390401327
3051.200135912653 2308.2010854493037
3050.646728588155 2307.007557344889
3050.0 2306.0
3049.202934123457 2305.284057867494
3048.2743403200625 2304.82097211921
3047.2519842979173 2304.5358831067333
3046.173631765124 2304.353931181649
3045.0770484297836 2304.2002566955425
3044.0 2304.0
3042.970702081597 2303.6985417562487
3041.9791698712975 2303.322223864082
3041.0058684635424 2302.9176285329377
3040.031262952779 2302.5313379722515
3039.03581843345 2302.20993439146
3038.0 2302.0
3036.9142575501537 2301.9310343667735
3035.8089801947513 2301.9642064985383
3034.7245418479138 2302.0436027615187
3033.701316423762 2302.1133095219407
3032.7796778364172 2302.1174131460257
3032.0 2302.0
3031.390786236308 2301.7162096655493
3030.9330574978485 2301.2653945862116
3030.595964144805 2300.657960420988
3030.3486565373596 2299.904312828877
3030.1602850356967 2299.014857468881
3030.0 2298.0
3029.846671578688 2296.880052896955
3029.7180490731143 2295.7149558973556
3029.641601572869 2294.5745555545304
3029.6447981675424 2293.52869842181
3029.755107946723 2292.6472310525232
3030.0 2292.0
3030.3984533748676 2291.6339491169992
3030.935486950436 2291.504411453995
3031.587629563719 2291.54381736089
3032.331410051731 2291.684597187587
3033.143357251486 2291.8591812839895
3034.0 2292.0
3034.8835889959164 2292.05637285727
3035.7992623844025 2292.045176064443
3036.7578801722566 2292.0001750019105
3037.770302366276 2291.9551350500647
3038.8473889732577 2291.9438215892974
3040.0 2292.0
3041.224598048874 2292.1405594539215
3042.460056104547 2292.3148842882338
3043.6308497472555 2292.4554826314684
3044.661454557242 2292.4948626121545
3045.476346114743 2292.3655323588214
3046.0 2292.0
3046.1809817715493 2291.3536115492684
3046.064216901116 2290.4730645604
3045.718720838722 2289.4278944722164
3045.2135090343895 2288.287636723541
3044.617596938141 2287.1218267531945
3044.0 2286.0
3043.4125859760397 2284.982031386043
3042.838631846547 2284.0891537664647
3042.244266897858 2283.332939479667
3041.595620416312 2282.724960864055
3040.8588216882467 2282.276790258031
3040.0 2282.0
3039.002007657624 2281.9034480917435
3037.914589046031 2281.9851351885577
3036.8042115698454 2282.2403476091163
3035.737342633695 2282.6643716720932
3034.7804496422045 2283.2524936961627
3034.0 2284.0
3033.440494504575 2284.894916987723
3033.0585675248867 2285.8962314052314
3032.78888682276 2286.9556700838693
3032.5661201600205 2288.0249598549804
3032.324935298492 2289.0558275499093
3032.0 2290.0
3031.541569879633 2290.82243951292
3030.962251965536 2291.5410503016287
3030.290241139115 2292.186972055408
3029.553732281781 2292.7913444635415
3028.7809202749395 2293.385307215311
3028.0 2294.0
3027.2450778287457 2294.65791755319
3026.5739060944547 2295.3469747956633
3026.050148620781 2296.0464416944997
3025.7374692313783 2296.7355882167813
3025.6995317499 2297.393684329587
3026.0 2298.0
3026.67256324983 2298.5458902743194
3027.6310125455366 2299.0710505157203
3028.7591643777628 2299.6272611665945
3029.9408352371524 2300.2663026693376
3031.0598416143503 2301.039955466341
3032.0 2302.0
3032.666521023785 2303.167780608792
3033.0501918715486 2304.4428972155333
3033.16319386817 2305.6945136391237
3033.0177083385315 2306.791793698465
3032.6259166075142 2307.603901212456
3032.0 2308.0
3031.161352655028 2307.8940984016244
3030.1682199682714 2307.379582844372
3029.088060149559 2306.594684276912
3027.988331408723 2305.6776336479174
3026.9364919555933 2304.7666619060565
3026.0 2304.0
3025.2251053931395 2303.4873072661926
3024.5732245516656 2303.2239565921664
3023.9845655335957 2303.176749253228
3023.399336396949 2303.3124865246837
3022.757745199744 2303.597969681839
3022.0 2304.0
3021.086373920563 2304.49000586694
3020.0574003435886 2305.057924120298
3018.973677716061 2305.6983187101773
3017.895804484964 2306.4057535866846
3016.884379097283 2307.1747926999233
3016.0 2308.0
3015.290510035722 2308.8767433401217
3014.7527296295384 2309.8036061859034
3014.3707236021623 2310.779975906064
3014.128556774306 2311.805239869322
3014.010293966681 2312.878785444394
3014.0 2314.0
3014.075660010625 2315.160428179982
3014.1909403975187 2316.320243728682
3014.2934278752914 2317.431777665566
3014.330709158555 2318.4473610101036
3014.2503709619205 2319.319324781759
3014.0 2320.0
3013.5457388106665 2320.463025421433
3012.927953224834 2320.7672707512224
3012.205564896675 2320.99291343167
3011.4374954803675 2321.22013090508
3010.682666630084 2321.5291006137554
3010.0 2322.0
3009.435829191155 2322.6911738379895
3008.98613559204 2323.573636229394
3008.6343125380104 2324.5965686077548
3008.3637533644237 2325.709152406615
3008.1578514066346 2326.860569059516
3008.0 2328.0
3007.8776110913823 2329.087094041423
3007.7941710736773 2330.123369516389
3007.757184951284 2331.120812137313
3007.774157728606 2332.0914076166123
3007.852594410044 2333.047141666702
3008.0 2334.0
3008.2203931099816 2334.9604499963184
3008.5038467799204 2335.932885705053
3008.8369476568537 2336.9201828429964
3009.2062823878205 2337.9252171269404
3009.5984376198558 2338.950864273678
3010.0 2340.0
3010.3889646168395 2341.0711059733044
3010.708960325161 2342.145087663401
3010.8950244213015 2343.198456490704
3010.882194201597 2344.2077238756287
3010.6055069623844 2345.149401238589
3010.0 2346.0
3009.0385632374764 2346.745866851206
3007.845497104622 2347.412689567271
3006.5829546579425 2348.035991194189
3005.4130889539424 2348.6512947779543
3004.498053049126 2349.2941233645593
3004.0 2350.0
3004.0308565073315 2350.797278473723
3004.501643848946 2351.6856355489963
3005.2731569469306 2352.6575787325396
3006.206190723376 2353.7056155310743
3007.1615401003696 2354.8222534513206
3008.0 2356.0
3008.606529251718 2357.222426661308
3008.9627423144125 2358.437360829336
3009.0744175543364 2359.5836938756524
3008.9473333377414 2360.600317171824
3008.587268030879 2361.426122089417
3008.0 2362.0
3007.2004338932065 2362.275977844009
3006.239979485999 2362.268624837364
3005.179172835725 2362.0076457648506
3004.0785499997346 2361.522745411261
3002.998647035376 2360.8436285613807
3002.0 2360.0
3001.1287722124925 2359.0347730737667
3000.37363603789 2358.0436953767658
2999.7088911027654 2357.1357230649432
2999.1088370336934 2356.419812294245
2998.547773457247 2356.004919220615
2998.0 2356.0
2997.4511439234902 2356.4738187498147
2996.9321430291106 2357.334371433352
2996.4852627532146 2358.4494619753764
2996.1527685321607 2359.6868943006502
2995.9769258023034 2360.914472333937
2996.0 2362.0
2996.251837278732 2362.8384704454947
2996.7126066604865 2363.4336337046425
2997.3500578843773 2363.8164290335535
2998.1319406895177 2364.017795688342
2999.0260048150203 2364.06867292512
3000.0 2364.0
3001.0229884430632 2363.8389661348738
3002.069282180796 2363.5977604147483
3003.1145057092767 2363.2848218904114
3004.134283524585 2362.9085896126494
3005.104240122799 2362.47750263225
3006.0 2362.0
3006.804357097162 2361.4908502001967
3007.528783134848 2360.990139451181
3008.1919192785167 2360.5442834048026
3008.8124066936252 2360.199697712913
3009.408886545634 2360.0027980273617
3010.0 2360.0
3010.60217576088 2360.225410842117
3011.2229926872196 2360.6639040027508
3011.867817176659 2361.2880444903794
3012.5420156268406 2362.070397313479
3013.250954435407 2362.983527480527
3014.0 2364.0
3014.786939859316 2365.088987912818
3015.5792461162755 2366.2060963896683
3016.3368120148493 2367.3035386336815
3017.0195307990125 2368.333527847988
3017.5872957127385 2369.248277235717
3018.0 2370.0
3018.2315462833353 2370.548267136242
3018.311874699533 2370.882080808947
3018.2849347639453 2370.9978009748957
3018.194675991925 2370.891787590868
3018.085047898826 2370.5604006136427
3018.0 2370.0
3017.981319451788 2369.2179435422154
3018.0621439744846 2368.2655803745447
3018.2734489293707 2367.205257466736
3018.646209677731 2366.0993217885425
3019.2114015808465 2365.010120309714
3020.0 2364.0
3021.0191018354394 2363.126254991193
3022.180290143272 2362.4259680632485
3023.371269518571 2361.9311691581606
3024.4797445564104 2361.673888217926
3025.393419851862 2361.6861551845404
3026.0 2362.0
3026.229310243493 2362.628888344863
3026.1796584153926 2363.5120288539447
3025.9914729963452 2364.5700659006216
3025.8051824669988 2365.7236438582713
3025.7612153080013 2366.893407100272
3026.0 2368.0
3026.6099534868868 2368.9785619997238
3027.471446565531 2369.8222128172697
3028.4128384960495 2370.538567239354
3029.2624885385576 2371.135240052693
3029.8487559531686 2371.6198460440028
3030.0 2372.0
3029.599394327481 2372.2901969895747
3028.749370137299 2372.532453210311
3027.6071730194576 2372.775665141964
3026.3300485639584 2373.0687292642924
3025.075242360805 2373.4605420570515
3024.0 2374.0
3023.2239506846727 2374.7217611530878
3022.716258070459 2375.603529897044
3022.408469426122 2376.6087721927906
3022.2321320204246 2377.700954001251
3022.1187931221293 2378.843541283346
3022.0 2380.0
3021.8196177486448 2381.1375732128877
3021.570782766052 2382.2386123866986
3021.2589492760567 2383.2892460868734
3020.8895715024933 2384.2756028788544
3020.4681036691964 2385.1838113280824
3020.0 2386.0
3019.488319061491 2386.709427476842
3018.9265367912612 2387.2938724080145
3018.3057334696537 2387.734243459717
3017.616989377012 2388.0114492981493
3016.8513847936797 2388.10639858951
3016.0 2388.0
3015.060439338726 2387.691383546412
3014.0564034022395 2387.252564647912
3013.0181168453323 2386.7737800742607
3011.975804322796 2386.3452665952186
3010.959690489421 2386.0572609805445
3010.0 2386.0
3009.121775435459 2386.238001300474
3008.329331081265 2386.732906037375
3007.62179914902 2387.4206362432406
3006.998311850326 2388.237113950608
3006.458001396785 2389.1182611920153
3006.0 2390.0
3005.628384845365 2390.8288334739145
3005.3670130134433 2391.593588980367
3005.24468655859 2392.293674952779
3005.2902075351612 2392.9284998245735
3005.5323779975124 2393.4974720291734
3006.0 2394.0
3006.7072777756744 2394.4374055446096
3007.610024272372 2394.818663967086
3008.6494546166214 2395.154663945646
3009.766783934956 2395.4562941585073
3010.903227353905 2395.7344432838863
3012.0 2396.0
3013.014726274159 2396.264136940241
3013.9706676748488 2396.5391625586985
3014.907494974923 2396.837669264638
3015.8648789472372 2397.1722494673254
3016.882490364645 2397.555495576024
3018.0 2398.0
3019.23381712769 2398.5153059536874
3020.507305028235 2399.098759872196
3021.7205654836853 2399.7446589958026
3022.773700276095 2400.447300564787
3023.566811187516 2401.2009818194265
3024.0 2402.0
3024.0129681780436 2402.841305911676
3023.7038159159174 2403.7324646191864
3023.210243090335 2404.683694752152
3022.6699495780126 2405.7052149401948
3022.2206352556627 2406.807243812937
3022.0 2408.0
3022.103199049024 2409.2768778070154
3022.4552090858747 2410.563974243653
3022.938462154973 2411.770561995591
3023.4353903007445 2412.805913748509
3023.828425567612 2413.5793021880854
3024.0 2414.0
3023.870531922156 2414.004886563966
3023.5123847776244 2413.6412680358335
3023.0359082897735 2412.9840572654853
3022.5514521819737 2412.108167102808
3022.1693661775926 2411.088510397685
3022.0 2410.0
3022.1276362253166 2408.9072796408254
3022.5322888406686 2407.833916575979
3023.1679046859344 2406.793208942468
3023.9884306009935 2405.798454877297
3024.947813425722 2404.8629525174724
3026.0 2404.0
3027.1004046580606 2403.2271059838445
3028.2103117115553 2402.5786212158064
3029.2924729664896 2402.0931069646435
3030.3096402288716 2401.809124499116
3031.224565304706 2401.7652350879816
3032.0 2402.0
3032.609634031331 2402.5361482756484
3033.0709087575574 2403.3330800422787
3033.4122034481074 2404.334363198959
3033.661897372412 2405.48356564476
3033.8483697999 2406.72425527875
3034.0 2408.0
3034.136985142542 2409.2579305431905
3034.2467939989588 2410.4594289854513
3034.3087132410806 2411.5694402395216
3034.30202954074 2412.5529092181428
3034.2060295697693 2413.3747808340554
3034.0 2414.0
3033.675758731833 2414.4136110330705
3033.275248579943 2414.68105586777
3032.852943587571 2414.887875842956
3032.463317797962 2415.1196122974848
3032.160845254357 2415.461806570214
3032.0 2416.0
3032.0118317819774 2416.7913290282327
3032.133693162754 2417.7793105064343
3032.2795124086356 2418.8790563886573
3032.363217785932 2420.0056786289565
3032.298737560951 2421.074289181386
3032.0 2422.0
3031.4158030291455 2422.717369150295
3030.6344232134884 2423.238739143533
3029.7790067778865 2423.5958986024184
3028.972699947199 2423.8206361496545
3028.3386489462837 2423.944740407947
3028.0 2424.0
3028.0471783236626 2424.015120296514
3028.4397250944057 2424.0064736601776
3029.10446047982 2423.9873492016727
3029.968204647497 2423.9710360316863
3030.9577777650265 2423.9708232609
3032.0 2424.0
3033.0343725650946 2424.064742256242
3034.051120853336 2424.1427736231676
3035.053151302835 2424.204704590892
3036.0433703517047 2424.2211456495293
3037.0246844380554 2424.162707289194
3038.0 2424.0
3038.972738823366 2423.716651419261
3039.9483840848443 2423.348357773081
3040.93293430884 2422.9438324347616
3041.9323880197608 2422.5517887776064
3042.9527437420115 2422.2209401749183
3044.0 2422.0
3045.0746721414416 2421.9297631778263
3046.1553428072903 2422.019350840067
3047.215111461807 2422.269965670063
3048.227077569256 2422.682810351156
3049.164340593899 2423.259087566688
3050.0 2424.0
3050.7193133516084 2424.897629202766
3051.356170611925 2425.9075721999848
3051.9566198439347 2426.976304884987
3052.566709110626 2428.0503031511025
3053.2324864749853 2429.0760428916637
3054.0 2430.0
3054.899926303976 2430.785275566666
3055.9014562264947 2431.461471471107
3056.9584091624565 2432.074814789992
3058.024604506761 2432.67153259999
3059.0538616543085 2433.29785197777
3060.0 2434.0
3060.8291295806366 2434.813120382423
3061.5565230006173 2435.7280233970705
3062.2097435062433 2436.724435955047
3062.816354343816 2437.7820849674576
3063.403918759634 2438.8806973454066
3064.0 2440.0
3064.626147966072 2441.1196503110505
3065.279859178445 2442.2190275332064
3065.9526168125713 2443.277441389822
3066.635904043904 2444.274201604256
3067.3212040478957 2445.188617899863
3068.0 2446.0
3068.6570192958166 2446.6990191141163
3069.2499662115297 2447.321792396034
3069.7297892434726 2447.9157984856656
3070.0474368879777 2448.528516022928
3070.1538576413755 2449.2074236477347
3070.0 2450.0
3069.560589665478 2450.9361250843363
3068.9054611606216 2451.9752843641427
3068.128226213538 2453.0593646675156
3067.322496552335 2454.1302528225515
3066.58188390512 2455.129835657348
3066.0 2456.0
3065.6469183385684 2456.7046286966875
3065.4985595163553 2457.2955886659165
3065.507305902376 2457.846742844274
3065.625539865647 2458.4319541683485
3065.805643775183 2459.1250855747276
3066.0 2460.0
3066.1758110543233 2461.0972119807657
3066.359560033218 2462.323842453675
3066.5925501769584 2463.55366395539
3066.916084725819 2464.6604490225745
3067.3714669200745 2465.5179701918896
3068.0 2466.0
3068.825763370064 2466.0268937506207
3069.8039410915144 2465.705337815682
3070.872493389791 2465.1886013341673
3071.969380490337 2464.6299534450595
3073.0325626185927 2464.1826632873426
3074.0 2464.0
3074.826691020976 2464.1933611648997
3075.5357867118378 2464.7066581354507
3076.167476263878 2465.441930707943
3076.7619488683904 2466.3012186786705
3077.3593937166665 2467.186561843925
3078.0 2468.0
3078.7100651386254 2468.6718838120023
3079.4603194685437 2469.2458074202964
3080.2076015546977 2469.793675834063
3080.9087499620296 2470.3873940624826
3081.520603255483 2471.0988671147343
3082.0 2472.0
3082.323789165264 2473.1283628463516
3082.548861339915 2474.38418625744
3082.7521175173338 2475.6333659558054
3083.0104586909 2476.7417976639927
3083.4007858539953 2477.5753771045433
3084.0 2478.0
3084.855889311431 2477.9350351729604
3085.899790727354 2477.5137438462407
3087.03392837597 2476.9228603427136
3088.160526385482 2476.3491189852502
3089.181808884091 2475.9792540967214
3090.0 2476.0
3090.548949885308 2476.538903869214
3090.889012787707 2477.486764283523
3091.1121689787865 2478.6751926733405
3091.3103987301356 2479.9358004690826
3091.5756823133433 2481.100199101164
3092.0 2482.0
3092.65201485104 2482.5112012020336
3093.50712108478 2482.687347167817
3094.517395708883 2482.626368963926
3095.634915731013 2482.426197656941
3096.811758158831 2482.1847643134392
3098.0 2482.0
3099.1578055253476 2481.944069100428
3100.2676880583576 2481.9860692674347
3101.318248185679 2482.0693314709574
3102.298086493961 2482.1371866809336
3103.1958035698517 2482.1329658673026
3104.0 2482.0
3104.707503788311 2481.7032631369952
3105.348052607716 2481.2943016883723
3105.9596115484 2480.8463051522467
3106.5801457005514 2480.432463026733
3107.2476201543554 2480.125964809946
3108.0 2480.0
3108.86403117326 2480.113248721963
3109.8215829922624 2480.4663536087073
3110.8433056207223 2481.0454479200575
3111.8998492223554 2481.8366649158406
3112.9618639608757 2482.8261378558796
3114.0 2484.0
3114.9845196667975 2485.325223456636
3115.8841339417554 2486.692135728652
3116.6671659687127 2487.9719031675227
3117.3019388915122 2489.035692124722
3117.756775853994 2489.754668951723
3118.0 2490.0
3118.021964233624 2489.6877093033468
3117.9011404999787 2488.9132516248346
3117.738030504428 2487.8169394098527
3117.633135952338 2486.539085103793
3117.6869585490736 2485.220001152045
3118.0 2484.0
3118.6405863616683 2482.988754144793
3119.548341095369 2482.1733762905315
3120.6307120135766 2481.510339193069
3121.7951469287677 2480.956115608258
3122.9490936534166 2480.4671782919504
3124.0 2480.0
3124.8786532826657 2479.5146815248904
3125.6091988222515 2478.9858358056335
3126.2391214412673 2478.3917038178724
3126.815905962224 2477.7105265372506
3127.3870372076317 2476.920544939412
3128.0 2476.0
3128.6873931002624 2474.9525197556463
3129.422271023035 2473.883280486936
3130.162802221356 2472.922845535443
3130.8671551482653 2472.20177824274
3131.4934982567997 2471.8506419504015
3132.0 2472.0
3132.362515057027 2472.7215357488208
3132.6276430115377 2473.851412616993
3132.8596696733102 2475.166914040357
3133.122880852126 2476.445323454752
3133.4815623577624 2477.4639242960197
3134.0 2478.0
3134.7236577827407 2477.9020779898115
3135.622712486372 2477.3036616376858
3136.6485190854037 2476.409498303132
3137.7524325543463 2475.4243353456595
3138.8858078677076 2474.552920124779
3140.0 2474.0
3141.048409367566 2473.9108930326747
3141.992618154086 2474.1932000915253
3142.796253985075 2474.695092747118
3143.4229444860475 2475.2647425700184
3143.8363172825175 2475.7503211307903
3144.0 2476.0
3143.897519561811 2475.8987943239354
3143.5920000824694 2475.47909355177
3143.166464974296 2474.8101307083975
3142.703937649613 2473.9611388187154
3142.2874415207407 2473.0013509076175
3142.0 2472.0
3141.9078086814893 2471.0217074493626
3142.0097518864104 2470.11264792362
3142.2878861177423 2469.3143844192928
3142.724267878466 2468.6684799329005
3143.300953671558 2468.216497460963
3144.0 2468.0
3144.804579045567 2468.0421536563936
3145.7023257052247 2468.292536975974
3146.6819905547345 2468.6823316144328
3147.732324169859 2469.142719227462
3148.84207712636 2469.6048814707533
3150.0 2470.0
3151.1886899510578 2470.272640888026
3152.366130477877 2470.420907876189
3153.48415166332 2470.456289122978
3154.494583590247 2470.390272786883
3155.3492563415207 2470.2343470263936
3156.0 2470.0
3156.422142631685 2469.700616124835
3156.6850042351202 2469.3571648526045
3156.8814027919866 2468.9925118936567
3157.104156283968 2468.6295229583407
3157.446082692745 2468.2910637570053
3158.0 2468.0
3158.826443225907 2467.7674872052266
3159.856815544608 2467.5578401208027
3160.990237168734 2467.3236633023976
3162.1258283109196 2467.017561305682
3163.162709183797 2466.592138686326
3164.0 2466.0
3164.5683807609835 2465.2109165357397
3164.924770623489 2464.263326516039
3165.15764853308 2463.2128348967553
3165.35549343532 2462.115046633749
3165.6067842757716 2461.025566682877
3166.0 2460.0
3166.603737433863 2459.0832910962595
3167.4070649244018 2458.277742703933
3168.379168698949 2457.574997110583
3169.4892349848415 2456.96669660377
3170.706450009413 2456.444483471055
3172.0 2456.0
3173.3314843183784 2455.6318450051485
3174.6321548640926 2455.3664434089696
3175.825676671126 2455.2371766609144
3176.8357147734655 2455.277426210434
3177.5859342050953 2455.520573506978
3178.0 2456.0
3178.0332882555854 2456.7319214757395
3177.7680193229335 2457.6638910675965
3177.3181246165464 2458.7262962457608
3176.797535550927 2459.8495244804235
3176.3201835405775 2460.9639632417725
3176.0 2462.0
3175.92425154817 2462.894172795599
3176.0735456219527 2463.6076219502756
3176.401824862688 2464.1076383560426
3176.8630319117156 2464.3615129049117
3177.411109410373 2464.336536488893
3178.0 2464.0
3178.59377962581 2463.3395354900163
3179.197057448515 2462.424139649822
3179.8245759327 2461.3431503300694
3180.4910775429526 2460.1859053814132
3181.211304743857 2459.0417426545055
3182.0 2458.0
3182.867296615257 2457.1365741332265
3183.804891250655 2456.473597228217
3184.799871406511 2456.01976032368
3185.8393245831426 2455.7837544583267
3186.9103382808667 2455.774270670863
3188.0 2456.0
3189.0944413205716 2456.456760569672
3190.17597014146 2457.0888788447196
3191.2259384412564 2457.8278083752098
3192.225698198551 2458.6050027112087
3193.156601391936 2459.3519154027827
3194.0 2460.0
3194.73641958394 2460.4900872917897
3195.343080035359 2460.8005170225356
3195.796374828465 2460.9190061754825
3196.0726974374697 2460.833271733879
3196.1484413365774 2460.5310306809683
3196.0 2460.0
3195.626547010338 2459.240297670576
3195.118376383775 2458.301645657733
3194.5885622448827 2457.246166922861
3194.1501787182397 2456.135984427353
3193.9162999284204 2455.033221132602
3194.0 2454.0
3194.479614596929 2453.0857590629416
3195.2945255406567 2452.289196642832
3196.3493761920035 2451.5963261330753
3197.548809911795 2450.9931609270807
3198.797470060853 2450.465714418253
3200.0 2450.0
3201.084624231575 2449.5833327443233
3202.073891823973 2449.208234437609
3203.0139329871045 2448.8685285448382
3203.950877930879 2448.5580385309922
3204.930856865207 2448.2705878610523
3206.0 2448.0
3207.1818884767713 2447.7475766264315
3208.409907163453 2447.5445322734004
3209.594891859581 2447.429559687573
3210.6476783646904 2447.441351615619
3211.479102478318 2447.6186008042055
3212.0 2448.0
3212.1507848243027 2448.6115459351367
3211.990183225919 2449.4284512836075
3211.6064995745724 2450.4132327048715
3211.0880382399882 2451.5284068583856
3210.5231035918887 2452.736490403609
3210.0 2454.0
3209.5946018556488 2455.278461855246
3209.3330636365777 2456.51944036995
3209.229109842131 2457.6675094929456
3209.296464971656 2458.6672431730635
3209.5488535244967 2459.4632153591374
3210.0 2460.0
3210.6559929382884 2460.246828866103
3211.492377042589 2460.271565014371
3212.477061056906 2460.1667293233504
3213.5779537252447 2460.024842671585
3214.7629637916075 2459.9384259376197
3216.0 2460.0
3217.25364861342 2460.2805189766405
3218.4752059708458 2460.7646699429365
3219.6126459302454 2461.415573213655
3220.61394234959 2462.1963491035613
3221.4270690868516 2463.0701179274206
3222.0 2464.0
3222.3016348302517 2464.95516930141
3222.3845768518077 2465.9290144731417
3222.322355222114 2466.9209778220306
3222.1884990986173 2467.9305016549124
3222.0565376387635 2468.9570282786235
3222.0 2470.0
3222.0768491026092 2471.056211225127
3222.2827829182206 2472.11186475709
3222.5979331812996 2473.1505154982237
3223.002431626312 2474.1557183508635
3223.476409987724 2475.1110282173436
3224.0 2476.0
3224.557635425978 2476.8107265388226
3225.150958141977 2477.549452424425
3225.7859120526878 2478.226960185075
3226.4684410628015 2478.854032349042
3227.2044890770085 2479.441451444594
3228.0 2480.0
3228.859275860146 2480.534215952916
3229.7800511805394 2481.023658878545
3230.75841860795 2481.4416437614777
3231.7904707891494 2481.761485586305
3232.8723003709083 2481.956499337615
3234.0 2482.0
3235.1626685408432 2481.8857429828468
3236.3214297284585 2481.6892453947285
3237.4304135155135 2481.5064647690147
3238.4437498546763 2481.4333586390762
3239.3155686986156 2481.5658845382804
3240.0 2482.0
3240.4715314579607 2482.793182486067
3240.786081757479 2483.8489891721715
3241.019927329998 2485.032497162464
3241.2493446069616 2486.2087835610982
3241.550610019815 2487.2429254722256
3242.0 2488.0
3242.6549093310177 2488.385971517329
3243.4972062045913 2488.470353472143
3244.4898771644976 2488.3635465811303
3245.595908754515 2488.1759515609774
3246.778287518423 2488.017969128371
3248.0 2488.0
3249.2236460327817 2488.2092277409147
3250.410278609343 2488.6399673096284
3251.520564012014 2489.263316513017
3252.515168523126 2490.050373157957
3253.3547584250105 2490.9722350513257
3254.0 2492.0
3254.4319880193334 2493.1011915930853
3254.713531209888 2494.2290365486037
3254.927866787447 2495.333187366804
3255.158231967796 2496.363296547937
3255.487863966719 2497.2690165922522
3256.0 2498.0
3256.7521055935863 2498.524894775632
3257.698559514069 2498.8883309404027
3258.767968838198 2499.153934019769
3259.888940642729 2499.3853295391864
3260.9900820044118 2499.6461430241116
3262.0 2500.0
3262.8651451618775 2500.484414489573
3263.6033418449515 2501.032454504602
3264.2502578597614 2501.551076554123
3264.841561016847 2501.947237147172
3265.4129191267466 2502.1278927927856
3266.0 2502.0
3266.629906351498 2501.5096694883005
3267.295480513535 2500.75962881897
3267.980999722757 2499.891759763743
3268.6707412158116 2499.0479440943495
3269.348982229343 2498.370063582524
3270.0 2498.0
3270.6152294321323 2498.032463112781
3271.214736100911 2498.373474663962
3271.8257432492114 2498.881884390908
3272.475474119909 2499.416542030986
3273.19115195588 2499.8362973215617
3274.0 2500.0
3274.9184351792333 2499.814181764278
3275.919649156898 2499.376102154811
3276.9660272804 2498.8307026726243
3278.0199548971473 2498.3229248187436
3279.0438173545444 2497.997710094193
3280.0 2498.0
3280.859177999082 2498.4330320523277
3281.625185790016 2499.233227827903
3282.310147629188 2500.2953049185926
3282.926187772985 2501.5139809162615
3283.4854304777937 2502.7839734127756
3284.0 2504.0
3284.4781861577685 2505.0740603967793
3284.912941016368 2505.9872828298685
3285.2933822028454 2506.7380776530017
3285.6086273442456 2507.3248552199125
3285.8477940676153 2507.746025884334
3286.0 2508.0
3286.0543627684465 2508.085187920644
3286.0 2508.0
3286.0 2508.0
