3286.0 2508.0
3285.730761973879 2507.00103057553
3286.0 2506.0
3286.269238026122 2504.998969424471
3286.0 2504.0
3284.942285921635 2503.003091726587
3284.0 2502.0
3283.961618287338 2500.9886636691785
3284.0 2500.0
3283.211240929015 2499.042253596698
3282.0 2498.0
3280.943417996603 2496.8423219440274
3280.0 2496.0
3279.015087084574 2495.8384586271914
3278.0 2496.0
3276.9962336651015 2496.053843547207
3276.0 2496.0
3274.9999782550217 2495.946167183982
3274.0 2496.0
3273.003853314813 2496.161487716867
3272.0 2496.0
3270.9846084857254 2495.157881948551
3270.0 2494.0
3269.0577127422857 2492.95698448893
3268.0 2492.0
3266.784540545132 2491.014180095727
3266.0 2490.0
3266.054125077186 2488.9862951281584
3266.0 2488.0
3264.9989591461217 2487.0406393916383
3264.0 2486.0
3263.9500383383242 2484.8511473052904
3264.0 2484.0
3263.2008875005786 2483.8047713872006
3262.0 2484.0
3260.99641165936 2484.179767145907
3260.0 2484.0
3258.8134658619815 2483.2261600291718
3258.0 2482.0
3257.999724892718 2480.665592737408
3258.0 2480.0
3257.1876345671476 2480.6114690211975
3256.0 2482.0
3254.9997368386917 2483.3885311778017
3254.0 2484.0
3252.8134180780876 2483.334406267595
3252.0 2482.0
3251.9965908489594 2480.7738437518183
3252.0 2480.0
3251.200218526077 2479.8202187251322
3250.0 2480.0
3248.952535046734 2480.1952813476537
3248.0 2480.0
3246.9896412869866 2479.1486558842525
3246.0 2478.0
3245.088899805318 2476.960095115336
3244.0 2476.0
3242.6547594917415 2475.010963654404
3242.0 2474.0
3242.7920622277175 2472.996050267051
3244.0 2472.0
3244.42699159739 2471.0048352773933
3244.0 2470.0
3242.9999713827256 2468.984608623376
3242.0 2468.0
3241.573122871712 2467.0567302291033
3242.0 2466.0
3243.2075371304286 2464.78847046021
3244.0 2464.0
3243.346728606574 2464.039387930056
3242.0 2464.0
3240.9055484432774 2463.0539778195666
3240.0 2462.0
3239.0310776203187 2461.7447007916776
3238.0 2462.0
3236.9701410754474 2462.217219013722
3236.0 2462.0
3235.088358077893 2461.1364231534335
3234.0 2460.0
3232.6764266129817 2458.9870883725434
3232.0 2458.0
3232.705935470183 2456.9152233563937
3234.0 2456.0
3234.9998315062894 2455.602018201885
3236.0 2456.0
3237.2947385046623 2457.1767038360676
3238.0 2458.0
3237.321214475063 2457.441166453846
3236.0 2456.0
3234.9204035950866 2454.5586303485484
3234.0 2454.0
3232.99717114459 2454.8243121519617
3232.0 2456.0
3231.0909118265527 2456.394121043604
3230.0 2456.0
3228.6391815492025 2455.0992036736216
3228.0 2454.0
3228.852361976641 2452.9590642619096
3230.0 2452.0
3230.201370544234 2451.064539278739
3230.0 2450.0
3230.092155846423 2448.782778623134
3230.0 2448.0
3229.180006070076 2448.0543462287246
3228.0 2448.0
3226.9378198732743 2446.9998364619673
3226.0 2446.0
3225.068714436826 2445.946307923406
3224.0 2446.0
3222.7873223794195 2445.2149318444094
3222.0 2444.0
3222.031996045497 2442.9439646989576
3222.0 2442.0
3221.084693438593 2441.0092093597614
3220.0 2440.0
3219.629230200131 2439.0191978619964
3220.0 2438.0
3220.898385760883 2436.9139991922525
3222.0 2436.0
3223.027226756339 2435.574805368993
3224.0 2436.0
3224.992707213763 2437.2867793317755
3226.0 2438.0
3227.0019443886104 2437.0280773039062
3228.0 2436.0
3228.999515231797 2436.6009114526
3230.0 2438.0
3230.9999946842017 2439.0682768856923
3232.0 2440.0
3233.0005060313965 2441.125981004629
3234.0 2442.0
3234.9979811902117 2442.1777990957926
3236.0 2442.0
3237.007569207756 2441.9128226122016
3238.0 2442.0
3238.971741978765 2442.1709104554006
3240.0 2442.0
3241.1054628771853 2441.1535355661954
3242.0 2440.0
3242.3564065124947 2438.964947279818
3242.0 2438.0
3240.9689110728364 2436.9866753145334
3240.0 2436.0
3239.7679491961608 2435.0883514620505
3240.0 2434.0
3240.209292142522 2432.6599188372666
3240.0 2432.0
3239.1448822337525 2432.7719731888824
3238.0 2434.0
3236.961178922468 2434.502188407204
3236.0 2434.0
3235.010402076375 2432.7192731823015
3234.0 2432.0
3232.997212772035 2432.870718863591
3232.0 2434.0
3231.000746835488 2434.047851363336
3230.0 2434.0
3228.999799886016 2434.9378756830642
3228.0 2436.0
3227.0000536204516 2436.200645904406
3226.0 2436.0
3224.99998563218 2436.009540699312
3224.0 2436.0
3223.0000038508288 2435.7611912983466
3222.0 2436.0
3220.9999989645053 2437.195694107302
3220.0 2438.0
3219.0000002911524 2437.2060322724433
3218.0 2436.0
3216.999999870888 2435.7301768029247
3216.0 2436.0
3215.000000225297 2436.1232605158584
3214.0 2436.0
3212.999999227925 2435.776781133642
3212.0 2436.0
3211.000002863004 2437.019614949575
3210.0 2438.0
3208.9999893200593 2438.1447590680596
3208.0 2438.0
3207.000039856761 2438.1513487781885
3206.0 2438.0
3204.999851252899 2436.999845819186
3204.0 2436.0
3203.000555131646 2435.849267945069
3202.0 2436.0
3200.9979282205204 2435.8530824005393
3200.0 2436.0
3199.0077319862726 2436.988402452774
3198.0 2438.0
3196.971143834389 2438.193307788365
3196.0 2438.0
3195.1076926761716 2437.988366393765
3194.0 2438.0
3192.5980854609256 2437.8532266365764
3192.0 2438.0
3192.9999654801272 2438.848727059931
3194.0 2440.0
3193.4020526185673 2441.0018651236987
3192.0 2442.0
3190.891824045605 2443.1438124452734
3190.0 2444.0
3189.0306511990148 2444.172885095208
3188.0 2444.0
3186.9855711583396 2443.9146471738945
3186.0 2444.0
3185.0270641676293 2444.168526209215
3184.0 2444.0
3182.906172171143 2443.161247989246
3182.0 2442.0
3181.598247147798 2440.9364818338004
3182.0 2440.0
3183.200839237666 2439.0928246755525
3184.0 2438.0
3183.3483959015384 2436.692219463991
3182.0 2436.0
3180.905577156183 2436.6382974684866
3180.0 2438.0
3179.0292954737306 2439.254590662065
3178.0 2440.0
3176.9772409488955 2440.093339883257
3176.0 2440.0
3175.0617407306877 2440.122049804909
3174.0 2440.0
3172.7757961283546 2439.1684608971095
3172.0 2438.0
3172.085074755897 2436.954106606656
3172.0 2436.0
3170.88390484806 2435.0151126762694
3170.0 2434.0
3170.6293058518677 2432.9854426882666
3172.0 2432.0
3173.098871744474 2431.0431165706655
3174.0 2430.0
3174.9752071702383 2428.842091029074
3176.0 2428.0
3177.0002995745735 2427.83851931304
3178.0 2428.0
3179.0235945314694 2428.0538317187666
3180.0 2428.0
3180.9053222995517 2427.946153811894
3182.0 2428.0
3183.3551162703243 2428.1615530336576
3184.0 2428.0
3183.174212619152 2427.157634053477
3182.0 2426.0
3181.698033253068 2424.9579107524355
3182.0 2424.0
3182.2836543685767 2423.0107229367827
3182.0 2422.0
3180.9173492726277 2420.999197500436
3180.0 2420.0
3180.0469485409153 2418.992487061474
3180.0 2418.0
3178.8948565637133 2417.0308542536673
3178.0 2416.0
3178.623625204233 2414.884095923858
3180.0 2414.0
3181.110642619356 2413.682762050903
3182.0 2414.0
3182.933804318345 2414.8848558725313
3184.0 2416.0
3185.1541401072654 2417.0278144589734
3186.0 2418.0
3186.1996352525935 2419.0038862915767
3186.0 2420.0
3185.7973188823603 2420.956640374721
3186.0 2422.0
3186.861089217965 2423.1695522095406
3188.0 2424.0
3189.008324245779 2424.1151507871164
3190.0 2424.0
3191.1056137989194 2424.1198446419935
3192.0 2424.0
3192.319220558544 2423.1554706449106
3192.0 2422.0
3191.117503966905 2421.0082727783665
3190.0 2420.0
3188.960763573835 2418.8114382416256
3188.0 2418.0
3187.0394417377556 2417.995974255134
3186.0 2418.0
3184.8814694751422 2417.204664737839
3184.0 2416.0
3183.6846803616745 2414.935366793511
3184.0 2414.0
3184.8798090781606 2413.0538680881173
3186.0 2412.0
3187.046083325685 2410.8491608540216
3188.0 2410.0
3188.9358576191007 2409.7994884957984
3190.0 2410.0
3191.2104861979146 2410.202885162786
3192.0 2410.0
3191.9721975892426 2409.1389708530583
3192.0 2408.0
3192.9007234451165 2406.9912314249814
3194.0 2406.0
3194.4249086302916 2404.896103447019
3194.0 2404.0
3192.8996420337176 2403.6743547869464
3192.0 2404.0
3191.97652323484 2404.906477405198
3192.0 2406.0
3191.194265026922 2406.949735592262
3190.0 2408.0
3188.9964166574728 2409.2945802257527
3188.0 2410.0
3186.8200683431887 2409.3719435047283
3186.0 2408.0
3185.973309969775 2406.717645755337
3186.0 2406.0
3185.2866917777133 2406.0074734739255
3184.0 2406.0
3182.629922919372 2405.25246034896
3182.0 2404.0
3182.6936165447987 2402.732685130236
3184.0 2402.0
3185.095610901434 2402.0667991300984
3186.0 2402.0
3186.923939849466 2401.0001183493728
3188.0 2400.0
3189.208629700704 2399.9327274724114
3190.0 2400.0
3189.99154134772 2399.268971760983
3190.0 2398.0
3190.825204908416 2396.7413854836595
3192.0 2396.0
3192.9576390186194 2396.0154863043817
3194.0 2396.0
3195.344239017109 2395.1966692988162
3196.0 2394.0
3195.165404912945 2392.947836500355
3194.0 2392.0
3193.74414133111 2391.011984699765
3194.0 2390.0
3194.1080297626145 2389.0042247005867
3194.0 2388.0
3193.8237396184336 2386.97111649789
3194.0 2386.0
3194.847011763653 2385.1113093078557
3196.0 2384.0
3197.0382133269545 2382.5836462706857
3198.0 2382.0
3199.00013492853 2383.0541056094016
3200.0 2384.0
3200.9612469589265 2383.1999312917087
3202.0 2382.0
3203.1548772357637 2381.8961692237654
3204.0 2382.0
3204.1692440980164 2381.2153918132326
3204.0 2380.0
3203.9181463721693 2378.992263523307
3204.0 2378.0
3204.158170413307 2376.81555409354
3204.0 2376.0
3203.199171974604 2375.995520102532
3202.0 2376.0
3200.795141688277 2375.2023654963314
3200.0 2374.0
3199.8702612722886 2372.9450179121436
3200.0 2372.0
3199.973813222568 2371.0175628550955
3200.0 2370.0
3200.2344858374404 2368.9847306674747
3200.0 2368.0
3198.8382434276714 2367.0435144750086
3198.0 2366.0
3198.662540451877 2364.8412114324938
3200.0 2364.0
3201.0115947648246 2363.8416397950177
3202.0 2364.0
3203.291080488828 2364.0422293874353
3204.0 2364.0
3203.3240832798647 2363.9894426552405
3202.0 2364.0
3200.9125863917125 2363.999999991603
3200.0 2364.0
3199.0255711532855 2364.010557378349
3198.0 2364.0
3196.9851289951466 2363.957770495003
3196.0 2364.0
3195.033912866129 2364.158360641639
3194.0 2364.0
3192.879219540338 2363.158786938442
3192.0 2362.0
3191.6992089725195 2360.956491604594
3192.0 2360.0
3192.8239445695835 2359.0152466431823
3194.0 2358.0
3195.2550127491463 2356.9825218226774
3196.0 2356.0
3195.906004433831 2355.05466606611
3196.0 2354.0
3197.120969515529 2352.7988139128856
3198.0 2352.0
3197.360117504052 2352.000078282349
3196.0 2352.0
3194.9385604682634 2351.2008729577183
3194.0 2350.0
3192.8856406228942 2348.94642988678
3192.0 2348.0
3191.768877040159 2347.0134074951634
3192.0 2346.0
3192.2888512164695 2344.9999401325663
3192.0 2344.0
3190.8257180939654 2342.986831974571
3190.0 2342.0
3190.6582764076734 2341.05273196915
3192.0 2340.0
3193.041176275343 2338.8022401488297
3194.0 2338.0
3195.177018490955 2337.988307435533
3196.0 2338.0
3196.0007497608385 2337.2445301090393
3196.0 2336.0
3196.8199824656954 2334.7835721283104
3198.0 2334.0
3198.969320376382 2333.871181377719
3200.0 2334.0
3201.302736028777 2333.981702360815
3202.0 2334.0
3201.319735508513 2334.2020091790223
3200.0 2334.0
3198.9183219371744 2332.960260923098
3198.0 2332.0
3197.006976742793 2331.956947128589
3196.0 2332.0
3195.0537710916537 2331.2119505625474
3194.0 2330.0
3192.777938890591 2328.945250621222
3192.0 2328.0
3192.084473345983 2327.0070469525654
3192.0 2326.0
3190.884167725479 2325.026561568519
3190.0 2324.0
3190.628855752103 2322.8867067733618
3192.0 2322.0
3193.100409266111 2321.676611338035
3194.0 2322.0
3194.9695071834535 2322.9068478744994
3196.0 2324.0
3197.021562000076 2324.945997163969
3198.0 2326.0
3198.9442448162436 2327.309163469624
3200.0 2328.0
3201.2014587349504 2327.3173489575365
3202.0 2326.0
3201.9999202439562 2324.921440700232
3202.0 2324.0
3202.798860289225 2322.9968882415374
3204.0 2322.0
3205.0546385991456 2321.091006333618
3206.0 2320.0
3206.9825853141942 2318.6390864239916
3208.0 2318.0
3209.015020144078 2318.8526479704183
3210.0 2320.0
3210.957334109495 2320.200321694336
3212.0 2320.0
3213.155643417944 2320.0960652522376
3214.0 2320.0
3214.170092218731 2319.1654172967133
3214.0 2318.0
3213.913987707134 2316.9922655609084
3214.0 2316.0
3214.173956952734 2314.8655204596535
3214.0 2314.0
3213.1401844819306 2313.7956526004787
3212.0 2314.0
3211.0153051195457 2314.2018691384337
3210.0 2314.0
3208.798595039889 2313.146870845788
3208.0 2312.0
3208.040314720901 2310.9606474784155
3208.0 2310.0
3207.0401460765106 2309.01053924055
3206.0 2308.0
3205.799100973058 2306.9971955593846
3206.0 2306.0
3206.0134500312565 2305.0006785219134
3206.0 2304.0
3206.1470989019163 2303.000090352964
3206.0 2302.0
3205.14815436108 2300.9989600662316
3204.0 2300.0
3203.010283653765 2299.0040693821115
3202.0 2298.0
3200.810711023861 2296.984762405324
3200.0 2296.0
3199.996872250792 2295.0568809965926
3200.0 2294.0
3199.2017999729733 2292.7877136083043
3198.0 2292.0
3196.9459278573163 2292.042264570189
3196.0 2292.0
3195.0144885977616 2291.0432281109415
3194.0 2290.0
3192.9961177516375 2289.784822986048
3192.0 2290.0
3191.0010403956885 2290.06747994487
3190.0 2290.0
3188.999720665608 2289.9452572344753
3188.0 2290.0
3187.0000769418793 2290.1514911172308
3186.0 2290.0
3184.999971566877 2289.1987782966007
3184.0 2288.0
3183.000036790617 2286.8033956963664
3182.0 2286.0
3180.99988127066 2285.837638917934
3180.0 2286.0
3179.0004381267454 2286.0960486318963
3178.0 2286.0
3176.998366222358 2285.77816655448
3176.0 2286.0
3175.0060969838223 2287.041285150184
3174.0 2288.0
3172.977245842355 2288.056692844785
3172.0 2288.0
3171.0849196467607 2288.7319434706774
3170.0 2290.0
3168.6830755706037 2291.2655332725058
3168.0 2292.0
3168.682778070824 2291.9559234392996
3170.0 2292.0
3171.0858121461024 2292.910772970298
3172.0 2294.0
3172.9739733447677 2294.400984679512
3174.0 2294.0
3175.018294474828 2292.985288311657
3176.0 2292.0
3176.952848755922 2291.657862073862
3178.0 2292.0
3179.170310501487 2292.8832633928973
3180.0 2294.0
3180.1159092381295 2295.059084354549
3180.0 2296.0
3180.1160525459954 2296.880399188905
3180.0 2298.0
3179.169880577889 2299.4193188898307
3178.0 2300.0
3176.9544251424495 2298.942325251775
3176.0 2298.0
3175.012418852314 2298.811380103074
3174.0 2300.0
3172.9958994482945 2300.062154335933
3172.0 2300.0
3171.0039833545075 2300.9400025531945
3170.0 2302.0
3168.9881671336752 2302.1778354512894
3168.0 2302.0
3167.0433481107907 2302.0986556416497
3166.0 2302.0
3164.838440423162 2301.177541982114
3164.0 2300.0
3163.8528901965624 2298.9411764298984
3164.0 2298.0
3163.9999987905894 2297.0577522982944
3164.0 2296.0
3164.147114641081 2294.827814376925
3164.0 2294.0
3163.1615426450894 2293.880990194008
3162.0 2294.0
3160.9567147785638 2293.8982248470443
3160.0 2294.0
3159.011598240657 2294.7761104178153
3158.0 2296.0
3156.996892258808 2297.2473334816946
3156.0 2298.0
3155.000832724111 2297.9845556554055
3154.0 2298.0
3152.99977684475 2298.8144438966824
3152.0 2300.0
3151.00005989689 2301.0076687578644
3150.0 2302.0
3148.999983567689 2303.15488107186
3148.0 2304.0
3147.000005832354 2304.122806954697
3146.0 2304.0
3144.999993102898 2304.1038911093556
3144.0 2304.0
3143.000021756057 2303.211628607883
3142.0 2302.0
3140.999919872876 2300.799594459113
3140.0 2300.0
3139.00029875244 2299.839993555666
3138.0 2300.0
3136.998885117366 2300.0904313182236
3136.0 2300.0
3135.0041607780977 2299.7982811714414
3134.0 2300.0
3132.9844717702454 2300.966443996013
3132.0 2302.0
3131.0579521409218 2302.3359428445087
3130.0 2302.0
3128.7837196660703 2301.1897846259535
3128.0 2300.0
3128.0571691948007 2298.6549186516795
3128.0 2298.0
3126.987603554729 2298.6905407673307
3126.0 2300.0
3125.9924165862867 2301.0829182789985
3126.0 2302.0
3125.042730100127 2302.9777861166754
3124.0 2304.0
3123.8366630132077 2305.0059372543
3124.0 2306.0
3123.8606178470427 2306.9984648661257
3124.0 2308.0
3124.970865598623 2309.0002032812
3126.0 2310.0
3126.2559197584674 2311.0007220090774
3126.0 2312.0
3125.7554553675072 2312.996908682493
3126.0 2314.0
3126.9722587715037 2315.011643260952
3128.0 2316.0
3128.3555095464794 2316.9565182736997
3128.0 2318.0
3127.105703042581 2319.1622836442507
3126.0 2320.0
3124.9716782832006 2320.1443471492994
3124.0 2320.0
3123.00758382462 2320.010327758553
3122.0 2320.0
3120.9979864183206 2319.8143418164896
3120.0 2320.0
3119.0004705020983 2320.9823049754896
3118.0 2322.0
3117.0001315732884 2322.2564382815517
3116.0 2322.0
3114.99900320475 2321.7419418983027
3114.0 2322.0
3113.003855607714 2323.025794125238
3112.0 2324.0
3110.9855743643966 2324.1548816007476
3110.0 2324.0
3109.053846934699 2324.1046794717736
3108.0 2324.0
3106.7990378968084 2323.176400512159
3106.0 2322.0
3106.0000014780703 2320.9397184795903
3106.0 2320.0
3105.2009561909113 2319.06472556948
3104.0 2318.0
3102.946173758286 2316.8013792424917
3102.0 2316.0
3101.0143487759456 2315.979757460555
3100.0 2316.0
3098.9964311379313 2315.2795909152896
3098.0 2314.0
3096.9999266723285 2312.651878878286
3096.0 2312.0
3095.003862172756 2312.612893571567
3094.0 2314.0
3092.9846246366496 2315.396546835449
3092.0 2316.0
3091.057639280647 2315.3009190866396
3090.0 2314.0
3088.7848182407643 2312.8997768179956
3088.0 2312.0
3088.053087756298 2311.0999736413783
3088.0 2310.0
3087.002830734046 2308.7003286164895
3086.0 2308.0
3085.9355893075203 2308.598711892662
3086.0 2310.0
3085.2548120358756 2311.4048238128617
3084.0 2312.0
3082.7951625489795 2311.2819928558924
3082.0 2310.0
3081.8145377682067 2308.9672047635713
3082.0 2308.0
3082.1966863781945 2306.8491880898237
3082.0 2306.0
3081.148716719016 2305.8860428771345
3080.0 2306.0
3078.958446745741 2305.8566404016383
3078.0 2306.0
3077.0174962980195 2306.9373955163114
3076.0 2308.0
3074.9715680621825 2308.393777533116
3074.0 2308.0
3073.0962314532508 2306.9874943512255
3072.0 2306.0
3070.6435061248167 2305.6562450619826
3070.0 2306.0
3070.829744047484 2306.8875254008444
3072.0 2308.0
3072.287517685248 2309.043653334641
3072.0 2310.0
3071.7701852115238 2310.9378612605933
3072.0 2312.0
3072.8817414686578 2313.2049016229876
3074.0 2314.0
3074.952848913846 2313.9925322474583
3076.0 2314.0
3077.30686287596 2314.8249693871808
3078.0 2316.0
3077.3196995823137 2316.957590203819
3076.0 2318.0
3074.9143387947847 2319.3446697975432
3074.0 2320.0
3073.0229452385483 2319.163730606009
3072.0 2318.0
3070.9938802510214 2317.7504077784215
3070.0 2318.0
3069.0015337573664 2318.084638280306
3068.0 2318.0
3066.9999847195136 2317.9110391003537
3066.0 2318.0
3064.9985273645793 2318.271205318278
3064.0 2318.0
3063.00590582217 2316.754139626534
3062.0 2316.0
3060.9778493467406 2316.962236175588
3060.0 2318.0
3059.0826967908692 2317.396915671117
3058.0 2316.0
3056.691363489783 2314.9501011399484
3056.0 2314.0
3056.651849250001 2312.8026797690927
3058.0 2312.0
3059.2012395102156 2312.0891797836825
3060.0 2312.0
3060.293192709137 2310.8406010961776
3060.0 2310.0
3059.1259896532356 2310.7984158316085
3058.0 2312.0
3056.952848677921 2312.2157355773907
3056.0 2312.0
3055.0626156350804 2312.0886418588293
3054.0 2312.0
3052.7966887817583 2311.1796969872944
3052.0 2310.0
3052.000629237888 2308.942570191996
3052.0 2308.0
3051.2007942666896 2307.050022244724
3050.0 2306.0
3048.946193695356 2304.857340829108
3048.0 2304.0
3047.0144309518882 2303.770614438843
3046.0 2304.0
3044.9960824970926 2304.310201415519
3044.0 2304.0
3043.0012390597435 2302.7385798990836
3042.0 2302.0
3040.998961263934 2302.985478988149
3040.0 2304.0
3039.0029158845214 2303.3195041483195
3038.0 2302.0
3036.989375197983 2301.486504418572
3036.0 2302.0
3035.0395833235484 2303.2344781773922
3034.0 2304.0
3032.852291507823 2303.3255828718598
3032.0 2302.0
3031.8012506451605 2300.963190335169
3032.0 2300.0
3032.1927059115355 2298.821655787464
3032.0 2298.0
3031.177925708698 2298.0001865149734
3030.0 2298.0
3028.8455912536742 2297.1775981526416
3028.0 2296.0
3027.689709276606 2295.0394208744597
3028.0 2294.0
3028.8955716399028 2292.6647183495193
3030.0 2292.0
3030.9780041637846 2292.8017057274637
3032.0 2294.0
3033.19241170496 2294.378458740627
3034.0 2294.0
3034.002349016377 2293.184459310029
3034.0 2292.0
3034.7981922295344 2290.6337040192575
3036.0 2290.0
3037.0548820654867 2290.780724612942
3038.0 2292.0
3038.9822795085192 2292.493397528977
3040.0 2292.0
3041.0159999004372 2290.745685271152
3042.0 2290.0
3042.9537208897323 2290.773861386416
3044.0 2292.0
3045.1691165406332 2292.4088691831867
3046.0 2292.0
3046.1198129477366 2291.0906618808385
3046.0 2290.0
3046.1016316684227 2288.9784832934606
3046.0 2288.0
3045.2236603785736 2286.99540494532
3044.0 2286.0
3042.753726817285 2285.039896925259
3042.0 2284.0
3042.0114323522885 2282.8450073536437
3042.0 2282.0
3041.200543773563 2281.830073660164
3040.0 2282.0
3038.9363925534626 2282.084698005698
3038.0 2282.0
3037.0538860125885 2281.8311343170444
3036.0 2282.0
3034.848063396185 2282.8407647261265
3034.0 2284.0
3033.8038604026724 2285.0558067784505
3034.0 2286.0
3034.1864949931255 2286.9360081600703
3034.0 2288.0
3033.2001596248256 2289.200160581268
3032.0 2290.0
3030.762866507574 2290.0133495148584
3030.0 2290.0
3029.99837434488 2290.7464413592984
3030.0 2292.0
3029.243636112907 2293.2508850479485
3028.0 2294.0
3026.777081203493 2294.000018448907
3026.0 2294.0
3025.898039073123 2294.7490411564245
3026.0 2296.0
3025.8807625040163 2297.2538169253967
3026.0 2298.0
3026.8289109108114 2297.98569114199
3028.0 2298.0
3029.053593852738 2298.8034185066444
3030.0 2300.0
3030.956713678237 2301.0506348314325
3032.0 2302.0
3033.1195514343153 2302.9940421676247
3034.0 2304.0
3034.315080584503 2304.973196498067
3034.0 2306.0
3033.120126227673 2307.1131718401084
3032.0 2308.0
3030.954414504804 2308.324116141502
3030.0 2308.0
3029.0622157531116 2307.090363593886
3028.0 2306.0
3026.7967224827526 2305.0644294829544
3026.0 2304.0
3026.000894315881 2302.651918474296
3026.0 2302.0
3025.199700253726 2302.827896619862
3024.0 2304.0
3022.9503046692175 2304.286495046257
3022.0 2304.0
3020.9990810694057 2303.776123195111
3020.0 2304.0
3019.0533710531618 2304.8590121733005
3018.0 2306.0
3016.787434717948 2307.0378281116878
3016.0 2308.0
3016.0468900750443 2308.9896753799494
3016.0 2310.0
3015.025004981874 2311.0034703685155
3014.0 2312.0
3013.85308999746 2312.9964431459894
3014.0 2314.0
3013.812635028286 2315.010757047529
3014.0 2316.0
3015.1463698893963 2316.960528663897
3016.0 2318.0
3015.3518854141303 2319.1471282968846
3014.0 2320.0
3012.9460884540845 2320.2009581485645
3012.0 2320.0
3010.863760769533 2319.799039108859
3010.0 2320.0
3009.8488684677845 2320.8528854160027
3010.0 2322.0
3009.9907653593314 2323.0394192271315
3010.0 2324.0
3010.1880700948914 2324.9894376754714
3010.0 2326.0
3009.0069542611027 2327.002830070983
3008.0 2328.0
3007.784112860698 2328.999242040598
3008.0 2330.0
3008.106594296105 2331.0002017666266
3008.0 2332.0
3007.7895099548796 2332.999950892894
3008.0 2334.0
3008.9853658843754 2334.9999946617963
3010.0 2336.0
3010.269026507619 2337.000070459921
3010.0 2338.0
3009.6885280851484 2338.9997234985194
3010.0 2340.0
3011.2268611517875 2341.001035546001
3012.0 2342.0
3011.1540273077026 2342.996134317479
3010.0 2344.0
3009.9070296174027 2345.014427184083
3010.0 2346.0
3009.2178542226875 2346.9461569461887
3008.0 2348.0
3006.9715534918496 2349.200945031162
3006.0 2350.0
3004.895931809917 2350.0000629291653
3004.0 2350.0
3003.6947192684834 2350.7988032521785
3004.0 2352.0
3004.825191116149 2353.0547240621213
3006.0 2354.0
3007.25451626692 2354.9823004993373
3008.0 2356.0
3007.9067438161733 2357.01607394053
3008.0 2358.0
3009.118508468388 2358.953403738542
3010.0 2360.0
3009.369222310274 2361.1703111053016
3008.0 2362.0
3006.904602290515 2362.115351840252
3006.0 2362.0
3005.012368527668 2362.1182815336897
3004.0 2362.0
3003.0459235988155 2361.1615220249887
3002.0 2360.0
3000.8039370770707 2358.9856303663555
3000.0 2358.0
2999.9883280929016 2356.8959565095893
3000.0 2356.0
2999.2427505513233 2355.6805435952874
2998.0 2356.0
2996.790669701805 2356.881869109262
2996.0 2358.0
2995.844570641457 2359.041979967667
2996.0 2360.0
2996.0810477323703 2360.9502110200724
2996.0 2362.0
2995.8312384290657 2363.157175952043
2996.0 2364.0
2996.8439985513687 2364.1710851717544
2998.0 2364.0
2999.042767365459 2363.9084833609395
3000.0 2364.0
3000.984931986795 2364.194981384489
3002.0 2364.0
3003.0175046873646 2363.0615911011078
3004.0 2362.0
3004.945049263748 2361.5586542110836
3006.0 2362.0
3007.202298257644 2363.20379205456
3008.0 2364.0
3007.9957577056766 2363.376177570676
3008.0 2362.0
3008.814670919652 2360.7914976627358
3010.0 2360.0
3010.995558615715 2359.7078317783826
3012.0 2360.0
3013.20309461749 2360.8771752237362
3014.0 2362.0
3013.9420629143274 2363.033467326674
3014.0 2364.0
3015.028653725201 2364.98895546957
3016.0 2366.0
3015.943322184869 2367.010710795048
3016.0 2368.0
3017.1980575353227 2368.9682013502384
3018.0 2370.0
3017.0144476738415 2371.1164838039995
3016.0 2372.0
3016.744151769313 2372.315863433766
3018.0 2372.0
3018.2589452489074 2371.120062460939
3018.0 2370.0
3017.9700672350577 2368.9538867224796
3018.0 2368.0
3017.86078581086 2367.0643906491446
3018.0 2366.0
3018.836789521502 2364.7885506809453
3020.0 2364.0
3021.0420561031324 2364.0314066270757
3022.0 2364.0
3022.99498606597 2363.085822810752
3024.0 2362.0
3024.977999632989 2361.625302129917
3026.0 2362.0
3027.0930154020766 2362.9129686695806
3028.0 2364.0
3028.399938758706 2364.9728231917634
3028.0 2366.0
3026.8072295630996 2367.1957385633677
3026.0 2368.0
3026.6211429888967 2367.9942225547675
3028.0 2368.0
3029.2081984813144 2368.827371217564
3030.0 2370.0
3030.296063085845 2370.9462925749754
3030.0 2372.0
3029.1075491753045 2373.387458482532
3028.0 2374.0
3027.023740212938 2373.0038734948953
3026.0 2372.0
3024.7974899729475 2372.5970475378867
3024.0 2374.0
3024.0362998952755 2375.107936353558
3024.0 2376.0
3023.057310445951 2376.9712070478795
3022.0 2378.0
3021.7344583209237 2379.007235454923
3022.0 2380.0
3022.254856270358 2380.9998511324297
3022.0 2382.0
3020.9961165976483 2382.993360015361
3020.0 2384.0
3019.760677339051 2385.0267088061287
3020.0 2386.0
3020.2111740461482 2386.899804760126
3020.0 2388.0
3019.1446264763563 2389.374072153369
3018.0 2390.0
3016.960320048429 2389.1039066264
3016.0 2388.0
3015.01409332993 2387.9603013410306
3014.0 2388.0
3012.9833066318524 2387.054888009478
3012.0 2386.0
3011.0526801426618 2385.8201466210585
3010.0 2386.0
3008.805972797502 2385.9145255062904
3008.0 2386.0
3007.973428667333 2386.771751353782
3008.0 2388.0
3007.300312533169 2389.248469078584
3006.0 2390.0
3004.575321199992 2389.9843723318827
3004.0 2390.0
3004.8984026668636 2390.8140415938865
3006.0 2392.0
3006.081068132556 2393.0094612925727
3006.0 2394.0
3006.777324802915 2395.148113235825
3008.0 2396.0
3009.059632655786 2396.14808576413
3010.0 2396.0
3010.9841445739426 2396.0095437076557
3012.0 2396.0
3013.0037890484437 2395.8137394052487
3014.0 2396.0
3015.0006992322833 2396.9854986713513
3016.0 2398.0
3016.9934140224245 2398.2442659093476
3018.0 2398.0
3019.0256446780204 2397.78743769126
3020.0 2398.0
3020.904007265494 2398.855983325616
3022.0 2400.0
3023.3583262600027 2401.03862900628
3024.0 2402.0
3023.162687694497 2402.9895006492648
3022.0 2404.0
3021.7409229620116 2405.0033683966617
3022.0 2406.0
3022.1236204574566 2406.99702576409
3022.0 2408.0
3021.7645952081634 2409.0085285469804
3022.0 2410.0
3023.067998709892 2410.9688600479903
3024.0 2412.0
3023.963409952271 2413.116031261061
3024.0 2414.0
3025.0783614810266 2414.3170149077687
3026.0 2414.0
3025.4731441236236 2413.1159091078644
3024.0 2412.0
3022.5290620244805 2410.969348660774
3022.0 2410.0
3022.9106077784563 2409.006696249041
3024.0 2408.0
3024.0785068616947 2407.003866343063
3024.0 2406.0
3024.775364774763 2404.977838378709
3026.0 2404.0
3027.070034039252 2403.0847801421028
3028.0 2402.0
3028.944499068228 2400.6830410528814
3030.0 2400.0
3031.151969687838 2400.6830556463733
3032.0 2402.0
3032.197622180421 2403.0847363616244
3032.0 2404.0
3031.8075415904773 2404.9779989071294
3032.0 2406.0
3032.8222114576697 2407.003268009859
3034.0 2408.0
3035.153612578844 2409.008929053435
3036.0 2410.0
3036.3133382269575 2410.961015776402
3036.0 2412.0
3035.093034513328 2413.1470078409575
3034.0 2414.0
3033.064523719731 2414.200952859769
3032.0 2414.0
3030.6488706077494 2413.799180719966
3030.0 2414.0
3030.8399938492726 2414.852324260368
3032.0 2416.0
3032.241153995161 2417.041522238563
3032.0 2418.0
3031.945390170084 2418.98158678538
3032.0 2420.0
3031.9772853245036 2421.032130619917
3032.0 2422.0
3032.1454685319036 2422.889890734953
3032.0 2424.0
3031.190840547885 2425.4083064402707
3030.0 2426.0
3028.84116927656 2424.976883503965
3028.0 2424.0
3027.6944823458775 2424.6841595438705
3028.0 2426.0
3028.8809013399323 2426.5364783205564
3030.0 2426.0
3031.031912294398 2424.669927173907
3032.0 2424.0
3032.9914494824793 2425.033812983817
3034.0 2426.0
3035.0022897756885 2425.1948208908257
3036.0 2424.0
3036.999391414769 2423.9369034528813
3038.0 2424.0
3039.000144565237 2423.057565297652
3040.0 2422.0
3041.000030324283 2421.8328353565107
3042.0 2422.0
3042.9997341376306 2421.861093276305
3044.0 2422.0
3045.001033125195 2422.9727915382705
3046.0 2424.0
3046.9961333615897 2424.2477405706145
3048.0 2424.0
3049.014433428448 2423.7862461792733
3050.0 2424.0
3050.9461329246196 2424.8572747122944
3052.0 2426.0
3053.201034873073 2427.034654971552
3054.0 2428.0
3053.9997275830897 2429.004105401501
3054.0 2430.0
3054.8000547945685 2430.9489234224448
3056.0 2432.0
3057.0500532386354 2433.20020090872
3058.0 2434.0
3058.9997322508893 2434.0002729426756
3060.0 2434.0
3060.9510177578086 2434.7987073205795
3062.0 2436.0
3063.1961967178786 2437.0548977750077
3064.0 2438.0
3064.014195370678 2438.9817015793906
3064.0 2440.0
3064.7470217994123 2441.0182959074323
3066.0 2442.0
3067.247717431675 2442.9451147908803
3068.0 2444.0
3068.0121084738885 2445.201244929045
3068.0 2446.0
3068.7038486727724 2445.99990549294
3070.0 2446.0
3071.422496835025 2446.799133099197
3072.0 2448.0
3071.1061639871314 2449.053562110272
3070.0 2450.0
3069.9028472164505 2450.986618459715
3070.0 2452.0
3069.282447147067 2452.9999640508686
3068.0 2454.0
3066.7173641952845 2455.0135253368117
3066.0 2456.0
3066.098096071798 2456.9459346018857
3066.0 2458.0
3064.8902515175273 2459.2027362556455
3064.0 2460.0
3064.5908978580956 2459.9931203755336
3066.0 2460.0
3067.246157050092 2460.8247822422218
3068.0 2462.0
3068.174473941535 2462.957750655583
3068.0 2464.0
3067.8059471837687 2465.34421513545
3068.0 2466.0
3068.851737323394 2465.1653888026167
3070.0 2464.0
3071.0371035226576 2463.7442296540835
3072.0 2464.0
3072.999848585977 2464.10769258105
3074.0 2464.0
3074.963502133436 2463.825000021719
3076.0 2464.0
3077.14614288028 2464.842307332077
3078.0 2466.0
3078.2019263454454 2467.055770649977
3078.0 2468.0
3077.7961517379395 2468.9346100680154
3078.0 2470.0
3078.863466702798 2471.205789077962
3080.0 2472.0
3080.9999814508687 2471.9922336201366
3082.0 2472.0
3083.1366074937273 2472.825276441493
3084.0 2474.0
3084.2035885742234 2474.9566606138933
3084.0 2476.0
3083.7990382093803 2477.348081102935
3084.0 2478.0
3084.8502585882575 2477.1510149743694
3086.0 2476.0
3087.049927437591 2475.7978589995887
3088.0 2476.0
3088.950031661381 2475.907549027275
3090.0 2476.0
3091.1499459168854 2476.8219448913123
3092.0 2478.0
3092.200184671078 2479.054671407478
3092.0 2480.0
3091.799315398803 2480.959369478777
3092.0 2482.0
3092.8525537337105 2483.107850677417
3094.0 2484.0
3095.0404696663563 2484.35922781156
3096.0 2484.0
3096.985567600868 2482.9552380763475
3098.0 2482.0
3099.017259930175 2481.8198198830505
3100.0 2482.0
3100.9453926784336 2482.015482391451
3102.0 2482.0
3103.2011693560917 2482.1182505511442
3104.0 2482.0
3103.9999298972 2481.261515403971
3104.0 2480.0
3104.799111055108 2478.5856878329723
3106.0 2478.0
3107.0536258823663 2478.895733264141
3108.0 2480.0
3108.9863854154255 2480.0813791104633
3110.0 2480.0
3111.000832455932 2480.778750294006
3112.0 2482.0
3113.0102847608478 2483.0536197135148
3114.0 2484.0
3114.9580285006778 2485.006770851934
3116.0 2486.0
3117.157601236443 2486.919296878749
3118.0 2488.0
3118.1615665535505 2489.3160416330707
3118.0 2490.0
3117.9461325493558 2489.3165365889686
3118.0 2488.0
3118.053903249027 2486.917812011056
3118.0 2486.0
3117.838254454535 2485.01221536681
3118.0 2484.0
3118.8430789328327 2483.0333265217064
3120.0 2482.0
3121.039429814134 2480.8544785463664
3122.0 2480.0
3122.9992018106323 2479.7987592928293
3124.0 2480.0
3124.963762943338 2480.2004842823194
3126.0 2480.0
3127.1457464160167 2479.1493035778967
3128.0 2478.0
3128.2032513925956 2476.952301406096
3128.0 2476.0
3127.7912480136006 2475.0414907977215
3128.0 2474.0
3128.8817565530017 2472.8817354030184
3130.0 2472.0
3130.9317257743937 2471.6815675902053
3132.0 2472.0
3133.3913403494257 2472.891994236162
3134.0 2474.0
3133.002912827905 2475.0004554651478
3132.0 2476.0
3132.5970083389557 2477.1061839032495
3134.0 2478.0
3135.1090538162734 2478.3248089218573
3136.0 2478.0
3136.966776395951 2477.094580409324
3138.0 2476.0
3139.023840599924 2475.046869440848
3140.0 2474.0
3140.9378612043565 2472.717941827285
3142.0 2472.0
3143.224714582653 2472.5813632500135
3144.0 2474.0
3143.9132804650326 2475.4566051726615
3144.0 2476.0
3145.1221635572188 2475.092216059342
3146.0 2474.0
3145.348065306095 2473.924530589972
3144.0 2474.0
3142.9855752184017 2473.20966158077
3142.0 2472.0
3140.7096338202987 2470.986823086949
3140.0 2470.0
3140.6758895004064 2468.8430460714358
3142.0 2468.0
3143.0868081780786 2467.8909926273086
3144.0 2468.0
3144.9768777872823 2467.8429834193303
3146.0 2468.0
3147.0056806727944 2468.98707369537
3148.0 2470.0
3149.0003995215416 2470.2087217991907
3150.0 2470.0
3150.992721241039 2469.928039107866
3152.0 2470.0
3153.0287155143023 2470.0791217693445
3154.0 2470.0
3154.8924167017535 2469.7554738147583
3156.0 2470.0
3157.4016176786845 2471.1489829716243
3158.0 2472.0
3157.001112583508 2471.3985942987447
3156.0 2470.0
3156.5939319872846 2468.7566398333965
3158.0 2468.0
3159.1231594673577 2467.8248463676705
3160.0 2468.0
3160.9134301432878 2468.193974695923
3162.0 2468.0
3163.223119959491 2467.1492548486385
3164.0 2466.0
3163.9440900187465 2464.9590059095244
3164.0 2464.0
3165.000519965524 2463.014721513264
3166.0 2462.0
3166.0538301191586 2460.9821080374204
3166.0 2460.0
3166.784159557842 2459.056846337055
3168.0 2458.0
3169.0595316494737 2456.7905066143608
3170.0 2456.0
3170.9777138442646 2456.0311272055033
3172.0 2456.0
3173.0296129734693 2455.0849845636294
3174.0 2454.0
3174.9038342618614 2453.6289345399814
3176.0 2454.0
3177.3550499790863 2454.899277276448
3178.0 2456.0
3177.1759658217943 2457.0239563542286
3176.0 2458.0
3175.6910867337383 2459.0048973066387
3176.0 2460.0
3176.309687243255 2460.9564544192176
3176.0 2462.0
3174.820164293244 2463.169285016491
3174.0 2464.0
3174.6596555837714 2464.1164055148165
3176.0 2464.0
3177.0412133716736 2464.115092924243
3178.0 2464.0
3179.1754909295382 2463.173222788214
3180.0 2462.0
3180.006822910177 2460.9420159229026
3180.0 2460.0
3180.797217429755 2459.058713520176
3182.0 2458.0
3183.0543073708036 2456.823129996396
3184.0 2456.0
3184.9855530870304 2455.8987664942424
3186.0 2456.0
3187.0034802810756 2455.8318040266345
3188.0 2456.0
3189.000525788669 2457.0240173992215
3190.0 2458.0
3190.994416564251 2458.0721263764804
3192.0 2458.0
3193.0218079543306 2458.687477094858
3194.0 2460.0
3194.9183516184276 2461.4279652440896
3196.0 2462.0
3197.304785571963 2461.1006619287855
3198.0 2460.0
3197.362506093724 2459.9193870407694
3196.0 2460.0
3194.745190053142 2459.22178990814
3194.0 2458.0
3193.906733693709 2456.9434533266726
3194.0 2456.0
3193.8778751720215 2455.004396785171
3194.0 2454.0
3194.831765618205 2453.038959532643
3196.0 2452.0
3197.045062355159 2450.839765084258
3198.0 2450.0
3198.987984961159 2449.8519801303255
3200.0 2450.0
3201.0029978002062 2450.0023143944422
3202.0 2450.0
3203.0000238380176 2450.1387622919065
3204.0 2450.0
3204.996906847725 2449.192636437932
3206.0 2448.0
3207.0123487710844 2446.8406919563663
3208.0 2446.0
3208.9536980679377 2445.6945957366047
3210.0 2446.0
3211.1728589571658 2446.880925097218
3212.0 2448.0
3212.1048661034 2449.031703874525
3212.0 2450.0
3212.157676629234 2450.9922594046816
3212.0 2452.0
3211.014427379661 2452.999258506751
3210.0 2454.0
3209.7846138521227 2455.010706568316
3210.0 2456.0
3210.097117211849 2456.957915219985
3210.0 2458.0
3209.8269173004824 2459.157632551744
3210.0 2460.0
3210.845213586222 2460.16155457304
3212.0 2460.0
3213.0422283546313 2459.9461491560955
3214.0 2460.0
3214.985872995255 2460.0538488025777
3216.0 2460.0
3217.014279664352 2459.838455633594
3218.0 2460.0
3218.957008347339 2460.8423286630464
3220.0 2462.0
3221.1576869462933 2463.04222971422
3222.0 2464.0
3222.162243867487 2464.9887524800747
3222.0 2466.0
3221.94333758376 2467.0027603654817
3222.0 2468.0
3222.0644057974755 2469.0002060579973
3222.0 2470.0
3221.7990392263373 2470.9964154025292
3222.0 2472.0
3222.9894372971753 2473.014132331888
3224.0 2474.0
3224.243211584962 2474.9470552699204
3224.0 2476.0
3223.7877163629764 2477.197646588432
3224.0 2478.0
3224.8559229631337 2478.0123583763516
3226.0 2478.0
3227.0385917844887 2478.7529199061632
3228.0 2480.0
3228.9897098989104 2481.225961998999
3230.0 2482.0
3231.00256861987 2482.0932320978422
3232.0 2482.0
3233.0000156216083 2482.151109609632
3234.0 2482.0
3234.997368893696 2481.0523294636314
3236.0 2480.0
3237.0105088036066 2479.6395725358425
3238.0 2480.0
3238.9605958918787 2480.889380392997
3240.0 2482.0
3241.14710762888 2483.0529058921693
3242.0 2484.0
3242.200973592601 2484.8989960383255
3242.0 2486.0
3241.7989980007173 2487.3511099545294
3242.0 2488.0
3242.85303440453 2487.1965641435586
3244.0 2486.0
3245.0388643811634 2485.612633471239
3246.0 2486.0
3246.991508070818 2486.852901971489
3248.0 2488.0
3248.9951033355665 2489.2257586428086
3250.0 2490.0
3251.0280785869177 2489.994063457279
3252.0 2490.0
3252.8925823167638 2490.797987528076
3254.0 2492.0
3255.4015921460295 2493.0639864304153
3256.0 2494.0
3255.00104909912 2494.9460667502613
3254.0 2496.0
3254.5942114574914 2497.151746568541
3256.0 2498.0
3257.1221050709146 2498.1969469755763
3258.0 2498.0
3258.917368258853 2497.8104655291527
3260.0 2498.0
3261.208421893675 2498.8111909078134
3262.0 2500.0
3261.998944166446 2501.1947708395955
3262.0 2502.0
3262.795801440541 2502.1597257338058
3264.0 2502.0
3265.067850071391 2501.9163262251827
3266.0 2502.0
3266.9327982738955 2502.1749693654638
3268.0 2502.0
3269.2009568330272 2501.133796312963
3270.0 2500.0
3270.013374393999 2499.0398453826833
3270.0 2498.0
3270.7455455909812 2496.7068221563045
3272.0 2496.0
3273.254443242079 2496.6328659921
3274.0 2498.0
3273.9866814407055 2499.261713875296
3274.0 2500.0
3274.7988309951024 2500.070278506715
3276.0 2500.0
3277.0679945788875 2500.207172097844
3278.0 2500.0
3278.929190689349 2498.8510331019106
3280.0 2498.0
3281.2152426637176 2498.6386954945133
3282.0 2500.0
3281.959838655782 2501.0941849200344
3282.0 2502.0
3282.945402713157 2502.984564825351
3284.0 2504.0
3284.2585504915924 2504.967555778565
3284.0 2506.0
3283.7703953204746 2507.1452120603913
3284.0 2508.0
3284.9098682265085 2508.201595979869
