293 228
2993.977320859895 2281.3673126765893
3286.0 2508.0
1.0 1.0
3286.0 2508.0
3249.74186004863 2475.830673133554
3228.0 2454.0
3218.7581399513706 2441.669326866446
3220.0 2438.0
3228.975580145889 2440.7420194006613
3240.0 2442.0
3246.3395394650715 2436.112595530908
3240.0 2432.0
3216.916261993823 2437.807598475709
3190.0 2444.0
3173.4954125596346 2440.657010566258
3170.0 2434.0
3177.1020877676383 2431.3143592592587
3184.0 2428.0
3182.0962363698122 2419.5855523967075
3180.0 2414.0
3186.2629667531146 2418.3434311539113
3192.0 2424.0
3188.3518966177303 2421.5407229876478
3184.0 2414.0
3188.0794467759633 2406.9936768954985
3194.0 2404.0
3193.580316278418 2406.4845694303604
3188.0 2410.0
3181.5992881103653 2409.5680453830605
3182.0 2404.0
3193.522531280121 2393.7432490373985
3204.0 2382.0
3202.310586769152 2372.2089584673467
3198.0 2366.0
3201.2351216432726 2363.9209170932136
3204.0 2364.0
3197.998926657759 2363.857373159797
3192.0 2362.0
3194.769171725691 2357.649590267596
3198.0 2352.0
3193.4243864394766 2346.5442657698186
3190.0 2342.0
3196.2832825164023 2338.423346653129
3202.0 2334.0
3196.942483494916 2327.762347617665
3190.0 2324.0
3191.696783503936 2326.0272628762127
3200.0 2328.0
3209.5203824893415 2323.628600877485
3214.0 2314.0
3208.9716865387004 2302.208333613849
3198.0 2292.0
3186.09287135586 2286.5380646671206
3176.0 2286.0
3169.656828037861 2289.1394077176687
3168.0 2292.0
3171.2798164926967 2291.6543044622044
3178.0 2292.0
3184.2239059913536 2296.4933744335135
3178.0 2300.0
3152.3245595418884 2298.1221978037415
3128.0 2298.0
3124.4778558410926 2306.517834351521
3128.0 2318.0
3121.514017093743 2324.806464790178
3108.0 2324.0
3094.216075783936 2315.5063064877686
3082.0 2306.0
3072.6216797705156 2302.4183092587486
3070.0 2306.0
3075.0472051340043 2314.8204564772377
3074.0 2320.0
3055.689499693467 2314.2998648323032
3034.0 2304.0
3024.9447960921293 2296.9800841935516
3028.0 2294.0
3037.781315938018 2293.5297983934925
3046.0 2292.0
3046.179940155802 2286.9007222324794
3042.0 2282.0
3038.2489234387785 2281.3673126765893
3034.0 2284.0
3028.3243660890857 2288.1300270611646
3026.0 2294.0
3030.45361220488 2301.3625790787546
3034.0 2306.0
3029.1111850913962 2304.919656623817
3020.0 2304.0
3012.8516474295366 2309.458794425976
3010.0 2320.0
3011.482225190459 2332.2451656722783
3012.0 2342.0
3007.469451808629 2346.56054288491
3004.0 2350.0
3007.1399675750254 2356.0126627880827
3010.0 2360.0
3005.47067789127 2357.8888059627598
2998.0 2356.0
2993.977320859895 2360.182113360879
2996.0 2364.0
3004.1200386691517 2361.382740593723
3012.0 2360.0
3014.292524463499 2366.786924264229
3016.0 2372.0
3022.209863476853 2366.9695623493635
3028.0 2364.0
3027.368021629088 2374.834826338319
3020.0 2388.0
3008.8180500067965 2390.9411322973615
3004.0 2390.0
3012.8597783437267 2393.900644472237
3024.0 2402.0
3025.7428366182958 2410.706289813691
3024.0 2414.0
3026.6688751830893 2408.2741962729992
3032.0 2402.0
3036.0816626493497 2403.946925094312
3036.0 2412.0
3031.004474219514 2421.188103349753
3028.0 2426.0
3033.4004404725933 2423.5506615066774
3044.0 2422.0
3054.8937638901116 2428.8592506235395
3064.0 2438.0
3070.0245039669594 2442.7623359991667
3072.0 2448.0
3070.008220242051 2458.3414053797947
3068.0 2466.0
3069.9426150648383 2464.3720424816547
3076.0 2464.0
3084.971319498595 2474.4204246935874
3094.0 2484.0
3100.6721069407813 2481.446258743996
3106.0 2478.0
3111.590252738281 2484.7945403304293
3118.0 2490.0
3124.966882106097 2481.8755799342875
3130.0 2472.0
3131.5422188373336 2472.95313993242
3134.0 2478.0
3140.8642425445705 2478.0618603360335
3146.0 2474.0
3144.0008109843843 2469.299418723448
3142.0 2468.0
3147.632513517893 2471.740464770177
3158.0 2472.0
3167.9691349440436 2462.238722195846
3174.0 2454.0
3174.490946705933 2458.0546464464396
3174.0 2464.0
3177.317078232227 2460.7926920183972
3184.0 2456.0
3191.740740365162 2458.2745854799723
3196.0 2462.0
3194.2199603071285 2460.108966061716
3194.0 2454.0
3201.8794184063263 2447.5395502731653
3210.0 2446.0
3210.5123660675686 2452.482832845623
3210.0 2460.0
3215.5711173234017 2462.029118344343
3222.0 2464.0
3223.4531646388273 2471.400693777007
3224.0 2478.0
3228.8662241212905 2478.1181065476326
3238.0 2480.0
3249.8319388760115 2491.1268800324633
3262.0 2502.0
3272.3060203746627 2502.624373322512
3280.0 2498.0
3284.6939796253373 2496.875626677488
3286.0 2508.0
3286.0 2508.0
