485 271
2776.0 1204.0
3260.0 1474.0
1.0 1.0
2814.0 1474.0
2815.0 1474.0
2816.0 1474.0
2817.0 1474.0
2818.0 1474.0
2819.0 1474.0
2820.0 1474.0
2821.0 1473.6666666666667
2822.0 1473.3333333333333
2823.0 1473.0
2824.0 1472.6666666666667
2825.0 1472.3333333333333
2826.0 1472.0
2827.0 1471.6666666666667
2828.0 1471.3333333333333
2829.0 1471.0
2830.0 1470.6666666666667
2831.0 1470.3333333333333
2832.0 1470.0
2833.0 1470.0
2834.0 1470.0
2835.0 1470.0
2836.0 1470.0
2837.0 1470.0
2838.0 1470.0
2839.0 1470.0
2840.0 1470.0
2841.0 1470.0
2842.0 1470.0
2843.0 1470.0
2844.0 1470.0
2845.0 1470.3333333333333
2846.0 1470.6666666666667
2847.0 1471.0
2848.0 1471.3333333333333
2849.0 1471.6666666666667
2850.0 1472.0
2850.0 1472.0
2850.0 1472.0
2850.0 1472.0
2850.0 1472.0
2850.0 1472.0
2850.0 1472.0
2849.6666666666665 1471.0
2849.3333333333335 1470.0
2849.0 1469.0
2848.6666666666665 1468.0
2848.3333333333335 1467.0
2848.0 1466.0
2847.6666666666665 1465.3333333333333
2847.3333333333335 1464.6666666666667
2847.0 1464.0
2846.6666666666665 1463.3333333333333
2846.3333333333335 1462.6666666666667
2846.0 1462.0
2845.3333333333335 1461.6666666666667
2844.6666666666665 1461.3333333333333
2844.0 1461.0
2843.3333333333335 1460.6666666666667
2842.6666666666665 1460.3333333333333
2842.0 1460.0
2841.3333333333335 1459.3333333333333
2840.6666666666665 1458.6666666666667
2840.0 1458.0
2839.3333333333335 1457.3333333333333
2838.6666666666665 1456.6666666666667
2838.0 1456.0
2837.6666666666665 1455.0
2837.3333333333335 1454.0
2837.0 1453.0
2836.6666666666665 1452.0
2836.3333333333335 1451.0
2836.0 1450.0
2835.6666666666665 1449.0
2835.3333333333335 1448.0
2835.0 1447.0
2834.6666666666665 1446.0
2834.3333333333335 1445.0
2834.0 1444.0
2834.6666666666665 1443.3333333333333
2835.3333333333335 1442.6666666666667
2836.0 1442.0
2836.6666666666665 1441.3333333333333
2837.3333333333335 1440.6666666666667
2838.0 1440.0
2838.3333333333335 1439.3333333333333
2838.6666666666665 1438.6666666666667
2839.0 1438.0
2839.3333333333335 1437.3333333333333
2839.6666666666665 1436.6666666666667
2840.0 1436.0
2839.6666666666665 1435.0
2839.3333333333335 1434.0
2839.0 1433.0
2838.6666666666665 1432.0
2838.3333333333335 1431.0
2838.0 1430.0
2838.0 1429.0
2838.0 1428.0
2838.0 1427.0
2838.0 1426.0
2838.0 1425.0
2838.0 1424.0
2839.0 1423.6666666666667
2840.0 1423.3333333333333
2841.0 1423.0
2842.0 1422.6666666666667
2843.0 1422.3333333333333
2844.0 1422.0
2844.0 1421.0
2844.0 1420.0
2844.0 1419.0
2844.0 1418.0
2844.0 1417.0
2844.0 1416.0
2845.0 1416.3333333333333
2846.0 1416.6666666666667
2847.0 1417.0
2848.0 1417.3333333333333
2849.0 1417.6666666666667
2850.0 1418.0
2851.0 1418.3333333333333
2852.0 1418.6666666666667
2853.0 1419.0
2854.0 1419.3333333333333
2855.0 1419.6666666666667
2856.0 1420.0
2856.6666666666665 1420.6666666666667
2857.3333333333335 1421.3333333333333
2858.0 1422.0
2858.6666666666665 1422.6666666666667
2859.3333333333335 1423.3333333333333
2860.0 1424.0
2860.3333333333335 1425.0
2860.6666666666665 1426.0
2861.0 1427.0
2861.3333333333335 1428.0
2861.6666666666665 1429.0
2862.0 1430.0
2862.6666666666665 1430.3333333333333
2863.3333333333335 1430.6666666666667
2864.0 1431.0
2864.6666666666665 1431.3333333333333
2865.3333333333335 1431.6666666666667
2866.0 1432.0
2867.0 1431.3333333333333
2868.0 1430.6666666666667
2869.0 1430.0
2870.0 1429.3333333333333
2871.0 1428.6666666666667
2872.0 1428.0
2873.0 1428.3333333333333
2874.0 1428.6666666666667
2875.0 1429.0
2876.0 1429.3333333333333
2877.0 1429.6666666666667
2878.0 1430.0
2879.0 1430.3333333333333
2880.0 1430.6666666666667
2881.0 1431.0
2882.0 1431.3333333333333
2883.0 1431.6666666666667
2884.0 1432.0
2885.0 1432.0
2886.0 1432.0
2887.0 1432.0
2888.0 1432.0
2889.0 1432.0
2890.0 1432.0
2890.3333333333335 1432.6666666666667
2890.6666666666665 1433.3333333333333
2891.0 1434.0
2891.3333333333335 1434.6666666666667
2891.6666666666665 1435.3333333333333
2892.0 1436.0
2893.0 1436.0
2894.0 1436.0
2895.0 1436.0
2896.0 1436.0
2897.0 1436.0
2898.0 1436.0
2898.6666666666665 1435.0
2899.3333333333335 1434.0
2900.0 1433.0
2900.6666666666665 1432.0
2901.3333333333335 1431.0
2902.0 1430.0
2902.6666666666665 1430.3333333333333
2903.3333333333335 1430.6666666666667
2904.0 1431.0
2904.6666666666665 1431.3333333333333
2905.3333333333335 1431.6666666666667
2906.0 1432.0
2906.0 1432.6666666666667
2906.0 1433.3333333333333
2906.0 1434.0
2906.0 1434.6666666666667
2906.0 1435.3333333333333
2906.0 1436.0
2906.3333333333335 1435.3333333333333
2906.6666666666665 1434.6666666666667
2907.0 1434.0
2907.3333333333335 1433.3333333333333
2907.6666666666665 1432.6666666666667
2908.0 1432.0
2907.3333333333335 1431.3333333333333
2906.6666666666665 1430.6666666666667
2906.0 1430.0
2905.3333333333335 1429.3333333333333
2904.6666666666665 1428.6666666666667
2904.0 1428.0
2903.0 1427.6666666666667
2902.0 1427.3333333333333
2901.0 1427.0
2900.0 1426.6666666666667
2899.0 1426.3333333333333
2898.0 1426.0
2897.3333333333335 1425.6666666666667
2896.6666666666665 1425.3333333333333
2896.0 1425.0
2895.3333333333335 1424.6666666666667
2894.6666666666665 1424.3333333333333
2894.0 1424.0
2893.0 1424.0
2892.0 1424.0
2891.0 1424.0
2890.0 1424.0
2889.0 1424.0
2888.0 1424.0
2888.3333333333335 1423.0
2888.6666666666665 1422.0
2889.0 1421.0
2889.3333333333335 1420.0
2889.6666666666665 1419.0
2890.0 1418.0
2890.6666666666665 1418.0
2891.3333333333335 1418.0
2892.0 1418.0
2892.6666666666665 1418.0
2893.3333333333335 1418.0
2894.0 1418.0
2893.0 1418.3333333333333
2892.0 1418.6666666666667
2891.0 1419.0
2890.0 1419.3333333333333
2889.0 1419.6666666666667
2888.0 1420.0
2887.6666666666665 1419.0
2887.3333333333335 1418.0
2887.0 1417.0
2886.6666666666665 1416.0
2886.3333333333335 1415.0
2886.0 1414.0
2886.0 1413.3333333333333
2886.0 1412.6666666666667
2886.0 1412.0
2886.0 1411.3333333333333
2886.0 1410.6666666666667
2886.0 1410.0
2886.0 1409.0
2886.0 1408.0
2886.0 1407.0
2886.0 1406.0
2886.0 1405.0
2886.0 1404.0
2887.0 1404.3333333333333
2888.0 1404.6666666666667
2889.0 1405.0
2890.0 1405.3333333333333
2891.0 1405.6666666666667
2892.0 1406.0
2893.0 1405.6666666666667
2894.0 1405.3333333333333
2895.0 1405.0
2896.0 1404.6666666666667
2897.0 1404.3333333333333
2898.0 1404.0
2899.0 1404.3333333333333
2900.0 1404.6666666666667
2901.0 1405.0
2902.0 1405.3333333333333
2903.0 1405.6666666666667
2904.0 1406.0
2905.0 1406.3333333333333
2906.0 1406.6666666666667
2907.0 1407.0
2908.0 1407.3333333333333
2909.0 1407.6666666666667
2910.0 1408.0
2911.0 1408.0
2912.0 1408.0
2913.0 1408.0
2914.0 1408.0
2915.0 1408.0
2916.0 1408.0
2916.3333333333335 1407.0
2916.6666666666665 1406.0
2917.0 1405.0
2917.3333333333335 1404.0
2917.6666666666665 1403.0
2918.0 1402.0
2918.6666666666665 1401.6666666666667
2919.3333333333335 1401.3333333333333
2920.0 1401.0
2920.6666666666665 1400.6666666666667
2921.3333333333335 1400.3333333333333
2922.0 1400.0
2923.0 1400.3333333333333
2924.0 1400.6666666666667
2925.0 1401.0
2926.0 1401.3333333333333
2927.0 1401.6666666666667
2928.0 1402.0
2929.0 1401.3333333333333
2930.0 1400.6666666666667
2931.0 1400.0
2932.0 1399.3333333333333
2933.0 1398.6666666666667
2934.0 1398.0
2935.0 1398.0
2936.0 1398.0
2937.0 1398.0
2938.0 1398.0
2939.0 1398.0
2940.0 1398.0
2940.6666666666665 1397.3333333333333
2941.3333333333335 1396.6666666666667
2942.0 1396.0
2942.6666666666665 1395.3333333333333
2943.3333333333335 1394.6666666666667
2944.0 1394.0
2945.0 1394.0
2946.0 1394.0
2947.0 1394.0
2948.0 1394.0
2949.0 1394.0
2950.0 1394.0
2951.0 1394.3333333333333
2952.0 1394.6666666666667
2953.0 1395.0
2954.0 1395.3333333333333
2955.0 1395.6666666666667
2956.0 1396.0
2957.0 1396.0
2958.0 1396.0
2959.0 1396.0
2960.0 1396.0
2961.0 1396.0
2962.0 1396.0
2963.0 1396.0
2964.0 1396.0
2965.0 1396.0
2966.0 1396.0
2967.0 1396.0
2968.0 1396.0
2969.0 1396.0
2970.0 1396.0
2971.0 1396.0
2972.0 1396.0
2973.0 1396.0
2974.0 1396.0
2974.6666666666665 1395.6666666666667
2975.3333333333335 1395.3333333333333
2976.0 1395.0
2976.6666666666665 1394.6666666666667
2977.3333333333335 1394.3333333333333
2978.0 1394.0
2978.6666666666665 1393.3333333333333
2979.3333333333335 1392.6666666666667
2980.0 1392.0
2980.6666666666665 1391.3333333333333
2981.3333333333335 1390.6666666666667
2982.0 1390.0
2983.0 1389.3333333333333
2984.0 1388.6666666666667
2985.0 1388.0
2986.0 1387.3333333333333
2987.0 1386.6666666666667
2988.0 1386.0
2989.0 1385.6666666666667
2990.0 1385.3333333333333
2991.0 1385.0
2992.0 1384.6666666666667
2993.0 1384.3333333333333
2994.0 1384.0
2995.0 1384.0
2996.0 1384.0
2997.0 1384.0
2998.0 1384.0
2999.0 1384.0
3000.0 1384.0
3001.0 1383.6666666666667
3002.0 1383.3333333333333
3003.0 1383.0
3004.0 1382.6666666666667
3005.0 1382.3333333333333
3006.0 1382.0
3006.3333333333335 1383.0
3006.6666666666665 1384.0
3007.0 1385.0
3007.3333333333335 1386.0
3007.6666666666665 1387.0
3008.0 1388.0
3008.6666666666665 1388.6666666666667
3009.3333333333335 1389.3333333333333
3010.0 1390.0
3010.6666666666665 1390.6666666666667
3011.3333333333335 1391.3333333333333
3012.0 1392.0
3013.0 1392.3333333333333
3014.0 1392.6666666666667
3015.0 1393.0
3016.0 1393.3333333333333
3017.0 1393.6666666666667
3018.0 1394.0
3018.6666666666665 1394.6666666666667
3019.3333333333335 1395.3333333333333
3020.0 1396.0
3020.6666666666665 1396.6666666666667
3021.3333333333335 1397.3333333333333
3022.0 1398.0
3023.0 1398.6666666666667
3024.0 1399.3333333333333
3025.0 1400.0
3026.0 1400.6666666666667
3027.0 1401.3333333333333
3028.0 1402.0
3029.0 1402.3333333333333
3030.0 1402.6666666666667
3031.0 1403.0
3032.0 1403.3333333333333
3033.0 1403.6666666666667
3034.0 1404.0
3035.0 1404.3333333333333
3036.0 1404.6666666666667
3037.0 1405.0
3038.0 1405.3333333333333
3039.0 1405.6666666666667
3040.0 1406.0
3040.6666666666665 1405.6666666666667
3041.3333333333335 1405.3333333333333
3042.0 1405.0
3042.6666666666665 1404.6666666666667
3043.3333333333335 1404.3333333333333
3044.0 1404.0
3045.0 1403.3333333333333
3046.0 1402.6666666666667
3047.0 1402.0
3048.0 1401.3333333333333
3049.0 1400.6666666666667
3050.0 1400.0
3050.6666666666665 1399.3333333333333
3051.3333333333335 1398.6666666666667
3052.0 1398.0
3052.6666666666665 1397.3333333333333
3053.3333333333335 1396.6666666666667
3054.0 1396.0
3054.6666666666665 1395.3333333333333
3055.3333333333335 1394.6666666666667
3056.0 1394.0
3056.6666666666665 1393.3333333333333
3057.3333333333335 1392.6666666666667
3058.0 1392.0
3058.3333333333335 1392.6666666666667
3058.6666666666665 1393.3333333333333
3059.0 1394.0
3059.3333333333335 1394.6666666666667
3059.6666666666665 1395.3333333333333
3060.0 1396.0
3060.0 1397.0
3060.0 1398.0
3060.0 1399.0
3060.0 1400.0
3060.0 1401.0
3060.0 1402.0
3061.0 1402.3333333333333
3062.0 1402.6666666666667
3063.0 1403.0
3064.0 1403.3333333333333
3065.0 1403.6666666666667
3066.0 1404.0
3066.6666666666665 1405.0
3067.3333333333335 1406.0
3068.0 1407.0
3068.6666666666665 1408.0
3069.3333333333335 1409.0
3070.0 1410.0
3071.0 1410.0
3072.0 1410.0
3073.0 1410.0
3074.0 1410.0
3075.0 1410.0
3076.0 1410.0
3076.6666666666665 1410.6666666666667
3077.3333333333335 1411.3333333333333
3078.0 1412.0
3078.6666666666665 1412.6666666666667
3079.3333333333335 1413.3333333333333
3080.0 1414.0
3081.0 1413.6666666666667
3082.0 1413.3333333333333
3083.0 1413.0
3084.0 1412.6666666666667
3085.0 1412.3333333333333
3086.0 1412.0
3087.0 1411.6666666666667
3088.0 1411.3333333333333
3089.0 1411.0
3090.0 1410.6666666666667
3091.0 1410.3333333333333
3092.0 1410.0
3092.6666666666665 1411.0
3093.3333333333335 1412.0
3094.0 1413.0
3094.6666666666665 1414.0
3095.3333333333335 1415.0
3096.0 1416.0
3097.0 1416.6666666666667
3098.0 1417.3333333333333
3099.0 1418.0
3100.0 1418.6666666666667
3101.0 1419.3333333333333
3102.0 1420.0
3102.6666666666665 1420.3333333333333
3103.3333333333335 1420.6666666666667
3104.0 1421.0
3104.6666666666665 1421.3333333333333
3105.3333333333335 1421.6666666666667
3106.0 1422.0
3107.0 1422.0
3108.0 1422.0
3109.0 1422.0
3110.0 1422.0
3111.0 1422.0
3112.0 1422.0
3111.3333333333335 1421.3333333333333
3110.6666666666665 1420.6666666666667
3110.0 1420.0
3109.3333333333335 1419.3333333333333
3108.6666666666665 1418.6666666666667
3108.0 1418.0
3109.0 1417.3333333333333
3110.0 1416.6666666666667
3111.0 1416.0
3112.0 1415.3333333333333
3113.0 1414.6666666666667
3114.0 1414.0
3115.0 1413.6666666666667
3116.0 1413.3333333333333
3117.0 1413.0
3118.0 1412.6666666666667
3119.0 1412.3333333333333
3120.0 1412.0
3120.6666666666665 1411.6666666666667
3121.3333333333335 1411.3333333333333
3122.0 1411.0
3122.6666666666665 1410.6666666666667
3123.3333333333335 1410.3333333333333
3124.0 1410.0
3123.3333333333335 1409.0
3122.6666666666665 1408.0
3122.0 1407.0
3121.3333333333335 1406.0
3120.6666666666665 1405.0
3120.0 1404.0
3119.0 1403.6666666666667
3118.0 1403.3333333333333
3117.0 1403.0
3116.0 1402.6666666666667
3115.0 1402.3333333333333
3114.0 1402.0
3113.3333333333335 1401.3333333333333
3112.6666666666665 1400.6666666666667
3112.0 1400.0
3111.3333333333335 1399.3333333333333
3110.6666666666665 1398.6666666666667
3110.0 1398.0
3109.3333333333335 1397.0
3108.6666666666665 1396.0
3108.0 1395.0
3107.3333333333335 1394.0
3106.6666666666665 1393.0
3106.0 1392.0
3107.0 1391.0
3108.0 1390.0
3109.0 1389.0
3110.0 1388.0
3111.0 1387.0
3112.0 1386.0
3113.0 1386.0
3114.0 1386.0
3115.0 1386.0
3116.0 1386.0
3117.0 1386.0
3118.0 1386.0
3119.0 1386.0
3120.0 1386.0
3121.0 1386.0
3122.0 1386.0
3123.0 1386.0
3124.0 1386.0
3125.0 1386.3333333333333
3126.0 1386.6666666666667
3127.0 1387.0
3128.0 1387.3333333333333
3129.0 1387.6666666666667
3130.0 1388.0
3131.0 1388.3333333333333
3132.0 1388.6666666666667
3133.0 1389.0
3134.0 1389.3333333333333
3135.0 1389.6666666666667
3136.0 1390.0
3137.0 1389.6666666666667
3138.0 1389.3333333333333
3139.0 1389.0
3140.0 1388.6666666666667
3141.0 1388.3333333333333
3142.0 1388.0
3143.0 1388.0
3144.0 1388.0
3145.0 1388.0
3146.0 1388.0
3147.0 1388.0
3148.0 1388.0
3149.0 1388.3333333333333
3150.0 1388.6666666666667
3151.0 1389.0
3152.0 1389.3333333333333
3153.0 1389.6666666666667
3154.0 1390.0
3155.0 1390.3333333333333
3156.0 1390.6666666666667
3157.0 1391.0
3158.0 1391.3333333333333
3159.0 1391.6666666666667
3160.0 1392.0
3160.6666666666665 1393.0
3161.3333333333335 1394.0
3162.0 1395.0
3162.6666666666665 1396.0
3163.3333333333335 1397.0
3164.0 1398.0
3164.6666666666665 1398.6666666666667
3165.3333333333335 1399.3333333333333
3166.0 1400.0
3166.6666666666665 1400.6666666666667
3167.3333333333335 1401.3333333333333
3168.0 1402.0
3168.0 1401.3333333333333
3168.0 1400.6666666666667
3168.0 1400.0
3168.0 1399.3333333333333
3168.0 1398.6666666666667
3168.0 1398.0
3168.3333333333335 1397.0
3168.6666666666665 1396.0
3169.0 1395.0
3169.3333333333335 1394.0
3169.6666666666665 1393.0
3170.0 1392.0
3170.6666666666665 1391.3333333333333
3171.3333333333335 1390.6666666666667
3172.0 1390.0
3172.6666666666665 1389.3333333333333
3173.3333333333335 1388.6666666666667
3174.0 1388.0
3175.0 1387.6666666666667
3176.0 1387.3333333333333
3177.0 1387.0
3178.0 1386.6666666666667
3179.0 1386.3333333333333
3180.0 1386.0
3181.0 1386.3333333333333
3182.0 1386.6666666666667
3183.0 1387.0
3184.0 1387.3333333333333
3185.0 1387.6666666666667
3186.0 1388.0
3187.0 1388.0
3188.0 1388.0
3189.0 1388.0
3190.0 1388.0
3191.0 1388.0
3192.0 1388.0
3193.0 1388.6666666666667
3194.0 1389.3333333333333
3195.0 1390.0
3196.0 1390.6666666666667
3197.0 1391.3333333333333
3198.0 1392.0
3199.0 1392.0
3200.0 1392.0
3201.0 1392.0
3202.0 1392.0
3203.0 1392.0
3204.0 1392.0
3205.0 1392.0
3206.0 1392.0
3207.0 1392.0
3208.0 1392.0
3209.0 1392.0
3210.0 1392.0
3210.6666666666665 1391.3333333333333
3211.3333333333335 1390.6666666666667
3212.0 1390.0
3212.6666666666665 1389.3333333333333
3213.3333333333335 1388.6666666666667
3214.0 1388.0
3214.6666666666665 1387.6666666666667
3215.3333333333335 1387.3333333333333
3216.0 1387.0
3216.6666666666665 1386.6666666666667
3217.3333333333335 1386.3333333333333
3218.0 1386.0
3218.0 1387.0
3218.0 1388.0
3218.0 1389.0
3218.0 1390.0
3218.0 1391.0
3218.0 1392.0
3219.0 1392.3333333333333
3220.0 1392.6666666666667
3221.0 1393.0
3222.0 1393.3333333333333
3223.0 1393.6666666666667
3224.0 1394.0
3224.6666666666665 1393.0
3225.3333333333335 1392.0
3226.0 1391.0
3226.6666666666665 1390.0
3227.3333333333335 1389.0
3228.0 1388.0
3229.0 1387.6666666666667
3230.0 1387.3333333333333
3231.0 1387.0
3232.0 1386.6666666666667
3233.0 1386.3333333333333
3234.0 1386.0
3235.0 1386.0
3236.0 1386.0
3237.0 1386.0
3238.0 1386.0
3239.0 1386.0
3240.0 1386.0
3240.0 1387.0
3240.0 1388.0
3240.0 1389.0
3240.0 1390.0
3240.0 1391.0
3240.0 1392.0
3240.3333333333335 1392.0
3240.6666666666665 1392.0
3241.0 1392.0
3241.3333333333335 1392.0
3241.6666666666665 1392.0
3242.0 1392.0
3243.0 1391.6666666666667
3244.0 1391.3333333333333
3245.0 1391.0
3246.0 1390.6666666666667
3247.0 1390.3333333333333
3248.0 1390.0
3249.0 1390.3333333333333
3250.0 1390.6666666666667
3251.0 1391.0
3252.0 1391.3333333333333
3253.0 1391.6666666666667
3254.0 1392.0
3255.0 1392.6666666666667
3256.0 1393.3333333333333
3257.0 1394.0
3258.0 1394.6666666666667
3259.0 1395.3333333333333
3260.0 1396.0
3259.3333333333335 1395.0
3258.6666666666665 1394.0
3258.0 1393.0
3257.3333333333335 1392.0
3256.6666666666665 1391.0
3256.0 1390.0
3255.0 1390.0
3254.0 1390.0
3253.0 1390.0
3252.0 1390.0
3251.0 1390.0
3250.0 1390.0
3249.6666666666665 1389.3333333333333
3249.3333333333335 1388.6666666666667
3249.0 1388.0
3248.6666666666665 1387.3333333333333
3248.3333333333335 1386.6666666666667
3248.0 1386.0
3247.3333333333335 1385.3333333333333
3246.6666666666665 1384.6666666666667
3246.0 1384.0
3245.3333333333335 1383.3333333333333
3244.6666666666665 1382.6666666666667
3244.0 1382.0
3243.0 1381.6666666666667
3242.0 1381.3333333333333
3241.0 1381.0
3240.0 1380.6666666666667
3239.0 1380.3333333333333
3238.0 1380.0
3237.0 1379.3333333333333
3236.0 1378.6666666666667
3235.0 1378.0
3234.0 1377.3333333333333
3233.0 1376.6666666666667
3232.0 1376.0
3232.3333333333335 1375.0
3232.6666666666665 1374.0
3233.0 1373.0
3233.3333333333335 1372.0
3233.6666666666665 1371.0
3234.0 1370.0
3233.0 1370.0
3232.0 1370.0
3231.0 1370.0
3230.0 1370.0
3229.0 1370.0
3228.0 1370.0
3227.3333333333335 1369.0
3226.6666666666665 1368.0
3226.0 1367.0
3225.3333333333335 1366.0
3224.6666666666665 1365.0
3224.0 1364.0
3223.0 1363.3333333333333
3222.0 1362.6666666666667
3221.0 1362.0
3220.0 1361.3333333333333
3219.0 1360.6666666666667
3218.0 1360.0
3217.0 1359.6666666666667
3216.0 1359.3333333333333
3215.0 1359.0
3214.0 1358.6666666666667
3213.0 1358.3333333333333
3212.0 1358.0
3211.3333333333335 1357.0
3210.6666666666665 1356.0
3210.0 1355.0
3209.3333333333335 1354.0
3208.6666666666665 1353.0
3208.0 1352.0
3208.3333333333335 1351.0
3208.6666666666665 1350.0
3209.0 1349.0
3209.3333333333335 1348.0
3209.6666666666665 1347.0
3210.0 1346.0
3210.6666666666665 1346.3333333333333
3211.3333333333335 1346.6666666666667
3212.0 1347.0
3212.6666666666665 1347.3333333333333
3213.3333333333335 1347.6666666666667
3214.0 1348.0
3214.3333333333335 1347.3333333333333
3214.6666666666665 1346.6666666666667
3215.0 1346.0
3215.3333333333335 1345.3333333333333
3215.6666666666665 1344.6666666666667
3216.0 1344.0
3216.3333333333335 1343.6666666666667
3216.6666666666665 1343.3333333333333
3217.0 1343.0
3217.3333333333335 1342.6666666666667
3217.6666666666665 1342.3333333333333
3218.0 1342.0
3219.0 1341.3333333333333
3220.0 1340.6666666666667
3221.0 1340.0
3222.0 1339.3333333333333
3223.0 1338.6666666666667
3224.0 1338.0
3225.0 1338.3333333333333
3226.0 1338.6666666666667
3227.0 1339.0
3228.0 1339.3333333333333
3229.0 1339.6666666666667
3230.0 1340.0
3230.6666666666665 1339.0
3231.3333333333335 1338.0
3232.0 1337.0
3232.6666666666665 1336.0
3233.3333333333335 1335.0
3234.0 1334.0
3233.3333333333335 1334.0
3232.6666666666665 1334.0
3232.0 1334.0
3231.3333333333335 1334.0
3230.6666666666665 1334.0
3230.0 1334.0
3229.6666666666665 1333.0
3229.3333333333335 1332.0
3229.0 1331.0
3228.6666666666665 1330.0
3228.3333333333335 1329.0
3228.0 1328.0
3227.3333333333335 1328.3333333333333
3226.6666666666665 1328.6666666666667
3226.0 1329.0
3225.3333333333335 1329.3333333333333
3224.6666666666665 1329.6666666666667
3224.0 1330.0
3224.0 1331.0
3224.0 1332.0
3224.0 1333.0
3224.0 1334.0
3224.0 1335.0
3224.0 1336.0
3223.0 1336.3333333333333
3222.0 1336.6666666666667
3221.0 1337.0
3220.0 1337.3333333333333
3219.0 1337.6666666666667
3218.0 1338.0
3217.0 1337.6666666666667
3216.0 1337.3333333333333
3215.0 1337.0
3214.0 1336.6666666666667
3213.0 1336.3333333333333
3212.0 1336.0
3211.0 1336.0
3210.0 1336.0
3209.0 1336.0
3208.0 1336.0
3207.0 1336.0
3206.0 1336.0
3205.0 1335.6666666666667
3204.0 1335.3333333333333
3203.0 1335.0
3202.0 1334.6666666666667
3201.0 1334.3333333333333
3200.0 1334.0
3199.0 1333.3333333333333
3198.0 1332.6666666666667
3197.0 1332.0
3196.0 1331.3333333333333
3195.0 1330.6666666666667
3194.0 1330.0
3193.0 1329.3333333333333
3192.0 1328.6666666666667
3191.0 1328.0
3190.0 1327.3333333333333
3189.0 1326.6666666666667
3188.0 1326.0
3189.0 1325.3333333333333
3190.0 1324.6666666666667
3191.0 1324.0
3192.0 1323.3333333333333
3193.0 1322.6666666666667
3194.0 1322.0
3193.3333333333335 1321.3333333333333
3192.6666666666665 1320.6666666666667
3192.0 1320.0
3191.3333333333335 1319.3333333333333
3190.6666666666665 1318.6666666666667
3190.0 1318.0
3190.3333333333335 1317.0
3190.6666666666665 1316.0
3191.0 1315.0
3191.3333333333335 1314.0
3191.6666666666665 1313.0
3192.0 1312.0
3191.3333333333335 1312.6666666666667
3190.6666666666665 1313.3333333333333
3190.0 1314.0
3189.3333333333335 1314.6666666666667
3188.6666666666665 1315.3333333333333
3188.0 1316.0
3187.6666666666665 1315.3333333333333
3187.3333333333335 1314.6666666666667
3187.0 1314.0
3186.6666666666665 1313.3333333333333
3186.3333333333335 1312.6666666666667
3186.0 1312.0
3185.3333333333335 1311.3333333333333
3184.6666666666665 1310.6666666666667
3184.0 1310.0
3183.3333333333335 1309.3333333333333
3182.6666666666665 1308.6666666666667
3182.0 1308.0
3181.6666666666665 1307.3333333333333
3181.3333333333335 1306.6666666666667
3181.0 1306.0
3180.6666666666665 1305.3333333333333
3180.3333333333335 1304.6666666666667
3180.0 1304.0
3181.0 1304.0
3182.0 1304.0
3183.0 1304.0
3184.0 1304.0
3185.0 1304.0
3186.0 1304.0
3187.0 1304.0
3188.0 1304.0
3189.0 1304.0
3190.0 1304.0
3191.0 1304.0
3192.0 1304.0
3192.6666666666665 1303.6666666666667
3193.3333333333335 1303.3333333333333
3194.0 1303.0
3194.6666666666665 1302.6666666666667
3195.3333333333335 1302.3333333333333
3196.0 1302.0
3196.0 1303.0
3196.0 1304.0
3196.0 1305.0
3196.0 1306.0
3196.0 1307.0
3196.0 1308.0
3196.0 1309.0
3196.0 1310.0
3196.0 1311.0
3196.0 1312.0
3196.0 1313.0
3196.0 1314.0
3197.0 1314.6666666666667
3198.0 1315.3333333333333
3199.0 1316.0
3200.0 1316.6666666666667
3201.0 1317.3333333333333
3202.0 1318.0
3202.3333333333335 1318.6666666666667
3202.6666666666665 1319.3333333333333
3203.0 1320.0
3203.3333333333335 1320.6666666666667
3203.6666666666665 1321.3333333333333
3204.0 1322.0
3205.0 1322.3333333333333
3206.0 1322.6666666666667
3207.0 1323.0
3208.0 1323.3333333333333
3209.0 1323.6666666666667
3210.0 1324.0
3211.0 1323.6666666666667
3212.0 1323.3333333333333
3213.0 1323.0
3214.0 1322.6666666666667
3215.0 1322.3333333333333
3216.0 1322.0
3217.0 1322.3333333333333
3218.0 1322.6666666666667
3219.0 1323.0
3220.0 1323.3333333333333
3221.0 1323.6666666666667
3222.0 1324.0
3221.6666666666665 1323.3333333333333
3221.3333333333335 1322.6666666666667
3221.0 1322.0
3220.6666666666665 1321.3333333333333
3220.3333333333335 1320.6666666666667
3220.0 1320.0
3221.0 1320.0
3222.0 1320.0
3223.0 1320.0
3224.0 1320.0
3225.0 1320.0
3226.0 1320.0
3227.0 1320.0
3228.0 1320.0
3229.0 1320.0
3230.0 1320.0
3231.0 1320.0
3232.0 1320.0
3233.0 1320.0
3234.0 1320.0
3235.0 1320.0
3236.0 1320.0
3237.0 1320.0
3238.0 1320.0
3238.0 1319.0
3238.0 1318.0
3238.0 1317.0
3238.0 1316.0
3238.0 1315.0
3238.0 1314.0
3237.3333333333335 1313.3333333333333
3236.6666666666665 1312.6666666666667
3236.0 1312.0
3235.3333333333335 1311.3333333333333
3234.6666666666665 1310.6666666666667
3234.0 1310.0
3234.3333333333335 1309.6666666666667
3234.6666666666665 1309.3333333333333
3235.0 1309.0
3235.3333333333335 1308.6666666666667
3235.6666666666665 1308.3333333333333
3236.0 1308.0
3235.0 1307.6666666666667
3234.0 1307.3333333333333
3233.0 1307.0
3232.0 1306.6666666666667
3231.0 1306.3333333333333
3230.0 1306.0
3229.0 1305.6666666666667
3228.0 1305.3333333333333
3227.0 1305.0
3226.0 1304.6666666666667
3225.0 1304.3333333333333
3224.0 1304.0
3223.0 1304.6666666666667
3222.0 1305.3333333333333
3221.0 1306.0
3220.0 1306.6666666666667
3219.0 1307.3333333333333
3218.0 1308.0
3217.6666666666665 1307.3333333333333
3217.3333333333335 1306.6666666666667
3217.0 1306.0
3216.6666666666665 1305.3333333333333
3216.3333333333335 1304.6666666666667
3216.0 1304.0
3216.6666666666665 1303.0
3217.3333333333335 1302.0
3218.0 1301.0
3218.6666666666665 1300.0
3219.3333333333335 1299.0
3220.0 1298.0
3220.3333333333335 1297.6666666666667
3220.6666666666665 1297.3333333333333
3221.0 1297.0
3221.3333333333335 1296.6666666666667
3221.6666666666665 1296.3333333333333
3222.0 1296.0
3223.0 1295.3333333333333
3224.0 1294.6666666666667
3225.0 1294.0
3226.0 1293.3333333333333
3227.0 1292.6666666666667
3228.0 1292.0
3229.0 1292.0
3230.0 1292.0
3231.0 1292.0
3232.0 1292.0
3233.0 1292.0
3234.0 1292.0
3233.3333333333335 1292.6666666666667
3232.6666666666665 1293.3333333333333
3232.0 1294.0
3231.3333333333335 1294.6666666666667
3230.6666666666665 1295.3333333333333
3230.0 1296.0
3231.0 1295.6666666666667
3232.0 1295.3333333333333
3233.0 1295.0
3234.0 1294.6666666666667
3235.0 1294.3333333333333
3236.0 1294.0
3237.0 1294.3333333333333
3238.0 1294.6666666666667
3239.0 1295.0
3240.0 1295.3333333333333
3241.0 1295.6666666666667
3242.0 1296.0
3241.3333333333335 1295.0
3240.6666666666665 1294.0
3240.0 1293.0
3239.3333333333335 1292.0
3238.6666666666665 1291.0
3238.0 1290.0
3237.6666666666665 1289.3333333333333
3237.3333333333335 1288.6666666666667
3237.0 1288.0
3236.6666666666665 1287.3333333333333
3236.3333333333335 1286.6666666666667
3236.0 1286.0
3236.3333333333335 1285.3333333333333
3236.6666666666665 1284.6666666666667
3237.0 1284.0
3237.3333333333335 1283.3333333333333
3237.6666666666665 1282.6666666666667
3238.0 1282.0
3237.3333333333335 1281.0
3236.6666666666665 1280.0
3236.0 1279.0
3235.3333333333335 1278.0
3234.6666666666665 1277.0
3234.0 1276.0
3233.0 1276.6666666666667
3232.0 1277.3333333333333
3231.0 1278.0
3230.0 1278.6666666666667
3229.0 1279.3333333333333
3228.0 1280.0
3227.3333333333335 1279.3333333333333
3226.6666666666665 1278.6666666666667
3226.0 1278.0
3225.3333333333335 1277.3333333333333
3224.6666666666665 1276.6666666666667
3224.0 1276.0
3223.3333333333335 1275.3333333333333
3222.6666666666665 1274.6666666666667
3222.0 1274.0
3221.3333333333335 1273.3333333333333
3220.6666666666665 1272.6666666666667
3220.0 1272.0
3219.6666666666665 1271.3333333333333
3219.3333333333335 1270.6666666666667
3219.0 1270.0
3218.6666666666665 1269.3333333333333
3218.3333333333335 1268.6666666666667
3218.0 1268.0
3218.6666666666665 1267.0
3219.3333333333335 1266.0
3220.0 1265.0
3220.6666666666665 1264.0
3221.3333333333335 1263.0
3222.0 1262.0
3222.0 1261.3333333333333
3222.0 1260.6666666666667
3222.0 1260.0
3222.0 1259.3333333333333
3222.0 1258.6666666666667
3222.0 1258.0
3221.0 1258.3333333333333
3220.0 1258.6666666666667
3219.0 1259.0
3218.0 1259.3333333333333
3217.0 1259.6666666666667
3216.0 1260.0
3215.3333333333335 1259.6666666666667
3214.6666666666665 1259.3333333333333
3214.0 1259.0
3213.3333333333335 1258.6666666666667
3212.6666666666665 1258.3333333333333
3212.0 1258.0
3211.0 1257.6666666666667
3210.0 1257.3333333333333
3209.0 1257.0
3208.0 1256.6666666666667
3207.0 1256.3333333333333
3206.0 1256.0
3207.0 1255.3333333333333
3208.0 1254.6666666666667
3209.0 1254.0
3210.0 1253.3333333333333
3211.0 1252.6666666666667
3212.0 1252.0
3213.0 1252.0
3214.0 1252.0
3215.0 1252.0
3216.0 1252.0
3217.0 1252.0
3218.0 1252.0
3219.0 1251.6666666666667
3220.0 1251.3333333333333
3221.0 1251.0
3222.0 1250.6666666666667
3223.0 1250.3333333333333
3224.0 1250.0
3224.6666666666665 1251.0
3225.3333333333335 1252.0
3226.0 1253.0
3226.6666666666665 1254.0
3227.3333333333335 1255.0
3228.0 1256.0
3229.0 1256.6666666666667
3230.0 1257.3333333333333
3231.0 1258.0
3232.0 1258.6666666666667
3233.0 1259.3333333333333
3234.0 1260.0
3234.0 1259.3333333333333
3234.0 1258.6666666666667
3234.0 1258.0
3234.0 1257.3333333333333
3234.0 1256.6666666666667
3234.0 1256.0
3233.3333333333335 1255.6666666666667
3232.6666666666665 1255.3333333333333
3232.0 1255.0
3231.3333333333335 1254.6666666666667
3230.6666666666665 1254.3333333333333
3230.0 1254.0
3229.0 1253.3333333333333
3228.0 1252.6666666666667
3227.0 1252.0
3226.0 1251.3333333333333
3225.0 1250.6666666666667
3224.0 1250.0
3223.3333333333335 1249.0
3222.6666666666665 1248.0
3222.0 1247.0
3221.3333333333335 1246.0
3220.6666666666665 1245.0
3220.0 1244.0
3219.0 1244.0
3218.0 1244.0
3217.0 1244.0
3216.0 1244.0
3215.0 1244.0
3214.0 1244.0
3213.0 1244.0
3212.0 1244.0
3211.0 1244.0
3210.0 1244.0
3209.0 1244.0
3208.0 1244.0
3208.0 1244.3333333333333
3208.0 1244.6666666666667
3208.0 1245.0
3208.0 1245.3333333333333
3208.0 1245.6666666666667
3208.0 1246.0
3208.6666666666665 1246.3333333333333
3209.3333333333335 1246.6666666666667
3210.0 1247.0
3210.6666666666665 1247.3333333333333
3211.3333333333335 1247.6666666666667
3212.0 1248.0
3211.3333333333335 1249.0
3210.6666666666665 1250.0
3210.0 1251.0
3209.3333333333335 1252.0
3208.6666666666665 1253.0
3208.0 1254.0
3207.0 1253.3333333333333
3206.0 1252.6666666666667
3205.0 1252.0
3204.0 1251.3333333333333
3203.0 1250.6666666666667
3202.0 1250.0
3201.0 1250.0
3200.0 1250.0
3199.0 1250.0
3198.0 1250.0
3197.0 1250.0
3196.0 1250.0
3195.0 1249.3333333333333
3194.0 1248.6666666666667
3193.0 1248.0
3192.0 1247.3333333333333
3191.0 1246.6666666666667
3190.0 1246.0
3189.6666666666665 1245.0
3189.3333333333335 1244.0
3189.0 1243.0
3188.6666666666665 1242.0
3188.3333333333335 1241.0
3188.0 1240.0
3187.0 1240.0
3186.0 1240.0
3185.0 1240.0
3184.0 1240.0
3183.0 1240.0
3182.0 1240.0
3181.6666666666665 1240.6666666666667
3181.3333333333335 1241.3333333333333
3181.0 1242.0
3180.6666666666665 1242.6666666666667
3180.3333333333335 1243.3333333333333
3180.0 1244.0
3179.3333333333335 1243.0
3178.6666666666665 1242.0
3178.0 1241.0
3177.3333333333335 1240.0
3176.6666666666665 1239.0
3176.0 1238.0
3175.6666666666665 1237.0
3175.3333333333335 1236.0
3175.0 1235.0
3174.6666666666665 1234.0
3174.3333333333335 1233.0
3174.0 1232.0
3173.0 1232.0
3172.0 1232.0
3171.0 1232.0
3170.0 1232.0
3169.0 1232.0
3168.0 1232.0
3167.0 1231.0
3166.0 1230.0
3165.0 1229.0
3164.0 1228.0
3163.0 1227.0
3162.0 1226.0
3161.6666666666665 1225.6666666666667
3161.3333333333335 1225.3333333333333
3161.0 1225.0
3160.6666666666665 1224.6666666666667
3160.3333333333335 1224.3333333333333
3160.0 1224.0
3159.0 1224.3333333333333
3158.0 1224.6666666666667
3157.0 1225.0
3156.0 1225.3333333333333
3155.0 1225.6666666666667
3154.0 1226.0
3153.0 1225.3333333333333
3152.0 1224.6666666666667
3151.0 1224.0
3150.0 1223.3333333333333
3149.0 1222.6666666666667
3148.0 1222.0
3147.3333333333335 1221.3333333333333
3146.6666666666665 1220.6666666666667
3146.0 1220.0
3145.3333333333335 1219.3333333333333
3144.6666666666665 1218.6666666666667
3144.0 1218.0
3143.6666666666665 1217.0
3143.3333333333335 1216.0
3143.0 1215.0
3142.6666666666665 1214.0
3142.3333333333335 1213.0
3142.0 1212.0
3141.0 1212.0
3140.0 1212.0
3139.0 1212.0
3138.0 1212.0
3137.0 1212.0
3136.0 1212.0
3135.0 1211.6666666666667
3134.0 1211.3333333333333
3133.0 1211.0
3132.0 1210.6666666666667
3131.0 1210.3333333333333
3130.0 1210.0
3129.0 1209.0
3128.0 1208.0
3127.0 1207.0
3126.0 1206.0
3125.0 1205.0
3124.0 1204.0
3123.3333333333335 1204.3333333333333
3122.6666666666665 1204.6666666666667
3122.0 1205.0
3121.3333333333335 1205.3333333333333
3120.6666666666665 1205.6666666666667
3120.0 1206.0
3120.6666666666665 1206.6666666666667
3121.3333333333335 1207.3333333333333
3122.0 1208.0
3122.6666666666665 1208.6666666666667
3123.3333333333335 1209.3333333333333
3124.0 1210.0
3124.3333333333335 1211.0
3124.6666666666665 1212.0
3125.0 1213.0
3125.3333333333335 1214.0
3125.6666666666665 1215.0
3126.0 1216.0
3126.3333333333335 1217.0
3126.6666666666665 1218.0
3127.0 1219.0
3127.3333333333335 1220.0
3127.6666666666665 1221.0
3128.0 1222.0
3128.3333333333335 1223.0
3128.6666666666665 1224.0
3129.0 1225.0
3129.3333333333335 1226.0
3129.6666666666665 1227.0
3130.0 1228.0
3130.0 1229.0
3130.0 1230.0
3130.0 1231.0
3130.0 1232.0
3130.0 1233.0
3130.0 1234.0
3129.0 1234.0
3128.0 1234.0
3127.0 1234.0
3126.0 1234.0
3125.0 1234.0
3124.0 1234.0
3124.3333333333335 1235.0
3124.6666666666665 1236.0
3125.0 1237.0
3125.3333333333335 1238.0
3125.6666666666665 1239.0
3126.0 1240.0
3126.6666666666665 1239.6666666666667
3127.3333333333335 1239.3333333333333
3128.0 1239.0
3128.6666666666665 1238.6666666666667
3129.3333333333335 1238.3333333333333
3130.0 1238.0
3130.6666666666665 1239.0
3131.3333333333335 1240.0
3132.0 1241.0
3132.6666666666665 1242.0
3133.3333333333335 1243.0
3134.0 1244.0
3134.0 1245.0
3134.0 1246.0
3134.0 1247.0
3134.0 1248.0
3134.0 1249.0
3134.0 1250.0
3134.3333333333335 1250.6666666666667
3134.6666666666665 1251.3333333333333
3135.0 1252.0
3135.3333333333335 1252.6666666666667
3135.6666666666665 1253.3333333333333
3136.0 1254.0
3135.0 1253.6666666666667
3134.0 1253.3333333333333
3133.0 1253.0
3132.0 1252.6666666666667
3131.0 1252.3333333333333
3130.0 1252.0
3129.3333333333335 1251.6666666666667
3128.6666666666665 1251.3333333333333
3128.0 1251.0
3127.3333333333335 1250.6666666666667
3126.6666666666665 1250.3333333333333
3126.0 1250.0
3125.3333333333335 1249.6666666666667
3124.6666666666665 1249.3333333333333
3124.0 1249.0
3123.3333333333335 1248.6666666666667
3122.6666666666665 1248.3333333333333
3122.0 1248.0
3122.3333333333335 1248.3333333333333
3122.6666666666665 1248.6666666666667
3123.0 1249.0
3123.3333333333335 1249.3333333333333
3123.6666666666665 1249.6666666666667
3124.0 1250.0
3124.3333333333335 1251.0
3124.6666666666665 1252.0
3125.0 1253.0
3125.3333333333335 1254.0
3125.6666666666665 1255.0
3126.0 1256.0
3126.3333333333335 1257.0
3126.6666666666665 1258.0
3127.0 1259.0
3127.3333333333335 1260.0
3127.6666666666665 1261.0
3128.0 1262.0
3128.0 1263.0
3128.0 1264.0
3128.0 1265.0
3128.0 1266.0
3128.0 1267.0
3128.0 1268.0
3127.3333333333335 1268.3333333333333
3126.6666666666665 1268.6666666666667
3126.0 1269.0
3125.3333333333335 1269.3333333333333
3124.6666666666665 1269.6666666666667
3124.0 1270.0
3123.0 1270.0
3122.0 1270.0
3121.0 1270.0
3120.0 1270.0
3119.0 1270.0
3118.0 1270.0
3117.0 1270.0
3116.0 1270.0
3115.0 1270.0
3114.0 1270.0
3113.0 1270.0
3112.0 1270.0
3111.0 1269.6666666666667
3110.0 1269.3333333333333
3109.0 1269.0
3108.0 1268.6666666666667
3107.0 1268.3333333333333
3106.0 1268.0
3105.0 1268.3333333333333
3104.0 1268.6666666666667
3103.0 1269.0
3102.0 1269.3333333333333
3101.0 1269.6666666666667
3100.0 1270.0
3099.0 1270.0
3098.0 1270.0
3097.0 1270.0
3096.0 1270.0
3095.0 1270.0
3094.0 1270.0
3093.3333333333335 1269.0
3092.6666666666665 1268.0
3092.0 1267.0
3091.3333333333335 1266.0
3090.6666666666665 1265.0
3090.0 1264.0
3089.0 1265.0
3088.0 1266.0
3087.0 1267.0
3086.0 1268.0
3085.0 1269.0
3084.0 1270.0
3083.0 1270.0
3082.0 1270.0
3081.0 1270.0
3080.0 1270.0
3079.0 1270.0
3078.0 1270.0
3077.6666666666665 1269.6666666666667
3077.3333333333335 1269.3333333333333
3077.0 1269.0
3076.6666666666665 1268.6666666666667
3076.3333333333335 1268.3333333333333
3076.0 1268.0
3075.0 1267.3333333333333
3074.0 1266.6666666666667
3073.0 1266.0
3072.0 1265.3333333333333
3071.0 1264.6666666666667
3070.0 1264.0
3069.3333333333335 1264.3333333333333
3068.6666666666665 1264.6666666666667
3068.0 1265.0
3067.3333333333335 1265.3333333333333
3066.6666666666665 1265.6666666666667
3066.0 1266.0
3065.0 1265.6666666666667
3064.0 1265.3333333333333
3063.0 1265.0
3062.0 1264.6666666666667
3061.0 1264.3333333333333
3060.0 1264.0
3060.6666666666665 1263.3333333333333
3061.3333333333335 1262.6666666666667
3062.0 1262.0
3062.6666666666665 1261.3333333333333
3063.3333333333335 1260.6666666666667
3064.0 1260.0
3063.3333333333335 1259.0
3062.6666666666665 1258.0
3062.0 1257.0
3061.3333333333335 1256.0
3060.6666666666665 1255.0
3060.0 1254.0
3061.0 1253.3333333333333
3062.0 1252.6666666666667
3063.0 1252.0
3064.0 1251.3333333333333
3065.0 1250.6666666666667
3066.0 1250.0
3066.3333333333335 1250.3333333333333
3066.6666666666665 1250.6666666666667
3067.0 1251.0
3067.3333333333335 1251.3333333333333
3067.6666666666665 1251.6666666666667
3068.0 1252.0
3069.0 1253.0
3070.0 1254.0
3071.0 1255.0
3072.0 1256.0
3073.0 1257.0
3074.0 1258.0
3074.0 1257.0
3074.0 1256.0
3074.0 1255.0
3074.0 1254.0
3074.0 1253.0
3074.0 1252.0
3074.3333333333335 1251.3333333333333
3074.6666666666665 1250.6666666666667
3075.0 1250.0
3075.3333333333335 1249.3333333333333
3075.6666666666665 1248.6666666666667
3076.0 1248.0
3076.6666666666665 1247.3333333333333
3077.3333333333335 1246.6666666666667
3078.0 1246.0
3078.6666666666665 1245.3333333333333
3079.3333333333335 1244.6666666666667
3080.0 1244.0
3081.0 1244.3333333333333
3082.0 1244.6666666666667
3083.0 1245.0
3084.0 1245.3333333333333
3085.0 1245.6666666666667
3086.0 1246.0
3087.0 1246.3333333333333
3088.0 1246.6666666666667
3089.0 1247.0
3090.0 1247.3333333333333
3091.0 1247.6666666666667
3092.0 1248.0
3093.0 1248.3333333333333
3094.0 1248.6666666666667
3095.0 1249.0
3096.0 1249.3333333333333
3097.0 1249.6666666666667
3098.0 1250.0
3098.6666666666665 1249.6666666666667
3099.3333333333335 1249.3333333333333
3100.0 1249.0
3100.6666666666665 1248.6666666666667
3101.3333333333335 1248.3333333333333
3102.0 1248.0
3103.0 1247.6666666666667
3104.0 1247.3333333333333
3105.0 1247.0
3106.0 1246.6666666666667
3107.0 1246.3333333333333
3108.0 1246.0
3108.6666666666665 1246.6666666666667
3109.3333333333335 1247.3333333333333
3110.0 1248.0
3110.6666666666665 1248.6666666666667
3111.3333333333335 1249.3333333333333
3112.0 1250.0
3112.0 1249.6666666666667
3112.0 1249.3333333333333
3112.0 1249.0
3112.0 1248.6666666666667
3112.0 1248.3333333333333
3112.0 1248.0
3111.6666666666665 1247.3333333333333
3111.3333333333335 1246.6666666666667
3111.0 1246.0
3110.6666666666665 1245.3333333333333
3110.3333333333335 1244.6666666666667
3110.0 1244.0
3109.6666666666665 1243.3333333333333
3109.3333333333335 1242.6666666666667
3109.0 1242.0
3108.6666666666665 1241.3333333333333
3108.3333333333335 1240.6666666666667
3108.0 1240.0
3107.3333333333335 1239.6666666666667
3106.6666666666665 1239.3333333333333
3106.0 1239.0
3105.3333333333335 1238.6666666666667
3104.6666666666665 1238.3333333333333
3104.0 1238.0
3103.3333333333335 1237.0
3102.6666666666665 1236.0
3102.0 1235.0
3101.3333333333335 1234.0
3100.6666666666665 1233.0
3100.0 1232.0
3100.0 1231.6666666666667
3100.0 1231.3333333333333
3100.0 1231.0
3100.0 1230.6666666666667
3100.0 1230.3333333333333
3100.0 1230.0
3100.0 1231.0
3100.0 1232.0
3100.0 1233.0
3100.0 1234.0
3100.0 1235.0
3100.0 1236.0
3099.0 1236.3333333333333
3098.0 1236.6666666666667
3097.0 1237.0
3096.0 1237.3333333333333
3095.0 1237.6666666666667
3094.0 1238.0
3093.0 1238.0
3092.0 1238.0
3091.0 1238.0
3090.0 1238.0
3089.0 1238.0
3088.0 1238.0
3087.3333333333335 1237.0
3086.6666666666665 1236.0
3086.0 1235.0
3085.3333333333335 1234.0
3084.6666666666665 1233.0
3084.0 1232.0
3083.0 1232.0
3082.0 1232.0
3081.0 1232.0
3080.0 1232.0
3079.0 1232.0
3078.0 1232.0
3077.3333333333335 1231.3333333333333
3076.6666666666665 1230.6666666666667
3076.0 1230.0
3075.3333333333335 1229.3333333333333
3074.6666666666665 1228.6666666666667
3074.0 1228.0
3073.0 1228.0
3072.0 1228.0
3071.0 1228.0
3070.0 1228.0
3069.0 1228.0
3068.0 1228.0
3067.0 1227.6666666666667
3066.0 1227.3333333333333
3065.0 1227.0
3064.0 1226.6666666666667
3063.0 1226.3333333333333
3062.0 1226.0
3061.0 1225.6666666666667
3060.0 1225.3333333333333
3059.0 1225.0
3058.0 1224.6666666666667
3057.0 1224.3333333333333
3056.0 1224.0
3055.6666666666665 1224.6666666666667
3055.3333333333335 1225.3333333333333
3055.0 1226.0
3054.6666666666665 1226.6666666666667
3054.3333333333335 1227.3333333333333
3054.0 1228.0
3054.0 1229.0
3054.0 1230.0
3054.0 1231.0
3054.0 1232.0
3054.0 1233.0
3054.0 1234.0
3053.0 1234.6666666666667
3052.0 1235.3333333333333
3051.0 1236.0
3050.0 1236.6666666666667
3049.0 1237.3333333333333
3048.0 1238.0
3048.0 1238.6666666666667
3048.0 1239.3333333333333
3048.0 1240.0
3048.0 1240.6666666666667
3048.0 1241.3333333333333
3048.0 1242.0
3048.6666666666665 1243.0
3049.3333333333335 1244.0
3050.0 1245.0
3050.6666666666665 1246.0
3051.3333333333335 1247.0
3052.0 1248.0
3052.3333333333335 1248.3333333333333
3052.6666666666665 1248.6666666666667
3053.0 1249.0
3053.3333333333335 1249.3333333333333
3053.6666666666665 1249.6666666666667
3054.0 1250.0
3054.6666666666665 1250.6666666666667
3055.3333333333335 1251.3333333333333
3056.0 1252.0
3056.6666666666665 1252.6666666666667
3057.3333333333335 1253.3333333333333
3058.0 1254.0
3057.6666666666665 1254.6666666666667
3057.3333333333335 1255.3333333333333
3057.0 1256.0
3056.6666666666665 1256.6666666666667
3056.3333333333335 1257.3333333333333
3056.0 1258.0
3056.6666666666665 1259.0
3057.3333333333335 1260.0
3058.0 1261.0
3058.6666666666665 1262.0
3059.3333333333335 1263.0
3060.0 1264.0
3059.0 1264.0
3058.0 1264.0
3057.0 1264.0
3056.0 1264.0
3055.0 1264.0
3054.0 1264.0
3053.0 1263.6666666666667
3052.0 1263.3333333333333
3051.0 1263.0
3050.0 1262.6666666666667
3049.0 1262.3333333333333
3048.0 1262.0
3047.6666666666665 1261.0
3047.3333333333335 1260.0
3047.0 1259.0
3046.6666666666665 1258.0
3046.3333333333335 1257.0
3046.0 1256.0
3045.0 1255.3333333333333
3044.0 1254.6666666666667
3043.0 1254.0
3042.0 1253.3333333333333
3041.0 1252.6666666666667
3040.0 1252.0
3039.0 1251.3333333333333
3038.0 1250.6666666666667
3037.0 1250.0
3036.0 1249.3333333333333
3035.0 1248.6666666666667
3034.0 1248.0
3033.6666666666665 1247.0
3033.3333333333335 1246.0
3033.0 1245.0
3032.6666666666665 1244.0
3032.3333333333335 1243.0
3032.0 1242.0
3031.0 1242.3333333333333
3030.0 1242.6666666666667
3029.0 1243.0
3028.0 1243.3333333333333
3027.0 1243.6666666666667
3026.0 1244.0
3025.0 1243.6666666666667
3024.0 1243.3333333333333
3023.0 1243.0
3022.0 1242.6666666666667
3021.0 1242.3333333333333
3020.0 1242.0
3019.6666666666665 1241.6666666666667
3019.3333333333335 1241.3333333333333
3019.0 1241.0
3018.6666666666665 1240.6666666666667
3018.3333333333335 1240.3333333333333
3018.0 1240.0
3018.6666666666665 1240.3333333333333
3019.3333333333335 1240.6666666666667
3020.0 1241.0
3020.6666666666665 1241.3333333333333
3021.3333333333335 1241.6666666666667
3022.0 1242.0
3021.6666666666665 1243.0
3021.3333333333335 1244.0
3021.0 1245.0
3020.6666666666665 1246.0
3020.3333333333335 1247.0
3020.0 1248.0
3019.0 1247.6666666666667
3018.0 1247.3333333333333
3017.0 1247.0
3016.0 1246.6666666666667
3015.0 1246.3333333333333
3014.0 1246.0
3013.6666666666665 1246.3333333333333
3013.3333333333335 1246.6666666666667
3013.0 1247.0
3012.6666666666665 1247.3333333333333
3012.3333333333335 1247.6666666666667
3012.0 1248.0
3011.3333333333335 1249.0
3010.6666666666665 1250.0
3010.0 1251.0
3009.3333333333335 1252.0
3008.6666666666665 1253.0
3008.0 1254.0
3007.0 1253.3333333333333
3006.0 1252.6666666666667
3005.0 1252.0
3004.0 1251.3333333333333
3003.0 1250.6666666666667
3002.0 1250.0
3001.3333333333335 1249.3333333333333
3000.6666666666665 1248.6666666666667
3000.0 1248.0
2999.3333333333335 1247.3333333333333
2998.6666666666665 1246.6666666666667
2998.0 1246.0
2997.6666666666665 1245.0
2997.3333333333335 1244.0
2997.0 1243.0
2996.6666666666665 1242.0
2996.3333333333335 1241.0
2996.0 1240.0
2995.6666666666665 1239.0
2995.3333333333335 1238.0
2995.0 1237.0
2994.6666666666665 1236.0
2994.3333333333335 1235.0
2994.0 1234.0
2993.0 1233.3333333333333
2992.0 1232.6666666666667
2991.0 1232.0
2990.0 1231.3333333333333
2989.0 1230.6666666666667
2988.0 1230.0
2987.3333333333335 1230.3333333333333
2986.6666666666665 1230.6666666666667
2986.0 1231.0
2985.3333333333335 1231.3333333333333
2984.6666666666665 1231.6666666666667
2984.0 1232.0
2983.0 1231.6666666666667
2982.0 1231.3333333333333
2981.0 1231.0
2980.0 1230.6666666666667
2979.0 1230.3333333333333
2978.0 1230.0
2977.6666666666665 1231.0
2977.3333333333335 1232.0
2977.0 1233.0
2976.6666666666665 1234.0
2976.3333333333335 1235.0
2976.0 1236.0
2976.3333333333335 1237.0
2976.6666666666665 1238.0
2977.0 1239.0
2977.3333333333335 1240.0
2977.6666666666665 1241.0
2978.0 1242.0
2977.0 1242.3333333333333
2976.0 1242.6666666666667
2975.0 1243.0
2974.0 1243.3333333333333
2973.0 1243.6666666666667
2972.0 1244.0
2971.0 1244.3333333333333
2970.0 1244.6666666666667
2969.0 1245.0
2968.0 1245.3333333333333
2967.0 1245.6666666666667
2966.0 1246.0
2965.3333333333335 1245.6666666666667
2964.6666666666665 1245.3333333333333
2964.0 1245.0
2963.3333333333335 1244.6666666666667
2962.6666666666665 1244.3333333333333
2962.0 1244.0
2961.6666666666665 1244.6666666666667
2961.3333333333335 1245.3333333333333
2961.0 1246.0
2960.6666666666665 1246.6666666666667
2960.3333333333335 1247.3333333333333
2960.0 1248.0
2961.0 1248.0
2962.0 1248.0
2963.0 1248.0
2964.0 1248.0
2965.0 1248.0
2966.0 1248.0
2967.0 1248.0
2968.0 1248.0
2969.0 1248.0
2970.0 1248.0
2971.0 1248.0
2972.0 1248.0
2972.3333333333335 1249.0
2972.6666666666665 1250.0
2973.0 1251.0
2973.3333333333335 1252.0
2973.6666666666665 1253.0
2974.0 1254.0
2974.6666666666665 1255.0
2975.3333333333335 1256.0
2976.0 1257.0
2976.6666666666665 1258.0
2977.3333333333335 1259.0
2978.0 1260.0
2978.6666666666665 1260.6666666666667
2979.3333333333335 1261.3333333333333
2980.0 1262.0
2980.6666666666665 1262.6666666666667
2981.3333333333335 1263.3333333333333
2982.0 1264.0
2982.6666666666665 1265.0
2983.3333333333335 1266.0
2984.0 1267.0
2984.6666666666665 1268.0
2985.3333333333335 1269.0
2986.0 1270.0
2985.0 1271.0
2984.0 1272.0
2983.0 1273.0
2982.0 1274.0
2981.0 1275.0
2980.0 1276.0
2979.3333333333335 1275.3333333333333
2978.6666666666665 1274.6666666666667
2978.0 1274.0
2977.3333333333335 1273.3333333333333
2976.6666666666665 1272.6666666666667
2976.0 1272.0
2976.0 1272.6666666666667
2976.0 1273.3333333333333
2976.0 1274.0
2976.0 1274.6666666666667
2976.0 1275.3333333333333
2976.0 1276.0
2976.6666666666665 1276.6666666666667
2977.3333333333335 1277.3333333333333
2978.0 1278.0
2978.6666666666665 1278.6666666666667
2979.3333333333335 1279.3333333333333
2980.0 1280.0
2980.6666666666665 1280.6666666666667
2981.3333333333335 1281.3333333333333
2982.0 1282.0
2982.6666666666665 1282.6666666666667
2983.3333333333335 1283.3333333333333
2984.0 1284.0
2985.0 1284.3333333333333
2986.0 1284.6666666666667
2987.0 1285.0
2988.0 1285.3333333333333
2989.0 1285.6666666666667
2990.0 1286.0
2990.6666666666665 1285.6666666666667
2991.3333333333335 1285.3333333333333
2992.0 1285.0
2992.6666666666665 1284.6666666666667
2993.3333333333335 1284.3333333333333
2994.0 1284.0
2994.6666666666665 1284.6666666666667
2995.3333333333335 1285.3333333333333
2996.0 1286.0
2996.6666666666665 1286.6666666666667
2997.3333333333335 1287.3333333333333
2998.0 1288.0
2998.6666666666665 1288.6666666666667
2999.3333333333335 1289.3333333333333
3000.0 1290.0
3000.6666666666665 1290.6666666666667
3001.3333333333335 1291.3333333333333
3002.0 1292.0
3002.6666666666665 1292.6666666666667
3003.3333333333335 1293.3333333333333
3004.0 1294.0
3004.6666666666665 1294.6666666666667
3005.3333333333335 1295.3333333333333
3006.0 1296.0
3007.0 1296.0
3008.0 1296.0
3009.0 1296.0
3010.0 1296.0
3011.0 1296.0
3012.0 1296.0
3013.0 1296.0
3014.0 1296.0
3015.0 1296.0
3016.0 1296.0
3017.0 1296.0
3018.0 1296.0
3018.0 1297.0
3018.0 1298.0
3018.0 1299.0
3018.0 1300.0
3018.0 1301.0
3018.0 1302.0
3017.0 1303.0
3016.0 1304.0
3015.0 1305.0
3014.0 1306.0
3013.0 1307.0
3012.0 1308.0
3011.6666666666665 1309.0
3011.3333333333335 1310.0
3011.0 1311.0
3010.6666666666665 1312.0
3010.3333333333335 1313.0
3010.0 1314.0
3010.0 1315.0
3010.0 1316.0
3010.0 1317.0
3010.0 1318.0
3010.0 1319.0
3010.0 1320.0
3010.0 1321.0
3010.0 1322.0
3010.0 1323.0
3010.0 1324.0
3010.0 1325.0
3010.0 1326.0
3010.6666666666665 1327.0
3011.3333333333335 1328.0
3012.0 1329.0
3012.6666666666665 1330.0
3013.3333333333335 1331.0
3014.0 1332.0
3014.3333333333335 1333.0
3014.6666666666665 1334.0
3015.0 1335.0
3015.3333333333335 1336.0
3015.6666666666665 1337.0
3016.0 1338.0
3015.0 1338.3333333333333
3014.0 1338.6666666666667
3013.0 1339.0
3012.0 1339.3333333333333
3011.0 1339.6666666666667
3010.0 1340.0
3009.6666666666665 1339.6666666666667
3009.3333333333335 1339.3333333333333
3009.0 1339.0
3008.6666666666665 1338.6666666666667
3008.3333333333335 1338.3333333333333
3008.0 1338.0
3007.3333333333335 1338.6666666666667
3006.6666666666665 1339.3333333333333
3006.0 1340.0
3005.3333333333335 1340.6666666666667
3004.6666666666665 1341.3333333333333
3004.0 1342.0
3003.3333333333335 1342.0
3002.6666666666665 1342.0
3002.0 1342.0
3001.3333333333335 1342.0
3000.6666666666665 1342.0
3000.0 1342.0
2999.6666666666665 1343.0
2999.3333333333335 1344.0
2999.0 1345.0
2998.6666666666665 1346.0
2998.3333333333335 1347.0
2998.0 1348.0
2997.3333333333335 1348.6666666666667
2996.6666666666665 1349.3333333333333
2996.0 1350.0
2995.3333333333335 1350.6666666666667
2994.6666666666665 1351.3333333333333
2994.0 1352.0
2994.0 1353.0
2994.0 1354.0
2994.0 1355.0
2994.0 1356.0
2994.0 1357.0
2994.0 1358.0
2993.0 1358.3333333333333
2992.0 1358.6666666666667
2991.0 1359.0
2990.0 1359.3333333333333
2989.0 1359.6666666666667
2988.0 1360.0
2987.3333333333335 1359.3333333333333
2986.6666666666665 1358.6666666666667
2986.0 1358.0
2985.3333333333335 1357.3333333333333
2984.6666666666665 1356.6666666666667
2984.0 1356.0
2983.3333333333335 1356.0
2982.6666666666665 1356.0
2982.0 1356.0
2981.3333333333335 1356.0
2980.6666666666665 1356.0
2980.0 1356.0
2979.3333333333335 1356.3333333333333
2978.6666666666665 1356.6666666666667
2978.0 1357.0
2977.3333333333335 1357.3333333333333
2976.6666666666665 1357.6666666666667
2976.0 1358.0
2975.6666666666665 1357.6666666666667
2975.3333333333335 1357.3333333333333
2975.0 1357.0
2974.6666666666665 1356.6666666666667
2974.3333333333335 1356.3333333333333
2974.0 1356.0
2973.0 1356.0
2972.0 1356.0
2971.0 1356.0
2970.0 1356.0
2969.0 1356.0
2968.0 1356.0
2967.0 1355.6666666666667
2966.0 1355.3333333333333
2965.0 1355.0
2964.0 1354.6666666666667
2963.0 1354.3333333333333
2962.0 1354.0
2961.0 1354.0
2960.0 1354.0
2959.0 1354.0
2958.0 1354.0
2957.0 1354.0
2956.0 1354.0
2955.6666666666665 1354.3333333333333
2955.3333333333335 1354.6666666666667
2955.0 1355.0
2954.6666666666665 1355.3333333333333
2954.3333333333335 1355.6666666666667
2954.0 1356.0
2953.6666666666665 1357.0
2953.3333333333335 1358.0
2953.0 1359.0
2952.6666666666665 1360.0
2952.3333333333335 1361.0
2952.0 1362.0
2951.0 1361.6666666666667
2950.0 1361.3333333333333
2949.0 1361.0
2948.0 1360.6666666666667
2947.0 1360.3333333333333
2946.0 1360.0
2945.3333333333335 1359.0
2944.6666666666665 1358.0
2944.0 1357.0
2943.3333333333335 1356.0
2942.6666666666665 1355.0
2942.0 1354.0
2941.6666666666665 1354.0
2941.3333333333335 1354.0
2941.0 1354.0
2940.6666666666665 1354.0
2940.3333333333335 1354.0
2940.0 1354.0
2939.0 1353.6666666666667
2938.0 1353.3333333333333
2937.0 1353.0
2936.0 1352.6666666666667
2935.0 1352.3333333333333
2934.0 1352.0
2933.6666666666665 1351.0
2933.3333333333335 1350.0
2933.0 1349.0
2932.6666666666665 1348.0
2932.3333333333335 1347.0
2932.0 1346.0
2931.3333333333335 1345.3333333333333
2930.6666666666665 1344.6666666666667
2930.0 1344.0
2929.3333333333335 1343.3333333333333
2928.6666666666665 1342.6666666666667
2928.0 1342.0
2927.0 1342.0
2926.0 1342.0
2925.0 1342.0
2924.0 1342.0
2923.0 1342.0
2922.0 1342.0
2922.0 1342.6666666666667
2922.0 1343.3333333333333
2922.0 1344.0
2922.0 1344.6666666666667
2922.0 1345.3333333333333
2922.0 1346.0
2921.3333333333335 1346.3333333333333
2920.6666666666665 1346.6666666666667
2920.0 1347.0
2919.3333333333335 1347.3333333333333
2918.6666666666665 1347.6666666666667
2918.0 1348.0
2918.6666666666665 1348.6666666666667
2919.3333333333335 1349.3333333333333
2920.0 1350.0
2920.6666666666665 1350.6666666666667
2921.3333333333335 1351.3333333333333
2922.0 1352.0
2923.0 1352.6666666666667
2924.0 1353.3333333333333
2925.0 1354.0
2926.0 1354.6666666666667
2927.0 1355.3333333333333
2928.0 1356.0
2929.0 1356.0
2930.0 1356.0
2931.0 1356.0
2932.0 1356.0
2933.0 1356.0
2934.0 1356.0
2934.6666666666665 1357.0
2935.3333333333335 1358.0
2936.0 1359.0
2936.6666666666665 1360.0
2937.3333333333335 1361.0
2938.0 1362.0
2937.6666666666665 1363.0
2937.3333333333335 1364.0
2937.0 1365.0
2936.6666666666665 1366.0
2936.3333333333335 1367.0
2936.0 1368.0
2935.0 1368.6666666666667
2934.0 1369.3333333333333
2933.0 1370.0
2932.0 1370.6666666666667
2931.0 1371.3333333333333
2930.0 1372.0
2929.0 1371.3333333333333
2928.0 1370.6666666666667
2927.0 1370.0
2926.0 1369.3333333333333
2925.0 1368.6666666666667
2924.0 1368.0
2923.0 1368.3333333333333
2922.0 1368.6666666666667
2921.0 1369.0
2920.0 1369.3333333333333
2919.0 1369.6666666666667
2918.0 1370.0
2917.0 1370.6666666666667
2916.0 1371.3333333333333
2915.0 1372.0
2914.0 1372.6666666666667
2913.0 1373.3333333333333
2912.0 1374.0
2911.6666666666665 1374.0
2911.3333333333335 1374.0
2911.0 1374.0
2910.6666666666665 1374.0
2910.3333333333335 1374.0
2910.0 1374.0
2910.6666666666665 1374.6666666666667
2911.3333333333335 1375.3333333333333
2912.0 1376.0
2912.6666666666665 1376.6666666666667
2913.3333333333335 1377.3333333333333
2914.0 1378.0
2914.3333333333335 1379.0
2914.6666666666665 1380.0
2915.0 1381.0
2915.3333333333335 1382.0
2915.6666666666665 1383.0
2916.0 1384.0
2915.0 1384.3333333333333
2914.0 1384.6666666666667
2913.0 1385.0
2912.0 1385.3333333333333
2911.0 1385.6666666666667
2910.0 1386.0
2909.0 1386.0
2908.0 1386.0
2907.0 1386.0
2906.0 1386.0
2905.0 1386.0
2904.0 1386.0
2903.0 1386.0
2902.0 1386.0
2901.0 1386.0
2900.0 1386.0
2899.0 1386.0
2898.0 1386.0
2898.0 1385.0
2898.0 1384.0
2898.0 1383.0
2898.0 1382.0
2898.0 1381.0
2898.0 1380.0
2898.0 1379.0
2898.0 1378.0
2898.0 1377.0
2898.0 1376.0
2898.0 1375.0
2898.0 1374.0
2897.0 1373.6666666666667
2896.0 1373.3333333333333
2895.0 1373.0
2894.0 1372.6666666666667
2893.0 1372.3333333333333
2892.0 1372.0
2891.3333333333335 1371.3333333333333
2890.6666666666665 1370.6666666666667
2890.0 1370.0
2889.3333333333335 1369.3333333333333
2888.6666666666665 1368.6666666666667
2888.0 1368.0
2887.0 1368.3333333333333
2886.0 1368.6666666666667
2885.0 1369.0
2884.0 1369.3333333333333
2883.0 1369.6666666666667
2882.0 1370.0
2881.0 1370.0
2880.0 1370.0
2879.0 1370.0
2878.0 1370.0
2877.0 1370.0
2876.0 1370.0
2875.0 1370.3333333333333
2874.0 1370.6666666666667
2873.0 1371.0
2872.0 1371.3333333333333
2871.0 1371.6666666666667
2870.0 1372.0
2869.0 1372.3333333333333
2868.0 1372.6666666666667
2867.0 1373.0
2866.0 1373.3333333333333
2865.0 1373.6666666666667
2864.0 1374.0
2863.0 1373.6666666666667
2862.0 1373.3333333333333
2861.0 1373.0
2860.0 1372.6666666666667
2859.0 1372.3333333333333
2858.0 1372.0
2857.0 1372.0
2856.0 1372.0
2855.0 1372.0
2854.0 1372.0
2853.0 1372.0
2852.0 1372.0
2851.0 1372.0
2850.0 1372.0
2849.0 1372.0
2848.0 1372.0
2847.0 1372.0
2846.0 1372.0
2845.0 1371.6666666666667
2844.0 1371.3333333333333
2843.0 1371.0
2842.0 1370.6666666666667
2841.0 1370.3333333333333
2840.0 1370.0
2839.0 1370.0
2838.0 1370.0
2837.0 1370.0
2836.0 1370.0
2835.0 1370.0
2834.0 1370.0
2833.0 1370.3333333333333
2832.0 1370.6666666666667
2831.0 1371.0
2830.0 1371.3333333333333
2829.0 1371.6666666666667
2828.0 1372.0
2827.0 1372.0
2826.0 1372.0
2825.0 1372.0
2824.0 1372.0
2823.0 1372.0
2822.0 1372.0
2821.0 1371.6666666666667
2820.0 1371.3333333333333
2819.0 1371.0
2818.0 1370.6666666666667
2817.0 1370.3333333333333
2816.0 1370.0
2816.0 1369.3333333333333
2816.0 1368.6666666666667
2816.0 1368.0
2816.0 1367.3333333333333
2816.0 1366.6666666666667
2816.0 1366.0
2815.3333333333335 1365.3333333333333
2814.6666666666665 1364.6666666666667
2814.0 1364.0
2813.3333333333335 1363.3333333333333
2812.6666666666665 1362.6666666666667
2812.0 1362.0
2813.0 1361.6666666666667
2814.0 1361.3333333333333
2815.0 1361.0
2816.0 1360.6666666666667
2817.0 1360.3333333333333
2818.0 1360.0
2817.0 1359.3333333333333
2816.0 1358.6666666666667
2815.0 1358.0
2814.0 1357.3333333333333
2813.0 1356.6666666666667
2812.0 1356.0
2811.0 1355.6666666666667
2810.0 1355.3333333333333
2809.0 1355.0
2808.0 1354.6666666666667
2807.0 1354.3333333333333
2806.0 1354.0
2805.3333333333335 1354.0
2804.6666666666665 1354.0
2804.0 1354.0
2803.3333333333335 1354.0
2802.6666666666665 1354.0
2802.0 1354.0
2801.0 1354.6666666666667
2800.0 1355.3333333333333
2799.0 1356.0
2798.0 1356.6666666666667
2797.0 1357.3333333333333
2796.0 1358.0
2795.0 1357.6666666666667
2794.0 1357.3333333333333
2793.0 1357.0
2792.0 1356.6666666666667
2791.0 1356.3333333333333
2790.0 1356.0
2790.0 1356.0
2790.0 1356.0
2790.0 1356.0
2790.0 1356.0
2790.0 1356.0
2790.0 1356.0
2790.3333333333335 1357.0
2790.6666666666665 1358.0
2791.0 1359.0
2791.3333333333335 1360.0
2791.6666666666665 1361.0
2792.0 1362.0
2792.6666666666665 1362.3333333333333
2793.3333333333335 1362.6666666666667
2794.0 1363.0
2794.6666666666665 1363.3333333333333
2795.3333333333335 1363.6666666666667
2796.0 1364.0
2797.0 1364.3333333333333
2798.0 1364.6666666666667
2799.0 1365.0
2800.0 1365.3333333333333
2801.0 1365.6666666666667
2802.0 1366.0
2803.0 1366.6666666666667
2804.0 1367.3333333333333
2805.0 1368.0
2806.0 1368.6666666666667
2807.0 1369.3333333333333
2808.0 1370.0
2808.3333333333335 1371.0
2808.6666666666665 1372.0
2809.0 1373.0
2809.3333333333335 1374.0
2809.6666666666665 1375.0
2810.0 1376.0
2810.3333333333335 1377.0
2810.6666666666665 1378.0
2811.0 1379.0
2811.3333333333335 1380.0
2811.6666666666665 1381.0
2812.0 1382.0
2811.6666666666665 1383.0
2811.3333333333335 1384.0
2811.0 1385.0
2810.6666666666665 1386.0
2810.3333333333335 1387.0
2810.0 1388.0
2810.6666666666665 1388.3333333333333
2811.3333333333335 1388.6666666666667
2812.0 1389.0
2812.6666666666665 1389.3333333333333
2813.3333333333335 1389.6666666666667
2814.0 1390.0
2814.3333333333335 1390.6666666666667
2814.6666666666665 1391.3333333333333
2815.0 1392.0
2815.3333333333335 1392.6666666666667
2815.6666666666665 1393.3333333333333
2816.0 1394.0
2816.6666666666665 1395.0
2817.3333333333335 1396.0
2818.0 1397.0
2818.6666666666665 1398.0
2819.3333333333335 1399.0
2820.0 1400.0
2820.0 1401.0
2820.0 1402.0
2820.0 1403.0
2820.0 1404.0
2820.0 1405.0
2820.0 1406.0
2820.3333333333335 1407.0
2820.6666666666665 1408.0
2821.0 1409.0
2821.3333333333335 1410.0
2821.6666666666665 1411.0
2822.0 1412.0
2821.0 1412.6666666666667
2820.0 1413.3333333333333
2819.0 1414.0
2818.0 1414.6666666666667
2817.0 1415.3333333333333
2816.0 1416.0
2815.0 1415.6666666666667
2814.0 1415.3333333333333
2813.0 1415.0
2812.0 1414.6666666666667
2811.0 1414.3333333333333
2810.0 1414.0
2809.0 1413.6666666666667
2808.0 1413.3333333333333
2807.0 1413.0
2806.0 1412.6666666666667
2805.0 1412.3333333333333
2804.0 1412.0
2803.0 1412.3333333333333
2802.0 1412.6666666666667
2801.0 1413.0
2800.0 1413.3333333333333
2799.0 1413.6666666666667
2798.0 1414.0
2797.3333333333335 1413.6666666666667
2796.6666666666665 1413.3333333333333
2796.0 1413.0
2795.3333333333335 1412.6666666666667
2794.6666666666665 1412.3333333333333
2794.0 1412.0
2793.0 1412.0
2792.0 1412.0
2791.0 1412.0
2790.0 1412.0
2789.0 1412.0
2788.0 1412.0
2787.0 1411.6666666666667
2786.0 1411.3333333333333
2785.0 1411.0
2784.0 1410.6666666666667
2783.0 1410.3333333333333
2782.0 1410.0
2781.0 1410.3333333333333
2780.0 1410.6666666666667
2779.0 1411.0
2778.0 1411.3333333333333
2777.0 1411.6666666666667
2776.0 1412.0
2776.3333333333335 1413.0
2776.6666666666665 1414.0
2777.0 1415.0
2777.3333333333335 1416.0
2777.6666666666665 1417.0
2778.0 1418.0
2778.6666666666665 1419.0
2779.3333333333335 1420.0
2780.0 1421.0
2780.6666666666665 1422.0
2781.3333333333335 1423.0
2782.0 1424.0
2783.0 1424.3333333333333
2784.0 1424.6666666666667
2785.0 1425.0
2786.0 1425.3333333333333
2787.0 1425.6666666666667
2788.0 1426.0
2788.0 1427.0
2788.0 1428.0
2788.0 1429.0
2788.0 1430.0
2788.0 1431.0
2788.0 1432.0
2787.3333333333335 1433.0
2786.6666666666665 1434.0
2786.0 1435.0
2785.3333333333335 1436.0
2784.6666666666665 1437.0
2784.0 1438.0
2784.3333333333335 1438.3333333333333
2784.6666666666665 1438.6666666666667
2785.0 1439.0
2785.3333333333335 1439.3333333333333
2785.6666666666665 1439.6666666666667
2786.0 1440.0
2787.0 1440.0
2788.0 1440.0
2789.0 1440.0
2790.0 1440.0
2791.0 1440.0
2792.0 1440.0
2793.0 1440.6666666666667
2794.0 1441.3333333333333
2795.0 1442.0
2796.0 1442.6666666666667
2797.0 1443.3333333333333
2798.0 1444.0
2799.0 1444.6666666666667
2800.0 1445.3333333333333
2801.0 1446.0
2802.0 1446.6666666666667
2803.0 1447.3333333333333
2804.0 1448.0
2804.3333333333335 1449.0
2804.6666666666665 1450.0
2805.0 1451.0
2805.3333333333335 1452.0
2805.6666666666665 1453.0
2806.0 1454.0
2805.0 1454.3333333333333
2804.0 1454.6666666666667
2803.0 1455.0
2802.0 1455.3333333333333
2801.0 1455.6666666666667
2800.0 1456.0
2799.0 1456.0
2798.0 1456.0
2797.0 1456.0
2796.0 1456.0
2795.0 1456.0
2794.0 1456.0
2793.6666666666665 1457.0
2793.3333333333335 1458.0
2793.0 1459.0
2792.6666666666665 1460.0
2792.3333333333335 1461.0
2792.0 1462.0
2792.3333333333335 1462.3333333333333
2792.6666666666665 1462.6666666666667
2793.0 1463.0
2793.3333333333335 1463.3333333333333
2793.6666666666665 1463.6666666666667
2794.0 1464.0
2794.3333333333335 1465.0
2794.6666666666665 1466.0
2795.0 1467.0
2795.3333333333335 1468.0
2795.6666666666665 1469.0
2796.0 1470.0
2797.0 1470.3333333333333
2798.0 1470.6666666666667
2799.0 1471.0
2800.0 1471.3333333333333
2801.0 1471.6666666666667
2802.0 1472.0
2803.0 1472.0
2804.0 1472.0
2805.0 1472.0
2806.0 1472.0
2807.0 1472.0
2808.0 1472.0
2809.0 1472.3333333333333
2810.0 1472.6666666666667
2811.0 1473.0
2812.0 1473.3333333333333
2813.0 1473.6666666666667
2814.0 1474.0
2814.0 1474.0
