2814.0 1474.0
2833.0 1473.0
2852.0 1472.0
2843.0 1460.0
2834.0 1448.0
2834.0 1445.0
2834.0 1442.0
2837.0 1441.0
2840.0 1440.0
2838.0 1434.0
2836.0 1428.0
2840.0 1422.0
2844.0 1416.0
2851.0 1418.0
2858.0 1420.0
2860.0 1426.0
2862.0 1432.0
2871.0 1430.0
2880.0 1428.0
2889.0 1432.0
2898.0 1436.0
2901.0 1432.0
2904.0 1428.0
2904.0 1432.0
2904.0 1436.0
2906.0 1436.0
2908.0 1436.0
2907.0 1432.0
2906.0 1428.0
2896.0 1425.0
2886.0 1422.0
2890.0 1421.0
2894.0 1420.0
2889.0 1418.0
2884.0 1416.0
2885.0 1410.0
2886.0 1404.0
2901.0 1406.0
2916.0 1408.0
2918.0 1403.0
2920.0 1398.0
2924.0 1400.0
2928.0 1402.0
2936.0 1398.0
2944.0 1394.0
2960.0 1396.0
2976.0 1398.0
2983.0 1391.0
2990.0 1384.0
2998.0 1383.0
3006.0 1382.0
3007.0 1386.0
3008.0 1390.0
3024.0 1398.0
3040.0 1406.0
3050.0 1399.0
3060.0 1392.0
3060.0 1397.0
3060.0 1402.0
3066.0 1407.0
3072.0 1412.0
3082.0 1411.0
3092.0 1410.0
3101.0 1417.0
3110.0 1424.0
3110.0 1420.0
3110.0 1416.0
3117.0 1414.0
3124.0 1412.0
3115.0 1402.0
3106.0 1392.0
3109.0 1389.0
3112.0 1386.0
3122.0 1388.0
3132.0 1390.0
3139.0 1388.0
3146.0 1386.0
3153.0 1389.0
3160.0 1392.0
3163.0 1397.0
3166.0 1402.0
3171.0 1394.0
3176.0 1386.0
3189.0 1390.0
3202.0 1394.0
3207.0 1393.0
3212.0 1392.0
3214.0 1388.0
3216.0 1384.0
3219.0 1390.0
3222.0 1396.0
3225.0 1392.0
3228.0 1388.0
3234.0 1387.0
3240.0 1386.0
3239.0 1390.0
3238.0 1394.0
3243.0 1392.0
3248.0 1390.0
3254.0 1393.0
3260.0 1396.0
3234.0 1374.0
3208.0 1352.0
3214.0 1346.0
3220.0 1340.0
3225.0 1340.0
3230.0 1340.0
3232.0 1336.0
3234.0 1332.0
3232.0 1333.0
3230.0 1334.0
3228.0 1330.0
3226.0 1326.0
3225.0 1331.0
3224.0 1336.0
3213.0 1336.0
3202.0 1336.0
3195.0 1331.0
3188.0 1326.0
3191.0 1324.0
3194.0 1322.0
3193.0 1317.0
3192.0 1312.0
3189.0 1314.0
3186.0 1316.0
3186.0 1313.0
3186.0 1310.0
3182.0 1308.0
3178.0 1306.0
3180.0 1304.0
3182.0 1302.0
3186.0 1304.0
3190.0 1306.0
3192.0 1303.0
3194.0 1300.0
3198.0 1311.0
3202.0 1322.0
3219.0 1322.0
3236.0 1322.0
3235.0 1316.0
3234.0 1310.0
3236.0 1309.0
3238.0 1308.0
3232.0 1305.0
3226.0 1302.0
3220.0 1304.0
3214.0 1306.0
3220.0 1299.0
3226.0 1292.0
3229.0 1291.0
3232.0 1290.0
3231.0 1293.0
3230.0 1296.0
3236.0 1296.0
3242.0 1296.0
3238.0 1292.0
3234.0 1288.0
3236.0 1285.0
3238.0 1282.0
3236.0 1279.0
3234.0 1276.0
3230.0 1278.0
3226.0 1280.0
3221.0 1275.0
3216.0 1270.0
3220.0 1264.0
3224.0 1258.0
3219.0 1260.0
3214.0 1262.0
3210.0 1259.0
3206.0 1256.0
3215.0 1253.0
3224.0 1250.0
3230.0 1255.0
3236.0 1260.0
3235.0 1257.0
3234.0 1254.0
3226.0 1248.0
3218.0 1242.0
3212.0 1243.0
3206.0 1244.0
3209.0 1245.0
3212.0 1246.0
3210.0 1250.0
3208.0 1254.0
3200.0 1251.0
3192.0 1248.0
3190.0 1244.0
3188.0 1240.0
3184.0 1242.0
3180.0 1244.0
3176.0 1237.0
3172.0 1230.0
3170.0 1231.0
3168.0 1232.0
3164.0 1227.0
3160.0 1222.0
3156.0 1224.0
3152.0 1226.0
3147.0 1219.0
3142.0 1212.0
3140.0 1213.0
3138.0 1214.0
3131.0 1209.0
3124.0 1204.0
3122.0 1205.0
3120.0 1206.0
3124.0 1210.0
3128.0 1214.0
3129.0 1220.0
3130.0 1226.0
3130.0 1230.0
3130.0 1234.0
3127.0 1236.0
3124.0 1238.0
3126.0 1240.0
3128.0 1242.0
3129.0 1240.0
3130.0 1238.0
3134.0 1245.0
3138.0 1252.0
3133.0 1253.0
3128.0 1254.0
3127.0 1251.0
3126.0 1248.0
3123.0 1248.0
3120.0 1248.0
3125.0 1254.0
3130.0 1260.0
3128.0 1266.0
3126.0 1272.0
3118.0 1270.0
3110.0 1268.0
3103.0 1270.0
3096.0 1272.0
3093.0 1268.0
3090.0 1264.0
3085.0 1268.0
3080.0 1272.0
3076.0 1268.0
3072.0 1264.0
3068.0 1266.0
3064.0 1268.0
3062.0 1266.0
3060.0 1264.0
3062.0 1262.0
3064.0 1260.0
3062.0 1257.0
3060.0 1254.0
3063.0 1252.0
3066.0 1250.0
3070.0 1254.0
3074.0 1258.0
3073.0 1254.0
3072.0 1250.0
3075.0 1247.0
3078.0 1244.0
3096.0 1247.0
3114.0 1250.0
3107.0 1242.0
3100.0 1234.0
3101.0 1231.0
3102.0 1228.0
3101.0 1232.0
3100.0 1236.0
3095.0 1238.0
3090.0 1240.0
3083.0 1234.0
3076.0 1228.0
3065.0 1226.0
3054.0 1224.0
3054.0 1229.0
3054.0 1234.0
3050.0 1237.0
3046.0 1240.0
3049.0 1246.0
3052.0 1252.0
3055.0 1252.0
3058.0 1252.0
3056.0 1254.0
3054.0 1256.0
3056.0 1261.0
3058.0 1266.0
3054.0 1265.0
3050.0 1264.0
3041.0 1253.0
3032.0 1242.0
3028.0 1243.0
3024.0 1244.0
3021.0 1241.0
3018.0 1238.0
3021.0 1241.0
3024.0 1244.0
3022.0 1246.0
3020.0 1248.0
3015.0 1247.0
3010.0 1246.0
3008.0 1250.0
3006.0 1254.0
3002.0 1251.0
2998.0 1248.0
2995.0 1240.0
2992.0 1232.0
2988.0 1231.0
2984.0 1230.0
2983.0 1232.0
2982.0 1234.0
2980.0 1232.0
2978.0 1230.0
2978.0 1236.0
2978.0 1242.0
2974.0 1244.0
2970.0 1246.0
2967.0 1244.0
2964.0 1242.0
2962.0 1245.0
2960.0 1248.0
2965.0 1247.0
2970.0 1246.0
2977.0 1256.0
2984.0 1266.0
2985.0 1268.0
2986.0 1270.0
2983.0 1273.0
2980.0 1276.0
2977.0 1274.0
2974.0 1272.0
2975.0 1275.0
2976.0 1278.0
2982.0 1282.0
2988.0 1286.0
2992.0 1285.0
2996.0 1284.0
3000.0 1290.0
3004.0 1296.0
3010.0 1295.0
3016.0 1294.0
3018.0 1296.0
3020.0 1298.0
3015.0 1304.0
3010.0 1310.0
3010.0 1318.0
3010.0 1326.0
3013.0 1332.0
3016.0 1338.0
3008.0 1339.0
3000.0 1340.0
2995.0 1351.0
2990.0 1362.0
2985.0 1358.0
2980.0 1354.0
2979.0 1357.0
2978.0 1360.0
2976.0 1357.0
2974.0 1354.0
2973.0 1356.0
2972.0 1358.0
2964.0 1355.0
2956.0 1352.0
2955.0 1356.0
2954.0 1360.0
2951.0 1361.0
2948.0 1362.0
2946.0 1357.0
2944.0 1352.0
2939.0 1352.0
2934.0 1352.0
2933.0 1348.0
2932.0 1344.0
2926.0 1343.0
2920.0 1342.0
2921.0 1345.0
2922.0 1348.0
2920.0 1349.0
2918.0 1350.0
2926.0 1353.0
2934.0 1356.0
2936.0 1361.0
2938.0 1366.0
2934.0 1369.0
2930.0 1372.0
2928.0 1370.0
2926.0 1368.0
2917.0 1370.0
2908.0 1372.0
2912.0 1377.0
2916.0 1382.0
2914.0 1385.0
2912.0 1388.0
2906.0 1388.0
2900.0 1388.0
2898.0 1386.0
2896.0 1384.0
2898.0 1380.0
2900.0 1376.0
2894.0 1372.0
2888.0 1368.0
2876.0 1371.0
2864.0 1374.0
2853.0 1372.0
2842.0 1370.0
2831.0 1372.0
2820.0 1374.0
2819.0 1370.0
2818.0 1366.0
2815.0 1365.0
2812.0 1364.0
2815.0 1362.0
2818.0 1360.0
2816.0 1358.0
2814.0 1356.0
2808.0 1354.0
2802.0 1352.0
2797.0 1355.0
2792.0 1358.0
2791.0 1356.0
2790.0 1354.0
2792.0 1360.0
2794.0 1366.0
2797.0 1365.0
2800.0 1364.0
2805.0 1368.0
2810.0 1372.0
2810.0 1380.0
2810.0 1388.0
2815.0 1393.0
2820.0 1398.0
2821.0 1405.0
2822.0 1412.0
2809.0 1414.0
2796.0 1416.0
2789.0 1413.0
2782.0 1410.0
2779.0 1413.0
2776.0 1416.0
2783.0 1422.0
2790.0 1428.0
2786.0 1434.0
2782.0 1440.0
2788.0 1440.0
2794.0 1440.0
2801.0 1446.0
2808.0 1452.0
2802.0 1453.0
2796.0 1454.0
2793.0 1459.0
2790.0 1464.0
2795.0 1468.0
2800.0 1472.0
2807.0 1473.0
