2804.0 1468.0
2822.129605015846 1467.8712312414305
2835.5061400211284 1467.1616416552408
2844.1296050158467 1465.871231241431
2848.0 1464.0
2847.1173249735893 1461.5479479309488
2841.4815799366143 1458.5150750342773
2835.105044931331 1454.224664620467
2832.0 1448.0
2832.166445142618 1439.8410811728759
2835.6043803591865 1429.7479081390957
2840.240125396162 1420.7807810357674
2844.0 1416.0
2846.8840041707003 1415.4055650317935
2848.892137908263 1418.9974761311478
2852.4542026916943 1424.0906491649284
2860.0 1428.0
2871.5295298331803 1430.7255286363627
2887.042792191235 1432.2672350740165
2901.034658453673 1432.6753239746622
2908.0 1432.0
2907.9388168302185 1430.2412631500301
2900.851108944328 1427.3991134247528
2891.3378465862734 1423.857406987099
2884.0 1420.0
2878.8375691855085 1415.8268924634554
2875.8505541427985 1411.3380843774657
2877.9382620286897 1407.180234102743
2888.0 1404.0
2906.035768056731 1401.7973820692366
2932.045566198881 1400.5723803104524
2958.0325812415904 1399.0611883964423
2976.0 1396.0
2985.947822474109 1391.3888151211256
2987.8760486639176 1385.2276337598194
2987.8662505217676 1380.4526355186035
2992.0 1380.0
3000.2772970986152 1383.8697272040097
3012.6981418176138 1392.0618171306319
3025.769915627805 1400.2229984919381
3036.0 1404.0
3043.388394934199 1403.3928216548175
3047.9351004304026 1398.4014634563905
3051.514255711404 1393.209373529768
3056.0 1392.0
3061.3923332961895 1394.7733428670858
3067.6912555999734 1401.529402131026
3074.1445501037706 1408.520760329453
3080.0 1412.0
3085.257605288663 1411.967121142667
3089.9173659697585 1408.422123757454
3093.618443665975 1404.666064493514
3096.0 1404.0
3097.062034971834 1406.423930276912
3096.8045485814755 1411.93785532425
3097.14478790038 1417.482852709463
3100.0 1420.0
3105.3701848803357 1419.4892971958614
3113.255342541386 1415.9507442970469
3120.512828931744 1411.436819249709
3124.0 1408.0
3123.7168557461537 1405.6402865479204
3119.6633961702055 1404.3576788934697
3114.778238509155 1402.8962317922844
3112.0 1400.0
3111.3286806427423 1395.6689835166171
3112.764280437381 1389.903182342135
3116.817740013329 1385.1857899965855
3124.0 1384.0
3134.311060397393 1386.3458123523778
3147.7509212055083 1392.2232270537193
3160.3153214108697 1397.989028228201
3168.0 1400.0
3170.8049569729 1398.2561423691159
3168.7301923295695 1392.757455335549
3168.2903315214544 1386.8800406342077
3176.0 1384.0
3191.8591977652077 1384.1173334329262
3215.867924817077 1387.2320409329864
3237.942689460408 1389.7307279665533
3248.0 1388.0
3246.0398564358543 1382.0398570333268
3232.06225876797 1371.850299066533
3216.0535317161007 1360.7355915664727
3208.0 1352.0
3207.9016636196675 1345.6435243671149
3215.7585225751027 1341.6661646678172
3225.7361202429865 1338.8557226346106
3232.0 1336.0
3234.550161846143 1333.0989967639846
3233.3866057814157 1330.1527129265646
3230.5297468259805 1328.1300726258626
3228.0 1328.0
3225.797365303475 1329.7624950489774
3223.921842736405 1333.4175577727947
3221.0853988011327 1337.3638416102146
3216.0 1340.0
3208.6656463330073 1341.3260329421512
3199.082337800155 1341.3419404366678
3189.957860367225 1339.6868777128507
3184.0 1336.0
3181.20875669848 1330.2813072981157
3181.5841304626656 1322.530799607198
3185.167438995518 1315.5148921126813
3192.0 1312.0
3202.0818134761116 1311.986123269154
3215.4128794238522 1315.4732619201432
3228.0375056596667 1319.2237696110608
3236.0 1320.0
3239.300362444852 1317.801953086961
3237.9385929942214 1312.6296288719432
3233.6075270464808 1307.142490220954
3228.0 1304.0
3221.11601185478 1303.2021582090815
3212.955562610821 1304.7489648481983
3205.3173320614515 1305.921289063216
3200.0 1304.0
3197.0035664264688 1298.98509765855
3196.328031340856 1290.8765820388667
3198.4884805848155 1283.32977539975
3204.0 1280.0
3212.8625895864097 1280.8872558396174
3225.076249344044 1285.9915429186021
3235.7517844296563 1291.1000585382856
3240.0 1292.0
3237.8208960550755 1288.6913673037457
3229.214472594881 1281.174160449522
3220.0008128372465 1273.0698733705374
3216.0 1268.0
3217.2120340831416 1265.9645403379093
3223.6369150866703 1266.9634943842657
3227.243338546865 1266.480701238489
3220.0 1260.0
3201.9068994460786 1247.5213906687984
3172.9640368850983 1229.0448732448845
3143.539155881569 1212.0459191985283
3124.0 1204.0
3114.3465692403915 1204.9071156492996
3114.5788636027432 1214.7672661464273
3119.5217261637235 1227.2437835703413
3124.0 1236.0
3128.013685111574 1241.0359154354035
3131.5627814984446 1242.3515298765515
3134.3304871360933 1242.4913793794237
3136.0 1244.0
3136.5713200901655 1246.87739173828
3136.04444740659 1251.1235545942639
3134.4953510197192 1254.8079401531159
3132.0 1256.0
3128.5583943474335 1254.6997341349165
3124.170534062018 1250.9071425578657
3120.6974067455935 1247.6609797018818
3120.0 1248.0
3122.078313825238 1251.9242034522201
3126.932348221306 1259.4335900585422
3129.320208506721 1267.2261816355933
3124.0 1272.0
3110.9717227011424 1273.7550451517627
3090.2353766101487 1272.4913170908812
3068.3813422140806 1268.9819304845591
3052.0 1264.0
3041.0913499679077 1257.5455256372034
3035.655392117804 1249.6185073961701
3032.3917382087975 1242.8822354570514
3028.0 1240.0
3022.4801774914104 1240.9718010250156
3015.8322706830295 1245.797638532098
3009.268228533134 1250.7246567731318
3004.0 1252.0
3000.0275850836283 1249.623668212703
2997.3509837840184 1243.595661411241
2994.9988905923997 1236.7698239041583
2992.0 1232.0
2988.3543120068202 1229.286189698766
2984.0618266128604 1228.628393000456
2979.7384279124703 1229.6563998019183
2976.0 1232.0
2972.8465428754503 1235.6591935947013
2970.2780565388207 1240.633980586022
2969.570541932781 1246.2917772843318
2972.0 1252.0
2977.566430740479 1257.7586487330266
2986.2698341542173 1263.5677234834116
2993.8383204908464 1268.5929364920905
2996.0 1272.0
2992.754872681677 1273.7889140071395
2984.102938535878 1273.959678513509
2976.3995351221397 1274.150603763124
2976.0 1276.0
2982.9043331694584 1279.5078672241366
2997.112534630515 1284.6742054355338
3011.764468776314 1290.503440929164
3020.0 1296.0
3021.819128301573 1301.1638826480412
3017.221853681033 1305.9950888732878
3011.013652219976 1310.8287506618906
3008.0 1316.0
3008.180897021104 1321.5088368876166
3011.5563432832887 1327.3552613247398
3015.1536179038285 1332.5240550994931
3016.0 1336.0
3014.095489571803 1337.7830960262604
3009.4400866192373 1337.8733431782748
3004.0646403570527 1338.0269187411516
3000.0 1340.0
2997.246165548079 1343.7925869548203
2995.8031370012895 1349.4046796056123
2993.4585399538555 1355.3144324535983
2988.0 1360.0
2979.427517139723 1363.4613822448182
2967.7410913730237 1365.6985791880525
2955.184119919813 1366.0864865372605
2944.0 1364.0
2934.1887316135844 1359.4391195762712
2925.7503147605667 1352.4038452660736
2920.436740527265 1346.1666483228391
2920.0 1344.0
2924.4400931787713 1345.9039002975558
2933.7570200635782 1351.8783492155067
2942.1954369165965 1358.9136235257042
2944.0 1364.0
2939.170709313789 1367.1374786383944
2927.707564857964 1368.326059440887
2915.3906379731566 1369.3516105229364
2908.0 1372.0
2905.535650938494 1376.2712278720787
2907.9975907886383 1382.1652941391717
2911.460735244464 1386.976713336679
2912.0 1388.0
2909.6153850552478 1385.2351541291353
2904.3068904102065 1378.6821757240843
2895.844950560062 1371.7881094569912
2884.0 1368.0
2868.7720387300214 1367.3178473531107
2850.1610667501254 1369.7416515163231
2832.4695613951667 1372.294629921374
2820.0 1372.0
2812.752382564626 1368.857761752201
2810.726709089044 1362.867915177977
2810.33768106894 1356.4441110147645
2808.0 1352.0
2803.7136658822233 1349.5355821336834
2797.4786787156104 1349.0508574158152
2792.504352191192 1351.0407039900392
2792.0 1356.0
2795.965622142033 1363.928745445698
2804.401218617292 1374.826940327133
2813.6362057839056 1386.311665045001
2820.0 1396.0
2823.4926012655774 1403.8919451921295
2824.1140095806363 1409.9875006213892
2821.6784131053773 1414.0893057399546
2816.0 1416.0
2807.078770264505 1415.7195834015254
2794.9147238988917 1413.2480559445312
2783.2933155838327 1411.1525005152714
2776.0 1412.0
2773.0347771473935 1415.7905543987176
2774.397647026013 1422.5241637114236
2778.5616933916262 1429.995691168418
2784.0 1436.0
2790.7125668511335 1440.53709020617
2798.6993939450276 1443.6069617869273
2805.336524066408 1445.873352474221
2808.0 1448.0
2806.6898217458033 1449.986904364264
2801.4059893038184 1451.834065567013
2795.4191622099243 1453.7641939862556
2792.0 1456.0
2791.148502674045 1458.541483608247
2792.8646702320602 1461.3886448109956
2797.1485026740447 1464.5414836082466
