474 270
2775.413075163907 1203.4225909511879
3248.0 1472.3781362020072
1.0 1.0
2804.0 1468.0
2805.000000019089 1469.4397857905792
2806.0000000254518 1470.586381054106
2807.00000001909 1471.4397857905797
2808.0 1472.0
2808.9999999681845 1472.2670236823674
2809.999999923643 1472.2408568376818
2810.9999999172796 1472.0942615741556
2812.0 1472.0
2813.0000001718035 1471.9580721152154
2814.0000004326907 1471.9684779198021
2815.0000004772323 1471.9946447644877
2816.0 1472.0
2816.9999990009937 1471.9845436263386
2817.999997480213 1471.948275643504
2818.999997219326 1471.9378698389173
2820.0 1472.0
2821.000005822236 1472.1346661267517
2822.000014686033 1472.3418682191725
2823.0000162068136 1472.3781362020072
2824.0 1472.0
2824.9999660655926 1471.207459613151
2825.999914403591 1470.0005150414604
2826.999905539794 1468.7933129490395
2828.0 1468.0
2829.0001977842094 1467.620576194342
2830.0004988924215 1467.6550415320653
2831.000550554423 1467.8619861037562
2832.0 1468.0
2832.998847229152 1468.0690832207974
2833.9970922418797 1468.069235766148
2834.9967911336676 1468.0347704284247
2836.0 1468.0
2837.0067188408766 1467.9649244808738
2838.0169476562987 1467.9295438710467
2839.018702643571 1467.929391325696
2840.0 1468.0
2840.960839725586 1468.1413698939587
2841.901221820328 1468.3535010075716
2842.890993004906 1468.388881617399
2844.0 1468.0
2845.228242805609 1467.1868561553752
2846.575721421734 1465.9494500835242
2847.635339326992 1464.737318969911
2848.0 1464.0
2847.6697034407575 1463.7374931737909
2846.644449649265 1463.949798491284
2845.2969710331404 1464.1872045631349
2844.0 1464.0
2842.753536549845 1463.3881848018796
2841.5575806826746 1462.3517589687729
2840.582834474167 1461.1394536512798
2840.0 1460.0
2839.8090772601727 1458.9333980149333
2840.010066254686 1457.9396476960796
2840.206022121856 1456.9760735291861
2840.0 1456.0
2839.391999889118 1455.0114271085215
2838.3820217892094 1454.0103548547504
2837.181032794696 1453.004105173604
2836.0 1452.0
2834.838923405121 1450.998039333938
2833.697803010059 1449.9982231754184
2832.7077811099675 1448.9992954291897
2832.0 1448.0
2831.5744596801574 1447.0003368878495
2831.4311601504387 1446.0003060927384
2831.5722805455007 1445.000122251258
2832.0 1444.0
2832.7143185139375 1442.9999393389642
2833.715236087313 1441.9999402681506
2834.8585356170315 1440.999971063262
2836.0 1440.0
2837.139629236219 1439.0000270783655
2838.277423325688 1438.0000522983582
2839.2765057523125 1437.0000513691718
2840.0 1436.0
2840.447906068751 1434.9998981908432
2840.6202239585646 1433.9997459417011
2840.4824298690964 1432.9997207217084
2840.0 1432.0
2839.1729343512766 1431.0005837765757
2838.0012329229253 1430.0014720514353
2836.8289150331116 1429.0016243005773
2836.0 1428.0
2835.5144878235906 1426.9965991497036
2835.372378503884 1425.991421749688
2835.5440799322355 1424.9905334748285
2836.0 1424.0
2836.7401387071786 1423.0198213252029
2837.76449605377 1422.0499974504369
2838.906605373477 1421.0551748504524
2840.0 1420.0
2841.0446799333395 1418.8844728990794
2842.0406451734952 1417.708593547691
2843.016287826904 1416.678417422457
2844.0 1416.0
2844.9917816927846 1415.6733412803208
2845.9916329052576 1415.6984412634188
2846.995667665102 1415.8743206148072
2848.0 1416.0
2849.004629909953 1416.0754794189968
2850.0095573949607 1416.1007588717976
2851.0097061824877 1416.0756588886998
2852.0 1416.0
2852.980438847497 1415.8737822056987
2853.9510227249802 1415.6970055057955
2854.9460952399722 1415.6717260529947
2856.0 1416.0
2857.1127370050617 1416.681827346812
2858.2843062551574 1417.7172080934301
2859.313722377675 1418.8939847933334
2860.0 1420.0
2860.3431391221325 1421.0352537134308
2860.343139744073 1421.9997459336248
2860.171570493977 1422.9643651870065
2860.0 1424.0
2859.828428262142 1425.1066503726051
2859.6568552804038 1426.2843163048221
2859.656854658463 1427.319824084628
2860.0 1428.0
2860.6862913050145 1428.3248440509387
2861.7157285735066 1428.2943562374435
2862.887301555245 1428.1166903052267
2864.0 1428.0
2865.0538239077714 1427.944285321764
2866.0487732785587 1427.949546270518
2867.0193360100666 1427.9800340840131
2868.0 1428.0
2868.99076524836 1428.009444018478
2869.991631755144 1428.0083661394478
2870.996682384357 1428.0031051906938
2872.0 1428.0
2873.001584602073 1427.9990505673675
2874.0014361905764 1428.0002568927957
2875.0005696837916 1428.001334771826
2876.0 1428.0
2876.999727139202 1427.996252577318
2877.999751101397 1427.9900925037796
2878.999899512894 1427.9888861783513
2880.0 1428.0
2881.000052562715 1428.0234339687263
2882.00005720104 1428.059188084529
2883.0000332388445 1428.0653481580673
2884.0 1428.0
2884.999957484507 1427.8631436103267
2885.9999056923634 1427.6547789890476
2886.999901054039 1427.6190248732448
2888.0 1428.0
2889.0002025302465 1428.7977043693138
2890.000508644779 1430.0121379811858
2891.0005604369217 1431.220502602465
2892.0 1432.0
2892.998827334014 1432.3506301737912
2893.997042438964 1432.272393123838
2894.996736324432 1432.057959511966
2896.0 1432.0
2897.006833465669 1432.0985145879401
2898.017236721438 1432.3535032757864
2899.0190216164883 1432.4317403257396
2900.0 1432.0
2900.9601718719723 1431.0582822985675
2901.899537232406 1429.6065872214426
2902.889133976637 1428.3515985335962
2904.0 1428.0
2905.232135302496 1428.5517916206536
2906.585539884124 1430.0069733955575
2907.6461745236907 1431.4586684726823
2908.0 1432.0
2907.647016313053 1431.6309679775104
2906.5872234628496 1430.3515724052136
2905.233818881221 1428.8963906303097
2904.0 1428.0
2902.885766819187 1427.6624005142842
2901.891119338782 1427.8835921731625
2900.950912188986 1428.1629877454595
2900.0 1428.0
2899.038382771825 1427.394628936784
2898.0660605044604 1426.346874555812
2897.060707984866 1425.1256828969338
2896.0 1424.0
2894.883936549864 1422.9698258650108
2893.7125176344566 1422.0351604919658
2892.6848399018213 1421.0829148729379
2892.0 1420.0
2891.6579979289936 1418.7864158731518
2891.6588336888017 1417.442162492393
2891.830252604209 1416.376827865438
2892.0 1416.0
2892.168075876176 1416.3116788960792
2892.3344802327356 1417.3118645536756
2892.3336444729275 1418.6561179344344
2892.0 1420.0
2891.3335468139526 1421.343510750373
2890.3342849147857 1422.6866501855534
2889.167880558226 1423.6864645279568
2888.0 1424.0
2886.8306432401073 1423.6272566016826
2885.659810278549 1422.5682343330045
2884.6590721777156 1421.2250948978242
2884.0 1420.0
2883.682593745402 1418.8929496395317
2883.706853413921 1417.9039438164193
2883.87768637548 1416.9629660850974
2884.0 1416.0
2884.0737942874807 1415.0150455611276
2884.0990692379232 1414.0081027684796
2884.074809569404 1412.9971085915922
2884.0 1412.0
2883.8746405297115 1411.0167769937038
2883.698731158538 1410.0474395727028
2883.673456208096 1409.0543823653509
2884.0 1408.0
2884.6783625342505 1406.8842924766507
2885.7085438108465 1405.707259795303
2886.88445318202 1404.6765972163037
2888.0 1404.0
2889.0551842647883 1403.6774681463926
2890.050005976384 1403.709001655481
2891.0198246997875 1403.8860343368287
2892.0 1404.0
2892.9905318770216 1404.0508986449945
2893.9914203308517 1404.0387302718123
2894.9965986192565 1404.0071967627239
2896.0 1404.0
2897.0016244730828 1404.0171399836406
2898.0014720385043 1404.0586167136457
2899.000583584674 1404.070785086828
2900.0 1404.0
2900.9997212844823 1403.8462614531618
2901.9997474381216 1403.6095694463136
2902.9998998726996 1403.5680927163087
2904.0 1404.0
2905.0000478200227 1404.9052912973887
2906.0000433327677 1406.2839666084737
2907.0000171791285 1407.520658615322
2908.0 1408.0
2908.999991795381 1407.7219907625079
2909.999992565273 1406.6866309028453
2910.999997052528 1405.3079555917602
2912.0 1404.0
2913.00000140769 1402.762764127565
2914.0000012755972 1401.5962479744553
2915.000000505706 1400.6316078341179
2916.0 1400.0
2916.999999758482 1399.701424472102
2917.999999781149 1399.7358812504235
2918.999999913242 1399.9023974035333
2920.0 1400.0
2921.0000000414234 1400.0286890398231
2922.000000037512 1399.9884645230031
2923.0000000148443 1399.9540077446816
2924.0 1400.0
2924.999999992979 1400.126441288959
2925.999999993781 1400.3333316115582
2926.999999997692 1400.3735561283784
2928.0 1400.0
2929.000000000704 1399.2126632264235
2929.9999999998035 1398.0115458076484
2930.9999999990023 1396.804655485049
2932.0 1396.0
2933.0000000027976 1395.5975793525008
2934.000000007396 1395.5973935425523
2935.000000008296 1395.7985109613273
2936.0 1396.0
2936.9999999825095 1396.2018606585707
2937.9999999558236 1396.404092937039
2938.999999951226 1396.404278746988
2940.0 1396.0
2941.0000001021476 1395.1912566960755
2942.000000257667 1393.978048835214
2943.0000002843526 1392.7758165567454
2944.0 1392.0
2944.999999404608 1391.6505991649776
2945.999998498177 1391.7276140516778
2946.9999983426574 1391.9408219125391
2948.0 1392.0
2949.0000034702043 1391.9051483140604
2950.00000875327 1391.6562668547203
2951.000009659701 1391.5792519680201
2952.0 1392.0
2952.999979774167 1392.9185109506604
2953.9999489822017 1394.3347848200012
2954.9999436991357 1395.5836662793415
2956.0 1396.0
2957.0001178847956 1395.5837859819774
2958.000297353522 1394.335024225273
2959.000328145487 1392.9187503559324
2960.0 1392.0
2960.9993129170607 1391.578773157477
2961.9982668966686 1391.6550698283622
2962.9980874279427 1391.9038315850667
2964.0 1392.0
2965.004004612841 1391.943575073163
2966.0101012664654 1391.7345568045548
2967.011147286857 1391.6582601336697
2968.0 1392.0
2968.9766594058938 1392.7597764035468
2969.9411255045384 1393.9375893443091
2970.935028850914 1395.1466076129173
2972.0 1396.0
2973.136038951797 1396.4977665055583
2974.3431457063043 1396.6399071295914
2975.3786796076597 1396.4620941888288
2976.0 1396.0
2976.2071068833247 1395.2536245631045
2976.000000257634 1394.2229678781428
2975.792893503127 1393.0808272541094
2976.0 1392.0
2976.6213197482557 1390.980486115814
2977.6568527478917 1390.0222856015519
2978.863959373582 1389.0529422865136
2980.0 1388.0
2981.0649746271442 1386.8634587420106
2982.0588832550156 1385.6433185125456
2983.023350255379 1384.601519026808
2984.0 1384.0
2984.988832488878 1383.8387614321218
2985.989847722013 1384.1178033231736
2986.995939094142 1384.3379435526385
2988.0 1384.0
2989.002030439588 1383.1039726652584
2990.0020304129052 1381.6498615484134
2991.0010151797705 1380.3708196573616
2992.0 1380.0
2992.998984873597 1380.5374025763283
2993.997969800558 1381.9830273863467
2994.997969827241 1383.4371385031918
2996.0 1384.0
2997.0040603188363 1383.6716118767713
2998.010150783748 1382.451974133506
2999.0111658567866 1381.0063493234875
3000.0 1380.0
3000.97665321339 1379.432926163043
3001.9411254969546 1379.305127812617
3002.935035032043 1379.5247655558826
3004.0 1380.0
3005.136020400828 1380.7308311449701
3006.3430962345255 1381.717258990792
3007.3786239509604 1382.8450573412183
3008.0 1384.0
3008.207224381645 1385.1820869671378
3008.0002970958944 1386.3913182426313
3007.7932212621968 1387.4048903968094
3008.0 1388.0
3008.620633309304 1388.1766470522034
3009.6551211901096 1387.9348315534194
3010.8620484758603 1387.7256002779259
3012.0 1388.0
3013.06897576253 1388.7580307196417
3014.06897576345 1389.9996924368513
3015.0344878826445 1391.2415079356351
3016.0 1392.0
3016.965512115517 1392.2751686299455
3017.931024229194 1392.067013825472
3018.9310242282745 1391.8253521082625
3020.0 1392.0
3021.13795154437 1392.5909575006847
3022.3448788613855 1393.5982246103163
3023.379366747708 1394.8063794147897
3024.0 1396.0
3024.2067786182615 1397.1790863659471
3023.999702602492 1398.3436385126308
3023.7927752854766 1399.3363714029992
3024.0 1400.0
3024.621376746062 1400.3345243036338
3025.6569055236623 1400.3399443138999
3026.8639815394313 1400.1753921672162
3028.0 1400.0
3029.064960905369 1399.8137678122516
3030.0588642555367 1399.616695603971
3031.0233354779366 1399.611275593705
3032.0 1400.0
3032.988857821728 1400.7828688228565
3033.989908943119 1401.959882062274
3034.996005592951 1403.1569542705543
3036.0 1404.0
3037.0018921642663 1404.48901925061
3038.00168208575 1404.6240120223852
3039.0006309643586 1404.4469987829675
3040.0 1404.0
3040.999789192677 1403.2830156734822
3041.9999985423865 1402.2960458034145
3043.0002086209033 1401.1610530316395
3044.0 1400.0
3044.9993726796774 1398.8128867084968
3045.998326659935 1397.5997131571291
3046.998117310225 1396.586683027197
3048.0 1396.0
3049.0039747292594 1395.8396640755384
3050.0100414980034 1396.1056752538118
3051.011087517746 1396.3188488051792
3052.0 1396.0
3052.976778944767 1395.1491288382736
3053.941424352045 1393.7662353200005
3054.935357583301 1392.500224141727
3056.0 1392.0
3057.135351602142 1392.2655628948196
3058.3414123897273 1393.2969128261855
3059.3767669824483 1394.6798063444585
3060.0 1396.0
3060.2111114423806 1397.25749379281
3060.0101013095905 1398.4522877228878
3059.8040405220054 1399.4209377915222
3060.0 1400.0
3060.5979797435753 1400.1894743483224
3061.5979797527307 1399.9893608364887
3062.7989898855203 1399.7945669064106
3064.0 1400.0
3065.201010096169 1400.6056601172572
3066.4020201740273 1401.6115472581823
3067.402020164872 1402.8116607700158
3068.0 1404.0
3068.195959679412 1405.1765649481345
3067.9898992031067 1406.341355614419
3067.7888891252483 1407.335468473494
3068.0 1408.0
3068.6232318273615 1408.3349501939365
3069.658584607333 1408.340319055304
3070.864645083638 1408.1755283890195
3072.0 1408.0
3073.06464935642 1407.8137338882457
3074.058593152897 1407.6167300537566
3075.023240372926 1407.611361192389
3076.0 1408.0
3076.988872034119 1408.7826464765894
3077.989856475284 1409.9593006221571
3078.9959126788067 1411.1563044566462
3080.0 1412.0
3081.0021184388643 1412.4903872522182
3082.002267995399 1412.6274662133005
3083.0012835542343 1412.4508120677328
3084.0 1412.0
3084.9984173326957 1411.275030010102
3085.996535552322 1410.2759020980388
3086.996385995787 1409.1388231369565
3088.0 1408.0
3089.007377564961 1406.8594326871698
3090.018518690671 1405.717121198466
3091.020400471045 1404.7162491105291
3092.0 1404.0
3092.9573172775354 1403.568373866879
3093.8923523036524 1403.4213707111658
3094.8812111779425 1403.5636821998698
3096.0 1404.0
3097.2487187698243 1404.7303241115567
3098.627367487415 1405.7546545345397
3099.6923324612985 1406.901657690253
3100.0 1408.0
3099.55037010352 1409.0496814637816
3098.3434427718585 1410.050702081597
3096.964794054268 1411.026371658614
3096.0 1412.0
3095.4490606090567 1412.9715871057547
3095.311975881436 1413.9411329758786
3095.5189032130975 1414.940112358063
3096.0 1416.0
3096.7552662421435 1417.1207959016895
3097.7847019395276 1418.3025000631312
3098.921786667148 1419.3329541930075
3100.0 1420.0
3101.0193419380835 1420.3036374841085
3101.9798124813983 1420.243866645334
3102.950376784014 1420.0621624838923
3104.0 1420.0
3105.128682129356 1420.0573791936572
3106.336423172083 1420.2343000648639
3107.375952628768 1420.2940709036386
3108.0 1420.0
3108.20856528578 1419.352087353948
3108.001648486106 1418.3503329654827
3107.79390744338 1417.173412094276
3108.0 1416.0
3108.6199261559673 1414.8300966826546
3109.653685911281 1413.6637021422398
3110.860602710955 1412.6654565307051
3112.0 1412.0
3113.071877778417 1411.667332550125
3114.0762360462054 1411.6674541810794
3115.0424762908915 1411.833848721494
3116.0 1412.0
3116.948807173532 1412.1659080165969
3117.8888978114855 1412.3315727712852
3118.884539543697 1412.3314511403307
3120.0 1412.0
3121.235279180395 1411.3372193502928
3122.590377084881 1410.3431091912094
3123.6502864469267 1409.1774444365215
3124.0 1408.0
3123.639517744102 1406.810775881646
3122.568839679231 1405.6097720814587
3121.213741774745 1404.6038822405421
3120.0 1404.0
3118.9276143549973 1403.798125359832
3117.996584839736 1403.9982583200385
3117.067262904606 1404.1992621202257
3116.0 1404.0
3114.7947961259165 1403.4004719593613
3113.451651282356 1402.40067799831
3112.3826807976175 1401.2005450381034
3112.0 1400.0
3112.3036088895033 1398.7990428839994
3113.2935074661277 1397.597673690102
3114.636652309688 1396.5974676511535
3116.0 1396.0
3117.3835505370625 1395.805270736642
3118.787303920876 1396.013279861079
3119.7974053442517 1396.2146490549767
3120.0 1396.0
3119.3950878881205 1395.3693326961502
3117.982669008614 1394.3226471434264
3116.5789156248 1393.1146380189894
3116.0 1392.0
3116.2459221342137 1390.9787330864579
3117.3166820274414 1390.0508372783634
3118.729100906948 1389.0975228310872
3120.0 1388.0
3121.1293793065965 1386.7582687851018
3122.1172388267382 1385.3723291863923
3123.046478933511 1384.3002249944868
3124.0 1384.0
3124.977802026206 1384.4716542029319
3125.9798850121288 1385.7151876032824
3126.992025491987 1387.1011272019919
3128.0 1388.0
3129.0038085361666 1388.4118059973075
3130.0034511004887 1388.3365451939135
3131.001368114566 1388.093011793563
3132.0 1388.0
3132.999346756792 1388.0575098132247
3133.9994083849406 1388.265541233237
3134.999765820619 1388.3408020366307
3136.0 1388.0
3137.0001109230825 1387.243135123345
3138.000098589868 1386.0702074066655
3139.000036961719 1384.8621759866533
3140.0 1384.0
3140.999987704711 1383.4836794467055
3142.000000075852 1383.31321432677
3143.000012409067 1383.4861420434495
3144.0 1384.0
3144.999962848653 1384.8547881964216
3145.999900955024 1386.0505066327141
3146.999888583883 1387.2209717526496
3148.0 1388.0
3149.0002352033753 1388.3875913747656
3150.0005941940085 1388.3837458769458
3151.0006560876373 1388.1880274406533
3152.0 1388.0
3152.998625931097 1387.8196635549857
3153.9965338809275 1387.6470181056106
3154.9961748902947 1387.6508636034303
3156.0 1388.0
3157.008009210045 1388.6944272953199
3158.020202520429 1389.73414548939
3159.0222945705987 1390.906790938765
3160.0 1392.0
3160.953318808634 1393.0137726730948
3161.8822509965003 1393.9481089580493
3162.8700576861165 1394.908390763979
3164.0 1396.0
3165.272077938151 1397.2229366661118
3166.6862915005704 1398.5772007623145
3167.7573593127045 1399.64286447736
3168.0 1400.0
3167.4142135624575 1399.648607330234
3166.0000000000764 1398.5886864680624
3164.585786437657 1397.2344223718594
3164.0 1396.0
3164.2426406871054 1394.8854193524835
3165.313708498972 1393.8906804293106
3166.7279220613527 1392.9506012914821
3168.0 1392.0
3169.129942314914 1391.038876554864
3170.1177490060936 1390.067230956074
3171.046681194227 1389.061969879247
3172.0 1388.0
3172.977705423413 1386.8813213183337
3173.979797464466 1385.7059338342472
3174.9919907732865 1384.6775794330374
3176.0 1384.0
3177.0038251446076 1383.6731955351358
3178.003466207109 1383.6971660384445
3179.0013741660555 1383.8725535225308
3180.0 1384.0
3180.9993437089415 1384.079505470852
3181.9994052928805 1384.1110699350866
3182.9997642303797 1384.087099431778
3184.0 1384.0
3185.000112601744 1383.849771639753
3186.000102035609 1383.6364143510368
3187.00004045167 1383.6048498868022
3188.0 1384.0
3188.9999806805995 1384.8218646906307
3189.9999824934685 1386.070443958694
3190.999993059603 1387.2838012474103
3192.0 1388.0
3193.00000331466 1388.219040216463
3194.0000030035826 1387.9409218967994
3195.000001190714 1387.6923426287362
3196.0 1388.0
3196.999999431441 1388.8638940105911
3197.999999485037 1390.2840246605092
3198.9999997961145 1391.5621429801731
3200.0 1392.0
3201.000000096695 1391.5975957199912
3202.0000000861983 1390.3549301401458
3203.0000000326027 1388.9347994902278
3204.0 1388.0
3204.9999999883894 1387.5505316694628
3205.9999999977717 1387.5863944986163
3207.0000000082678 1387.8290600784615
3208.0 1388.0
3208.9999999729675 1388.0992142632317
3209.999999927171 1388.1267028681568
3210.9999999177885 1388.0908400390033
3212.0 1388.0
3213.0000001738053 1387.8541827511467
3214.000000439204 1387.6533882924434
3215.000000485001 1387.6258996875185
3216.0 1388.0
3216.999998984201 1388.7756892298883
3217.999997437604 1389.952967377183
3218.9999971722054 1391.1537618358866
3220.0 1392.0
3221.0000059209888 1392.4916818695235
3222.0000149351713 1392.6288074444574
3223.0000164817684 1392.4515292971626
3224.0 1392.0
3224.999965489868 1391.27421955297
3225.999912951371 1390.2741879560722
3226.999903937188 1389.1370623811383
3228.0 1388.0
3229.0002011398074 1386.863000812657
3230.000507356608 1385.7260648191098
3231.000559895105 1384.7260964160075
3232.0 1384.0
3232.9988276712925 1383.5477755710874
3233.9970429089826 1383.3694231292698
3234.9967366921815 1383.5063591228172
3236.0 1384.0
3237.0068328324382 1384.8503457608185
3238.017235189496 1386.0573964052724
3239.019019951806 1387.23574884709
3240.0 1388.0
3240.9601753340794 1388.350149864002
3241.899545954043 1388.2861984390966
3242.889143596985 1388.0791477946427
3244.0 1388.0
3245.232115163089 1388.0487550551686
3246.5854890862506 1388.2254129601483
3247.646118466287 1388.2893643850541
3248.0 1388.0
3247.64713368739 1387.3573198049862
3246.587519528456 1386.361323800013
3245.2341456052945 1385.184665895033
3244.0 1384.0
3242.8850827125734 1382.8073261149138
3241.889393743015 1381.6066442397746
3240.9490079019483 1380.6026402447478
3240.0 1380.0
3239.0423700371703 1379.7987235055311
3238.0761180134596 1379.9988107613412
3237.0718069830186 1380.1994926364807
3236.0 1380.0
3234.860697064404 1379.4003328518993
3233.6538981762315 1378.4004911921784
3232.6201501999426 1377.2004039363685
3232.0 1376.0
3231.7934475764046 1374.7992793830736
3232.000492929155 1373.5982420855887
3232.207291817328 1372.5980837453096
3232.0 1372.0
3231.378617477172 1371.8039908496605
3230.3431442488427 1372.0100562942907
3229.1360988960923 1372.2110935917756
3228.0 1372.0
3226.9348475605657 1371.376775518964
3225.9406415777894 1370.341420148667
3224.9761148061184 1369.1353547040371
3224.0 1368.0
3223.0122971594337 1366.9353560365566
3222.0130062844196 1365.9414228137061
3221.007212267196 1364.976778184003
3220.0 1364.0
3218.9913694828324 1363.0110882616978
3217.9813207156926 1362.010042969096
3216.980611590707 1361.0039761919463
3216.0 1360.0
3215.0394859435737 1358.9981143932575
3214.099069421427 1357.9983193717187
3213.1091181885663 1356.9993646643206
3212.0 1356.0
3210.771714855727 1355.000225378757
3209.4242627557483 1354.0000408005917
3208.364679277895 1352.9998358221305
3208.0 1352.0
3208.3302249220633 1351.0005333342
3209.3553540440844 1350.0014358247306
3210.7028061440633 1349.0016204028957
3212.0 1348.0
3213.2469356118936 1346.9965746160428
3214.443612979745 1345.9913442510242
3215.418483857723 1344.9904417604937
3216.0 1344.0
3216.188161406574 1343.0200189695433
3215.9829680774465 1342.050498669124
3215.7862907095955 1341.0557290341421
3216.0 1340.0
3216.624095948661 1338.8833115666966
3217.658578555577 1337.705663734233
3218.8637718847053 1336.6751840346524
3220.0 1336.0
3221.0672629014625 1335.6801116302754
3222.065560589092 1335.715518925479
3223.0310779821757 1335.893166757943
3224.0 1336.0
3224.9723266425663 1336.0360186516507
3225.9480579098736 1336.0012227128943
3226.9497602222436 1335.9658154176907
3228.0 1336.0
3229.0987772431426 1336.1037764598216
3230.24609195167 1336.2771447971554
3231.2703606843634 1336.3119407359118
3232.0 1336.0
3232.4350098985815 1335.3413225894205
3232.575390380107 1334.335908504173
3232.428075671579 1333.162540166839
3232.0 1332.0
3231.2911633653703 1330.848288003656
3230.3015657676906 1329.7074041778071
3229.161185286165 1328.7128182630545
3228.0 1328.0
3226.818009909196 1327.5689493886432
3225.6152150137523 1327.4196664289843
3224.604812611432 1327.5605502548333
3224.0 1328.0
3223.8007771794555 1328.7380156644845
3224.007144149798 1329.7745972482867
3224.2099390452418 1330.9238802079456
3224.0 1332.0
3223.377327014072 1333.0029566244498
3222.3419200874587 1333.9327500812956
3221.1355531171157 1334.8961684974931
3220.0 1336.0
3218.935260736111 1337.2442445888157
3217.94133532545 1338.6289022639405
3216.9767422520636 1339.699108807095
3216.0 1340.0
3215.01110856926 1339.5315758426552
3214.0100679598436 1338.2938363350609
3213.0039933705048 1336.909178659936
3212.0 1336.0
3210.998087848328 1335.5663003552525
3209.998256915489 1335.6080797256932
3208.999297524906 1335.8458192332876
3208.0 1336.0
3207.0003643407717 1336.0706220258307
3206.00039054722 1336.0576853107796
3205.0002214800584 1336.0159059403388
3204.0 1336.0
3202.999726107043 1336.0099674897635
3201.9993998011896 1336.045808409629
3200.9993735947414 1336.0587451246804
3200.0 1336.0
3199.0012790169667 1335.8695730355887
3198.00321064564 1335.667464231446
3197.003536951494 1335.6316233115806
3196.0 1336.0
3194.99259979116 1336.7725942967045
3193.981336324972 1337.9494062016943
3192.9794046962984 1339.151515005837
3192.0 1340.0
3191.0431222360785 1340.4948611841835
3190.1087714045325 1340.6360985583876
3189.1200348707202 1340.459286653398
3188.0 1340.0
3186.7486667923713 1339.258238598194
3185.3660352478346 1338.23400244798
3184.30038607938 1337.0927650737758
3184.0 1336.0
3184.464877009693 1334.955707226652
3185.69501710846 1333.9598867537325
3187.0776486529967 1332.9841229039464
3188.0 1332.0
3188.462071149469 1331.007518041893
3188.463862101404 1330.0066770296255
3188.2337220026375 1329.002497502545
3188.0 1328.0
3187.7626960934927 1326.9991845219902
3187.5218102831145 1326.0000510685156
3187.5200193311794 1325.0008920807832
3188.0 1324.0
3188.961752289577 1322.9973748261664
3190.40527619991 1321.9930165592818
3191.6461620102887 1320.9921500127566
3192.0 1320.0
3191.466790169047 1319.016566521012
3190.0465325174273 1318.041849575793
3188.603008607094 1317.0462078426774
3188.0 1316.0
3188.237506696146 1314.9032260477613
3189.3155286955307 1313.7558859859605
3190.73578634715 1312.7306029311796
3192.0 1312.0
3193.10816965408 1311.5640771924213
3194.0602953093894 1311.4228345084439
3194.9822733100045 1311.5701745702445
3196.0 1312.0
3197.1134753793767 1312.7123107977102
3198.322699448134 1313.7071069633753
3199.370573792824 1314.8483496473527
3200.0 1316.0
3200.210978069662 1317.1620580213169
3200.0035080018088 1318.3345237113035
3199.7942839330517 1319.3397275456382
3200.0 1320.0
3200.620656202653 1320.3153410743885
3201.6562525410122 1320.2857507688036
3202.8637226088645 1320.1132850788172
3204.0 1320.0
3205.065084714418 1319.9458955323526
3206.0589767521187 1319.9509716758744
3207.0233804137597 1319.980561981459
3208.0 1320.0
3208.988835510838 1320.0092857314971
3209.989886946275 1320.0084191759506
3210.995994908574 1320.0033430324286
3212.0 1320.0
3213.0019022205533 1319.9983900786647
3214.0017015702333 1319.998513268422
3215.000650134797 1319.9993798239686
3216.0 1320.0
3216.9997511658435 1320.0003737965162
3217.999903632326 1320.0005012135173
3219.0001042826457 1320.0003780237598
3220.0 1320.0
3220.9995907843872 1319.9993671422383
3221.9988766358083 1319.9984794504744
3222.9987241693257 1319.998352033473
3224.0 1320.0
3225.0027041278327 1320.0034233500546
3226.006836552823 1320.0086220836372
3227.007550701402 1320.009509775401
3228.0 1320.0
3228.9841844486177 1319.980092757434
3229.9601040472553 1319.949788047703
3230.9559716222648 1319.9445893141203
3232.0 1320.0
3233.092189180461 1320.1160201053417
3234.2325391636473 1320.2926496301452
3235.25661956501 1320.3229543398766
3236.0 1320.0
3236.462680468618 1319.3237866105167
3236.6446609708632 1318.2943141714256
3236.504310987677 1317.117684646622
3236.0 1316.0
3235.131728007833 1314.9412602315601
3233.8994950111755 1313.9414653413023
3232.7175145089304 1312.9709377803931
3232.0 1312.0
3231.746951484384 1311.0286520001227
3231.958368962083 1310.0568937807616
3232.190601958741 1309.0566886710196
3232.0 1308.0
3231.3865630858622 1306.8868277677034
3230.350291216326 1305.717171974129
3229.138873738627 1304.6889301934905
3228.0 1304.0
3226.933670000445 1303.6503813936579
3225.939883739962 1303.640074374464
3224.976155609498 1303.809730168038
3224.0 1304.0
3223.0114169114677 1304.2108838703498
3222.0104063439016 1304.442381779087
3221.0041926043846 1304.4526887982809
3220.0 1304.0
3218.9978285307484 1303.0843153842443
3217.9976781966293 1301.705634951014
3216.9986887641953 1300.4741370422769
3216.0 1300.0
3215.001611904043 1300.283223824184
3214.003524476323 1301.3238085148287
3213.0036748104426 1302.7024889480588
3212.0 1304.0
3210.9925000449966 1305.2163416706517
3209.981174945432 1306.3515139600138
3208.9792623731514 1307.310929269369
3208.0 1308.0
3207.0433878259787 1308.418726151906
3206.1094258510875 1308.5671077250877
3205.120750950652 1308.4319354357253
3204.0 1308.0
3202.747172999132 1307.2713014179112
3201.362269948046 1306.2458396894594
3200.2962319229377 1305.0974581162777
3200.0 1304.0
3200.4735741792338 1302.9534653406265
3201.716954460638 1301.9578541381568
3203.1018575117237 1300.9833158666088
3204.0 1300.0
3204.411381925467 1299.0079065383309
3204.336003288126 1298.0070354816012
3204.092623006721 1297.0026466840707
3204.0 1296.0
3204.0581342679616 1294.999095429389
3204.2670258106054 1293.9999329722373
3204.342404447947 1293.000804028967
3204.0 1292.0
3203.239812466764 1290.9975208853357
3202.0618418482395 1289.9933666849747
3200.8529503055956 1288.992529142126
3200.0 1288.0
3199.5029909314535 1287.0157792585958
3199.3619230999566 1286.0398669179142
3199.539893718481 1285.0440211182752
3200.0 1284.0
3200.742241944514 1282.907803563088
3201.7666195520223 1281.7674318075392
3202.9076873835193 1280.743344148221
3204.0 1280.0
3205.0435574014637 1279.5373993628764
3206.038359587911 1279.35554223685
3207.013981980403 1279.4959139923988
3208.0 1280.0
3208.9964136467033 1280.867800259654
3210.0032229205117 1282.0993147713605
3211.008420734064 1283.281171897387
3212.0 1284.0
3212.977960718318 1284.2557990792002
3213.9423028890196 1284.0485691349872
3214.935493615211 1283.8170546232807
3216.0 1284.0
3217.1358220433867 1284.5974052651454
3218.342959745372 1285.6092704187172
3219.3786175746704 1286.8165003629301
3220.0 1288.0
3220.2071070213597 1289.1597693299268
3219.9999386387503 1290.2958083527108
3219.7928009367656 1291.2839431991392
3220.0 1292.0
3220.621535828454 1292.443978755293
3221.6574084221274 1292.6158794650182
3222.8645768047368 1292.4798404422345
3224.0 1292.0
3225.063678007916 1291.176358138315
3226.055610828486 1290.0089148571792
3227.0197382348124 1288.8370141474538
3228.0 1288.0
3228.9963961240483 1287.4978724148177
3230.0089266069567 1287.3306313919068
3231.016993786387 1287.4980746730425
3232.0 1288.0
3232.957945247795 1288.8364073727794
3233.8908295297733 1290.0072967913807
3234.878299046865 1291.1745378142916
3236.0 1292.0
3237.255932389181 1292.4836833485062
3238.6460962144056 1292.62558785981
3239.7132119324274 1292.4546984412086
3240.0 1292.0
3239.506460417123 1291.2614925361838
3238.232593183797 1290.2391760497603
3236.8424293585717 1289.0972715384569
3236.0 1288.0
3235.705305108081 1286.947361434391
3235.9583446828165 1285.939355841629
3236.2322119161427 1284.9616723280526
3236.0 1284.0
3235.261708934388 1283.0543388574715
3234.017338719307 1282.1246889004665
3232.7642991445723 1281.1326944932284
3232.0 1280.0
3231.72444128559 1278.7266054207814
3231.937623001342 1277.3125107555725
3232.1819932164235 1276.2421607125773
3232.0 1276.0
3231.3916433520726 1276.5860286178408
3230.35692327264 1278.0002465660996
3229.1437415568876 1279.4143412313085
3228.0 1280.0
3226.9256986019773 1279.7572228721738
3225.9208373628185 1278.68600984783
3224.955557442251 1277.2717918995713
3224.0 1276.0
3223.0541650360674 1274.8706341491168
3222.118052550452 1273.8836943469214
3221.1229137896107 1272.954907371265
3220.0 1272.0
3218.7493111816207 1271.0189722331256
3217.3708473344723 1270.0118240706424
3216.3069598200877 1268.9987638728378
3216.0 1268.0
3216.449967874209 1267.015532452129
3217.656863442715 1266.0453612292245
3219.035327289863 1265.0525093917079
3220.0 1264.0
3220.550881573126 1262.8878330541013
3220.68797200924 1261.7160085540113
3220.481076440735 1260.6861797769157
3220.0 1260.0
3219.244742687037 1259.6574692232641
3218.215304501845 1259.658587446708
3217.07821406573 1259.830411946798
3216.0 1260.0
3214.980662304655 1260.167351606314
3214.0202009796944 1260.3324667657405
3213.0496391648867 1260.3313485422966
3212.0 1260.0
3210.8712834850357 1259.338421138851
3209.663489619992 1258.3466119588493
3208.6239509449524 1257.1814967994228
3208.0 1256.0
3207.791636785134 1254.8021215605813
3207.998861300355 1253.587861481166
3208.206655165398 1252.579670661168
3208.0 1252.0
3207.3788958041596 1251.8488494976625
3206.3433425778776 1252.1262191541555
3205.136118062657 1252.3404792335707
3204.0 1252.0
3202.934988389908 1251.1047814534434
3201.9410832323806 1249.6548235939008
3200.976636458663 1248.3774539374078
3200.0 1248.0
3199.011173856393 1248.5224617816766
3198.0101580278406 1249.9448392824384
3197.004063185368 1251.394797141981
3196.0 1252.0
3194.9979684717364 1251.7604478564958
3193.997968600577 1250.6761407114682
3192.998984429129 1249.2537632107067
3192.0 1248.0
3191.001015313188 1246.9148510793486
3190.002030368695 1245.9983164487523
3189.0020302398543 1245.0826235937798
3188.0 1244.0
3186.9959396491313 1242.7504456674128
3185.98984918725 1241.3339605960182
3184.9888341317433 1240.2504952266147
3184.0 1240.0
3183.0233467920207 1240.582474916175
3182.058874507805 1241.9979199751392
3181.064964969687 1243.4144050465336
3180.0 1244.0
3178.8639795987447 1243.7547048355377
3177.65690376592 1242.6785195531472
3176.621376050136 1241.263074494183
3176.0 1240.0
3175.7927756155123 1238.889296070598
3175.9997028966736 1237.9309627059774
3176.2067787294977 1237.007147988368
3176.0 1236.0
3175.3793667081804 1234.9095187408739
3174.3448788540386 1233.7357042109898
3173.1379515728772 1232.6940375756103
3172.0 1232.0
3170.931024135405 1231.6535914841584
3169.931023979094 1231.6548120280854
3168.9655118332357 1231.8286265579698
3168.0 1232.0
3167.0344884793885 1232.1689323541761
3166.068977271399 1232.3354236204982
3165.0689774277107 1232.3342030765712
3164.0 1232.0
3162.8620449882683 1231.3328143907859
3161.6551123925146 1230.3326462489276
3160.6206236005037 1229.1661549826056
3160.0 1228.0
3159.7932415910045 1226.834181301111
3160.000348373516 1225.6686988859383
3160.2072809692695 1224.6688670277965
3160.0 1224.0
3159.3785054657073 1223.6620978025492
3158.342797366391 1223.6551604354436
3157.1356905838798 1223.8206428506164
3156.0 1224.0
3154.9357256147537 1224.1932318835948
3153.942867428139 1224.4003385014003
3152.978575527455 1224.4072758685056
3152.0 1224.0
3151.0071408457734 1223.1785108958838
3149.999998064775 1221.9428085561567
3148.992856251389 1220.7357019383514
3148.0 1220.0
3147.0214293106064 1219.7357027411028
3146.05714418321 1219.94281016166
3145.064286964208 1220.178512501387
3144.0 1220.0
3142.864283290586 1219.407272657499
3141.657136835967 1218.400330473884
3140.6214219633634 1217.193223053327
3140.0 1216.0
3139.7928709458756 1214.8206613139032
3140.0000348009908 1213.6552069950362
3140.2071812556105 1212.6621491786514
3140.0 1212.0
3139.37849103416 1211.6687594590826
3138.342654358091 1211.6684275558991
3137.1354905029752 1211.833881874766
3136.0 1212.0
3134.9361828491624 1212.1667819316017
3133.944039050465 1212.3342276695705
3132.979875726535 1212.3345595727542
3132.0 1212.0
3131.004411870862 1211.3305489513084
3129.9931113391194 1210.3262064266792
3128.9852551378176 1209.1587606887101
3128.0 1208.0
3127.037345925667 1206.8499243605486
3126.0972929148193 1205.7085337703556
3125.108593446562 1204.712876294985
3124.0 1204.0
3122.7715125751342 1203.569904885401
3121.423131171964 1203.4225909511879
3120.363184182812 1203.5639815413806
3120.0 1204.0
3120.3335786235275 1204.7306463270456
3121.3639200533953 1205.7559205225177
3122.7123014565655 1206.903234456731
3124.0 1208.0
3125.227015683699 1209.046217152325
3126.3933485076623 1210.0418859137058
3127.363007077795 1211.0166117182337
3128.0 1212.0
3128.304327274278 1212.9920507590048
3128.2759889006293 1213.992763995248
3128.1096560766655 1214.9970952338672
3128.0 1216.0
3127.947020670633 1217.0014782936464
3127.950718088564 1218.0015301148062
3127.979056462213 1219.000816878563
3128.0 1220.0
3128.013548701926 1220.9990794791174
3128.019702567991 1221.9980553159153
3128.0160051500598 1222.9980034947553
3128.0 1224.0
3127.971687117812 1225.0040448316493
3127.9310665034955 1226.0101379897033
3127.924912637431 1227.0111621529054
3128.0 1228.0
3128.1563285912016 1228.9766515309864
3128.3938984110364 1229.9411167458652
3128.434519025353 1230.935023587811
3128.0 1232.0
3127.090341334978 1233.1360459824316
3125.705543030286 1234.343161535106
3124.467973210451 1235.3786963202274
3124.0 1236.0
3124.301623398932 1236.2070725744238
3125.372843407248 1235.9999140434988
3126.75764171194 1235.7927984908247
3128.0 1236.0
3129.099918271429 1236.6215185710257
3130.0573965262265 1237.657354203901
3130.9861765179107 1238.8645127348261
3132.0 1240.0
3133.0988669724934 1241.0638159994232
3134.282777435392 1242.0559607330952
3135.3252991805944 1243.02012510022
3136.0 1244.0
3136.306879893608 1244.9955854324362
3136.245938861419 1246.0068813975276
3136.0620283985204 1247.0147366638557
3136.0 1248.0
3136.059853665858 1248.9626714059611
3136.2415893960933 1249.9027508817387
3136.3025304282824 1250.891454916647
3136.0 1252.0
3135.333998111246 1253.2283861317978
3134.3045247620203 1254.5766133120405
3133.1227890317846 1255.636533836263
3132.0 1256.0
3130.936157666668 1255.6670118032519
3129.9312620317874 1254.6375692460183
3128.9607353810134 1253.2893420657758
3128.0 1252.0
3127.0490558887477 1250.769543048691
3126.1079030472574 1249.597971211849
3125.112798682138 1248.6274137690825
3124.0 1248.0
3122.769507000844 1247.7157299046019
3121.4213196846695 1247.7746034828879
3120.36247252616 1247.94617531973
3120.0 1248.0
3120.333902106189 1247.9360775236978
3121.3641788447258 1247.7544078908236
3122.7123661609007 1247.6955343125378
3124.0 1248.0
3125.227080362025 1248.6678049532104
3126.393607246974 1249.6989491721693
3127.363330508437 1250.8806188050437
3128.0 1252.0
3128.303615721664 1253.0570927570393
3128.274177673429 1254.0518970761605
3128.107650788479 1255.0207528572016
3128.0 1256.0
3127.9512253079906 1256.9896385045554
3127.9613267124514 1257.989668370868
3127.9907647606865 1258.9948640517466
3128.0 1260.0
3127.9890324303915 1261.005076215628
3127.9578620518614 1262.0100926986308
3127.9477606474006 1263.0100628323182
3128.0 1264.0
3128.1145801096604 1264.9799042016762
3128.291500976381 1265.9497754373465
3128.3226713549116 1266.9447589543438
3128.0 1268.0
3127.323486911646 1269.115498574315
3126.2931320898506 1270.2912546772893
3125.1162112231295 1271.3213834416188
3124.0 1272.0
3122.944498420462 1272.3271043524326
3121.9497064845154 1272.3026964989172
3120.9800613063107 1272.1269403959427
3120.0 1272.0
3119.0095225655823 1271.9218753110888
3118.0086290030586 1271.8925663292086
3117.003420939005 1271.9169741827243
3116.0 1272.0
3114.9983661860433 1272.1416437810353
3113.998519497135 1272.341905525831
3112.999413059659 1272.371214507711
3112.0 1272.0
3111.0002803181587 1271.2282620026979
3110.000254014133 1270.0560005158045
3109.0001007030423 1268.855738771009
3108.0 1268.0
3106.999951905008 1267.488784202778
3105.999956418065 1267.3220913793427
3104.9999827220895 1267.494352866236
3104.0 1268.0
3103.0000082517963 1268.8390327806349
3102.000007477478 1270.0114512081402
3101.0000029644207 1271.1781440315756
3100.0 1272.0
3098.999998584216 1272.4770191134137
3097.9999987170677 1272.6092013718167
3096.999999491386 1272.436782944311
3096.0 1272.0
3095.0000002429106 1271.298852538883
3094.000000220117 1270.3333405609603
3093.000000087264 1269.2011583025574
3092.0 1268.0
3090.9999999583238 1266.7298656532885
3089.999999962235 1265.3907552624219
3088.999999985029 1264.3562672403448
3088.0 1264.0
3087.0000000071477 1264.321953541388
3086.0000000064733 1265.3221278645087
3085.000000002562 1266.6612382553749
3084.0 1268.0
3082.9999999987886 1269.3384130983839
3081.999999998927 1270.6764775505267
3080.9999999996026 1271.6763032274062
3080.0 1272.0
3079.000000000123 1271.6475678683087
3077.9999999999677 1270.6190068323317
3076.9999999998295 1269.280942380189
3076.0 1268.0
3075.00000000048 1266.7761796917653
3074.0000000012687 1265.6094814554842
3073.0000000014234 1264.6380424914612
3072.0 1264.0
3070.9999999969996 1263.6953539811009
3069.9999999924207 1263.7241044347634
3068.999999991632 1263.8908026710444
3068.0 1264.0
3067.000000017526 1264.0516964216301
3066.0000000442087 1264.045891935935
3065.000000048787 1264.0171414822723
3064.0 1264.0
3062.9999998978465 1263.994467489118
3061.999999742328 1264.000543949626
3060.999999715645 1264.0063484353211
3060.0 1264.0
3059.0000005953934 1263.9814986436622
3058.000001501824 1263.9508443663083
3057.000001657343 1263.9447679058
3056.0 1264.0
3054.999996529796 1264.116540648908
3053.99999124673 1264.294389852524
3052.999990340299 1264.3250441298783
3052.0 1264.0
3051.0000202258334 1263.3192574628897
3050.0000510177983 1262.282816518547
3049.0000563008643 1261.104967314931
3048.0 1260.0
3046.999882115205 1258.9679145737546
3045.9997026464794 1258.0087110361942
3044.999671854514 1257.0451519805367
3044.0 1256.0
3043.0006870829366 1254.8732550945838
3042.0017331033246 1253.664917264288
3041.0019125720505 1252.6241208018484
3040.0 1252.0
3038.995995387174 1251.7925548587434
3037.9898987335728 1252.0017853780778
3036.9888527131848 1252.2101232083737
3036.0 1252.0
3035.023340594017 1251.371415752957
3034.0588744952374 1250.324370467245
3033.0649711488386 1249.1151399479104
3032.0 1248.0
3030.8639610487216 1246.9789506235136
3029.6568542950035 1246.0519918184514
3028.621320393783 1245.0990371041635
3028.0 1244.0
3027.7928931136535 1242.7548805059614
3027.999999734743 1241.3636786220472
3028.2071064884617 1240.2906374271097
3028.0 1240.0
3027.3786802693576 1240.4917663407186
3026.343147296536 1241.7659364492652
3025.1360406754457 1243.157138333179
3024.0 1244.0
3022.935025270199 1244.2945214497279
3021.941116486042 1244.0407026823627
3020.976649458864 1243.7665325738162
3020.0 1244.0
3019.0111681094495 1244.741104960915
3018.0101537872124 1245.98984745656
3017.004062571369 1247.2436662239254
3016.0 1248.0
3014.9979660731065 1248.2588487847843
3013.997960790687 1248.020212578278
3012.998975112924 1247.7714700826327
3012.0 1248.0
3011.0010354519154 1248.70580233038
3010.0020814686695 1249.8888770737726
3009.002086751089 1251.127513280279
3008.0 1252.0
3006.995821215403 1252.5063372329364
3005.9895503972966 1252.6465249790872
3004.988504380542 1252.4634502356946
3004.0 1252.0
3003.0240372556696 1251.2561742720034
3002.0606161475516 1250.2319730517047
3001.0668869656574 1249.091785305554
3000.0 1248.0
2998.8599552505793 1246.9566171350434
2997.6467527173954 1245.961636710684
2996.6101738255134 1244.9858379309826
2996.0 1244.0
2995.816231240855 1243.0041229177364
2996.0588675480785 1241.9982066841912
2996.2720700812624 1240.9931871085507
2996.0 1240.0
2995.2426573042912 1239.0186453585388
2994.000041994136 1238.0491231841675
2992.7574056869134 1237.0550394177126
2992.0 1236.0
2991.7278249333976 1234.8840049310304
2991.940880487106 1233.7070542108033
2992.183495797261 1232.6765763851747
2992.0 1232.0
2991.390393095323 1231.677325055279
2990.35467508323 1231.708551551012
2989.1416195295224 1231.8855022712394
2988.0 1232.0
2986.929816494664 1232.0520447372944
2985.9310690135135 1232.0416364831226
2984.9667870256058 1232.0104099873893
2984.0 1232.0
2983.030707936694 1232.0104065209543
2982.058910835689 1232.0416295502523
2981.0576583168395 1232.0520378044241
2980.0 1232.0
2978.885935885173 1231.88551613698
2977.715465972355 1231.708586215364
2976.68726307336 1231.6773631860658
2976.0 1232.0
2975.6536767522744 1232.6764966571664
2975.648293330183 1233.7068531575646
2975.818763243001 1234.8837830791804
2976.0 1236.0
2976.192003601182 1237.0555039200226
2976.3947740465455 1238.0502948392486
2976.4001574686367 1239.0199383388504
2976.0 1240.0
2975.194301640635 1240.9904798226985
2973.983062390542 1241.9913778069445
2972.780291945178 1242.9965868877186
2972.0 1244.0
2971.642186555009 1245.0016171437892
2971.7068516102045 1246.0014383190855
2971.9180908602975 1247.0005403348396
2972.0 1248.0
2971.9525790293114 1248.9998173145677
2971.7758279482323 1249.999992278542
2971.711162893037 1251.0001711032453
2972.0 1252.0
2972.6423392691213 1252.9994789688055
2973.6381807004 1253.9986080096623
2974.8149317814796 1254.9984330456878
2976.0 1256.0
2977.193385355962 1257.0033088725993
2978.395087849366 1258.0083596634854
2979.399246418087 1259.0092306226286
2980.0 1260.0
2980.1973485951066 1260.9806677955999
2979.9912922034055 1261.9512340094273
2979.7895897100025 1262.9461832185414
2980.0 1264.0
2980.6225230733994 1265.1126843538036
2981.6571589302002 1266.284236279952
2982.863215321901 1267.3136700661244
2984.0 1268.0
2985.0675129644974 1268.3432260815785
2986.065754215392 1268.3433483108602
2987.031118358591 1268.171796384712
2988.0 1268.0
2988.9723991396195 1267.8279591567248
2989.9483157774484 1267.6556738548861
2990.9500745265536 1267.6555516256042
2992.0 1268.0
2993.098092197789 1268.6890189780731
2994.244351119919 1269.7226085598238
2995.26843448209 1270.8948938616627
2996.0 1272.0
2996.439047673649 1273.0379269748364
2996.5855775030377 1274.0086747861715
2996.439318580907 1274.9750852044208
2996.0 1276.0
2995.2676217603157 1277.0834191729098
2994.2421838618557 1278.2253427231492
2993.095654032467 1279.2545949118141
2992.0 1280.0
2990.955221764454 1280.4615579877072
2989.96131932583 1280.6392688749352
2988.9867572242906 1280.4973453246955
2988.0 1280.0
2987.001047652958 1279.1472329008486
2985.9899001831636 1277.9390440272414
2984.983802621788 1276.7613331400134
2984.0 1276.0
2983.038492317801 1275.6550446072015
2982.0992795751895 1275.7264669616177
2981.110427044983 1275.934655835225
2980.0 1276.0
2978.767998440239 1275.9224994559427
2977.414422365701 1275.7021542030534
2976.353635108312 1275.630731848637
2976.0 1276.0
2976.353517040764 1276.8099586571418
2977.4141862306055 1278.0606078200626
2978.767762305144 1279.2809530729521
2980.0 1280.0
2981.1108993151747 1280.2177486012058
2982.1004602506673 1279.9341988765696
2983.0397910608262 1279.6835497136487
2984.0 1280.0
2984.9810870681895 1280.8835497356235
2985.983052265394 1282.3341989205192
2986.9934913299016 1283.6177486451552
2988.0 1284.0
2989.00257827569 1283.4809529850538
2990.001226156972 1282.0606076003164
2990.999260959767 1280.6099584154208
2992.0 1280.0
2993.0034432776697 1280.230732354054
2994.0095907927766 1281.3021554775828
2995.0109429114946 1282.7225008623202
2996.0 1284.0
2996.976762058291 1285.1346528906229
2997.941229086369 1286.1264595341881
2998.935081571262 1287.0550364106593
3000.0 1288.0
3001.1359843725827 1288.96135030221
3002.343034689011 1289.9390873172892
3003.3785676609327 1290.9472806737238
3004.0 1292.0
3004.2073317062104 1293.0972452961173
3004.0005627795663 1294.2390165620764
3003.793512463139 1295.261279546997
3004.0 1296.0
3004.62002539015 1296.4551779210856
3005.653588633589 1296.626813310253
3006.8603575602338 1296.4850420442942
3008.0 1296.0
3009.0725159528893 1295.1716871773704
3010.0779054188997 1294.0001035764053
3011.0443421754608 1292.8284681872378
3012.0 1292.0
3012.9448788925174 1291.5146990146925
3013.8789788530125 1291.3725652313146
3014.873589387002 1291.5441488322797
3016.0 1292.0
3017.258210692008 1292.7401187344756
3018.648221463024 1293.7645050357064
3019.714121502529 1294.906638819084
3020.0 1296.0
3019.5058569554367 1297.0445885784543
3018.2316923688404 1298.0404045544472
3016.8416815978235 1299.0160182532163
3016.0 1300.0
3015.70664757537 1300.9923497947982
3015.9616243239334 1301.9930676376107
3016.23578891053 1302.9972516616178
3016.0 1304.0
3015.2542575923435 1305.001312652757
3013.99856168756 1306.0011896198885
3012.743584938997 1307.000471777076
3012.0 1308.0
3011.76780687057 1308.9997742886605
3012.0470055507058 1309.9997946430578
3012.302701455489 1310.999917675926
3012.0 1312.0
3011.1389011842384 1313.0000416152798
3009.7194050082044 1314.0000425217645
3008.4402063280677 1315.0000221673674
3008.0 1316.0
3008.398786024001 1316.9999760196622
3009.6365644000703 1317.9999502263545
3011.0560605761043 1318.9999493198695
3012.0 1320.0
3012.4683826717574 1321.0001022667464
3012.461208591377 1322.0002561201081
3012.2234302153074 1323.000281913416
3012.0 1324.0
3011.7909179454546 1324.9994103798604
3011.596184051671 1325.9985130529972
3011.603358132052 1326.9983591996354
3012.0 1328.0
3012.7861096555166 1329.003435454092
3013.961687098599 1330.0086655619104
3015.1564209923827 1331.0095628887739
3016.0 1332.0
3016.4924241214508 1332.979976895589
3016.6336933567345 1333.949493575541
3016.4581159136515 1334.9442634677223
3016.0 1336.0
3015.259345615781 1337.1167031723742
3014.236152760994 1338.2943729848448
3013.0948835257104 1339.3248563048928
3012.0 1340.0
3010.9515021838642 1340.3198040701668
3009.9493900773023 1340.2842685153923
3008.972582932089 1340.106598702922
3008.0 1340.0
3007.0316412810353 1339.9644724066266
3006.0675067751945 1340.0000159228016
3005.069618881756 1340.035551477576
3004.0 1340.0
3002.858650129926 1339.8933614900743
3001.6455692715335 1339.7156359477985
3000.6097037773748 1339.6800924316235
3000.0 1340.0
2999.816457939411 1340.6753586529276
3000.059077595607 1341.7061683904067
3000.272158453999 1342.8838939326824
3000.0 1344.0
2999.242602233609 1345.0544865923598
2997.999965154826 1346.0473537097614
2996.75734549863 1347.0165439722823
2996.0 1348.0
2995.727928658935 1348.9977217929147
2995.941131475435 1350.0097093510262
2996.183768554218 1351.0168422336246
2996.0 1352.0
2995.3898258127806 1352.9591826501526
2994.35324599256 1353.894390184082
2993.14004317606 1354.8824026259708
2992.0 1356.0
2990.9331164643822 1357.24718230617
2989.9393925692057 1358.6239495444806
2988.975972389426 1359.688742010551
2988.0 1360.0
2987.011475400928 1359.5577235128274
2986.0103985922096 1358.3619125490331
2985.0041224873867 1356.9851453107224
2984.0 1356.0
2982.9980311300505 1355.4064766168656
2981.9982158775374 1355.204575161319
2980.9992926862556 1355.4003861251133
2980.0 1356.0
2979.0003378187703 1357.0034167859794
2978.000306142567 1358.4106364830513
2977.00012139508 1359.6125379385976
2976.0 1360.0
2974.999941957328 1359.5730226672586
2973.999947267063 1358.3316059403733
2972.9999789432663 1356.9243862433011
2972.0 1356.0
2971.0000104372634 1355.5584472104692
2970.000010255057 1355.5997278747095
2969.000004945322 1355.8411446015948
2968.0 1356.0
2966.9999954190916 1356.076294069925
2965.999991202596 1356.07002681137
2964.9999913848023 1356.02874614713
2964.0 1356.0
2963.00001704819 1355.9837883699802
2962.000042529371 1355.9801112570701
2961.0000467458667 1355.9863785156251
2960.0 1356.0
2958.999902291771 1356.020975710195
2957.999753621179 1356.0493056462096
2956.9997281399974 1356.05298275912
2956.0 1356.0
2955.0005692011846 1355.8903573688513
2954.0014357435525 1355.7240548656728
2953.001584414144 1355.6957249296581
2952.0 1356.0
2950.9966825011197 1356.6368800766986
2949.991631917504 1357.6063651597538
2948.9907653751366 1358.7726676629322
2948.0 1360.0
2947.0193357920957 1361.2883621709573
2946.0487727514237 1362.6377541758038
2945.05382333504 1363.6682690927485
2944.0 1364.0
2942.887302746306 1363.6329468975587
2941.7157315739564 1362.5671097854238
2940.686294614629 1361.2177177805772
2940.0 1360.0
2939.656847730071 1358.9139564436919
2939.6568378048405 1357.9595871116533
2939.82840897719 1357.025424223788
2940.0 1356.0
2940.1716108732703 1354.8833144402897
2940.343241597001 1353.6753675446569
2940.343251522231 1352.6297368766957
2940.0 1352.0
2939.3134870303093 1351.7861569145703
2938.283712613157 1351.9882076204062
2937.1120818894265 1352.196154516039
2936.0 1352.0
2934.9474669448778 1351.399744072289
2933.9544827240597 1350.395386732906
2932.984257141212 1349.1933360270698
2932.0 1348.0
2931.001711300424 1346.8153786516966
2929.9893910424844 1345.6394719821594
2928.9823752633024 1344.6438293215426
2928.0 1344.0
2927.0422652525776 1343.7079840175322
2926.109171021035 1343.7677813741388
2925.1214912789746 1343.943688043676
2924.0 1344.0
2922.744697184111 1343.9367172431112
2921.3555828313083 1343.753839773009
2920.288677062851 1343.6940424164025
2920.0 1344.0
2920.489551642756 1344.671712523802
2921.7573319911185 1345.709179987808
2923.1464463439215 1346.8920574579101
2924.0 1348.0
2924.3179929593543 1349.0330076140774
2924.1004252219836 1349.9910803001426
2923.832644873621 1350.9536128361365
2924.0 1352.0
2924.60249060112 1353.1302417917334
2925.6401166769806 1354.3443382113364
2926.8576844143513 1355.386265525271
2928.0 1356.0
2929.067063433927 1356.1855416355231
2930.058874716132 1355.9428904318402
2931.021248640271 1355.7287940122371
2932.0 1356.0
2932.9951287953195 1356.7565083951288
2934.006635026228 1357.998319197623
2935.0148237440235 1359.240970401306
2936.0 1360.0
2936.962163794159 1360.275407993705
2937.901315126501 1360.067194382421
2938.8898088955916 1359.8253835799264
2940.0 1360.0
2941.2318884397264 1360.5910436426418
2942.58547421477 1361.5985145078516
2943.646322882428 1362.8067281191359
2944.0 1364.0
2943.646505567484 1365.1783301504445
2942.58583958488 1366.3417185704693
2941.2322538098365 1367.3342477052595
2940.0 1368.0
2938.8890781553705 1368.3389754546915
2937.899488275948 1368.3511740693334
2936.9601542585515 1368.1877856493086
2936.0 1368.0
2935.0190255002926 1367.7878171214077
2934.01723075943 1367.5512370135316
2933.0068206388523 1367.5390383988897
2932.0 1368.0
2930.9967688428737 1368.9341218168634
2929.997127167472 1370.3414038494789
2928.9989219083354 1371.577983957355
2928.0 1372.0
2927.0003614424677 1371.6074519774145
2926.0000062357376 1370.4003398895977
2924.9996479111387 1368.9930578569822
2924.0 1368.0
2923.0010625023215 1367.421166318651
2922.002835418103 1367.2565568129357
2921.0031906248337 1367.4636689007525
2920.0 1368.0
2918.9932635436044 1368.8655501106787
2917.9829812556445 1370.060319232788
2916.981208339863 1371.2249287385036
2916.0 1372.0
2915.0393562360555 1372.3855330172773
2914.0992770480298 1372.3815277903357
2913.1095593359896 1372.1867586682263
2912.0 1372.0
2910.7705990400627 1371.8212517856578
2909.421356456176 1371.6505140251988
2908.3614356442017 1371.6545192521405
2908.0 1372.0
2908.3370495235713 1372.686956268777
2909.3725842149142 1373.715388058472
2910.721826798801 1374.8861258189309
2912.0 1376.0
2913.2071038185127 1377.05701060168
2914.3431382543376 1378.0571576239704
2915.3076035629942 1379.0287258342757
2916.0 1380.0
2916.4203275653554 1380.9709801211438
2916.56858625906 1381.941666197707
2916.4325518232345 1382.9415191754167
2916.0 1384.0
2915.2709307893565 1385.1171086714573
2914.245344191305 1386.2928451897883
2913.097085497601 1387.322159113225
2912.0 1388.0
2910.954087698505 1388.3263678501128
2909.9593485931136 1388.301262663564
2908.9849351911657 1388.1255261452332
2908.0 1388.0
2907.0045430196174 1387.9246842278649
2905.998564250017 1387.8995788288275
2904.993303355408 1387.9246840153764
2904.0 1388.0
2903.018654183793 1388.1255267826982
2902.0492659067863 1388.3012643634713
2901.0552446763863 1388.3263697625086
2900.0 1388.0
2898.8835318776255 1387.3221550759451
2897.705840309264 1386.2928349903443
2896.6752285862704 1385.1170974095712
2896.0 1384.0
2895.6801545504522 1382.9415427616304
2895.715692237628 1381.9417256944628
2895.8933838059893 1380.9710457800636
2896.0 1380.0
2896.0355408196597 1379.0285883542722
2896.000006264968 1378.0568108428797
2895.9644685777926 1377.0566279100476
2896.0 1376.0
2896.10660053159 1374.8869271127376
2896.284270172563 1373.7174092482599
2896.319804727255 1372.6891867596523
2896.0 1372.0
2895.324855990799 1371.649848969303
2894.294372699652 1371.6387336675618
2893.116703058679 1371.8082515320395
2892.0 1372.0
2890.944263523615 1372.2139790714436
2889.9494936295246 1372.4501887463698
2888.979976920672 1372.4613040481113
2888.0 1372.0
2887.00956286751 1371.0662766020362
2886.008665523201 1369.66013385422
2885.0034354172917 1368.4239241792936
2884.0 1368.0
2882.9983592713256 1368.3883613163393
2881.998513231269 1369.589008128311
2880.999410575578 1370.9951508761276
2880.0 1372.0
2879.0002815045364 1372.6035554999294
2878.000255089186 1372.8058173759146
2877.000101129243 1372.6051705639427
2876.0 1372.0
2874.9999517014576 1370.9903056840865
2873.999956233616 1369.5760876162021
2872.999982648966 1368.3738257402167
2872.0 1368.0
2871.0000082867177 1368.4546103955524
2870.0000075091193 1369.7376569268736
2869.000002976961 1371.151874994758
2868.0 1372.0
2866.999998578236 1372.2820319425994
2865.99999871167 1371.9979708225565
2864.9999994892682 1371.7149242912353
2864.0 1372.0
2863.0000002438646 1372.8531979488512
2862.000000220863 1374.2745181377882
2861.0000000874293 1375.5585792578313
2860.0 1376.0
2858.9999999585743 1375.5987803642947
2857.9999999631523 1374.354920350715
2856.999999986154 1372.9336001617778
2856.0 1372.0
2855.00000000469 1371.5541198653814
2854.0000000002237 1371.5959597579222
2852.999999995646 1371.8398197715019
2852.0 1372.0
2851.000000013288 1372.076500443417
2850.0000000355085 1372.069321101752
2849.0000000399746 1372.0274812092111
2848.0 1372.0
2846.9999999155852 1371.9868774741185
2845.99999978673 1371.9881136315666
2844.9999997645095 1371.9952929732312
2844.0 1372.0
2843.0000004932012 1372.0022347118727
2842.0000012441133 1372.001997108849
2841.000001372968 1372.0007609514012
2840.0 1372.0
2838.9999971252073 1371.9997142546463
2837.9999927485915 1371.9999037153393
2836.9999919976794 1372.0001413183631
2836.0 1372.0
2835.0000167555518 1371.999479760251
2834.000042264336 1371.998580599115
2833.000046640953 1371.9983911384218
2832.0 1372.0
2830.999902341479 1372.0034071838495
2829.999753665389 1372.0086126899705
2828.999728156605 1372.0095118511063
2828.0 1372.0
2827.0005691955753 1371.980077136652
2826.00143574333 1371.949743261062
2825.0015844194195 1371.944537754941
2824.0 1372.0
2822.996682485071 1372.116129996239
2821.9916318746327 1372.2929277436579
2820.990765326878 1372.3232616192477
2820.0 1372.0
2819.0193358939987 1371.3231428859144
2818.0487730088744 1370.292690276991
2817.053823619313 1369.1158925295722
2816.0 1368.0
2814.887302150936 1366.9450126882748
2813.715730072121 1365.9509305943961
2812.6862929572458 1364.9813832033196
2812.0 1364.0
2811.656851200385 1363.0067809844375
2811.6568465583996 1362.0017261566318
2811.828418637215 1360.9958082505104
2812.0 1360.0
2812.1715906467552 1359.0143014051007
2812.343190577481 1358.0387124658125
2812.3431952194665 1357.043767293618
2812.0 1356.0
2811.313604919083 1354.9074105849581
2810.2840099767136 1353.765999048493
2809.112410045988 1352.7415879877813
2808.0 1352.0
2806.94677983875 1351.5412350851498
2805.952749562238 1351.36529324323
2804.9823445046068 1351.5067047796954
2804.0 1352.0
2803.0057160484193 1352.8451789041437
2801.999492649863 1354.0422414921265
2800.993522926375 1355.218183334046
2800.0 1356.0
2799.0189238707376 1356.3876914899881
2798.0502945385874 1356.3812578040106
2797.056517937144 1356.184195216028
2796.0 1356.0
2794.8807407271565 1355.8286721559275
2793.6987401186134 1355.6702116838098
2792.667369450763 1355.6766453697874
2792.0 1356.0
2791.696631766323 1356.6402755744482
2791.757264749733 1357.5974720931315
2791.9392653582763 1358.7559325652492
2792.0 1360.0
2791.9394686749047 1361.3296743973842
2791.7576713829894 1362.7449557574018
2791.6970383995795 1363.7877592387183
2792.0 1364.0
2792.666556184251 1363.3816780412462
2793.6967069523316 1361.9327933624577
2794.8785042442473 1360.5175120024403
2796.0 1360.0
2797.061194219592 1360.380257355137
2798.062086903021 1361.6582840678514
2799.0319361349398 1363.10716874664
2800.0 1364.0
2800.966278498201 1364.3367778279314
2801.930771629543 1364.1175022304344
2802.929878946114 1363.83947551772
2804.0 1364.0
2805.141134791203 1364.5990756772737
2806.3532833197223 1365.6367025495415
2807.3887901883804 1366.8559781470387
2808.0 1368.0
2808.1869127545824 1369.0687681084253
2807.949528452127 1370.062282472315
2807.7373799236084 1371.0246556000473
2808.0 1372.0
2808.737388681304 1372.9883156721735
2809.949545967518 1373.989602616568
2811.1869302699743 1374.9960882526782
2812.0 1376.0
2812.3887551575976 1377.0013378585334
2812.3531957427654 1378.0001018282783
2812.1410384565506 1378.998814883884
2812.0 1380.0
2811.930080373114 1381.0036571766266
2811.9312795758915 1382.0097864137633
2811.9668389907238 1383.0110224440189
2812.0 1384.0
2812.030762603721 1384.9767190817076
2812.0591268018857 1385.9411796891413
2812.0579275991076 1386.9350504520044
2812.0 1388.0
2811.885344004562 1389.136028333128
2811.7139596127936 1390.3431354513887
2811.685595414629 1391.3786748439552
2812.0 1392.0
2812.6571733689075 1392.2071109195244
2813.6571155213514 1392.0000076025276
2814.8284999131192 1391.792900484267
2816.0 1392.0
2817.1716157819938 1392.6213061497265
2818.3433472590996 1393.6568189334462
2819.3434051066556 1394.8639222504428
2820.0 1396.0
2820.313131939133 1397.0650521821176
2820.2828009240548 1398.0590787967956
2820.111069446949 1399.0235660130759
2820.0 1400.0
2819.949592583209 1400.9883807575686
2819.959847196574 1401.9887082857808
2819.990178211653 1402.994681671103
2820.0 1404.0
2819.9893125616163 1405.0046632724725
2819.958115896501 1406.0086714885201
2819.947861283136 1407.0083439603077
2820.0 1408.0
2820.1145320470946 1408.9836396075968
2820.291457424419 1409.9592627830984
2820.3226540895344 1410.955254567051
2820.0 1412.0
2819.323495155817 1413.093499081946
2818.293139556985 1414.2357518128888
2817.1162141796603 1415.260128637387
2816.0 1416.0
2814.9444970180048 1416.4553659007279
2813.9497052336737 1416.6262263395702
2812.9800608325063 1416.4839736086274
2812.0 1416.0
2811.0095227361558 1415.1743055136876
2810.0086290409727 1414.0068901496907
2809.0034208253037 1412.8360297108482
2808.0 1412.0
2806.9983665650616 1411.4988010171458
2805.998520520489 1411.3324327622859
2804.999414215672 1411.4998481262828
2804.0 1412.0
2803.000277873474 1412.8328883834374
2802.0002478360934 1413.998513276595
2801.000093880666 1415.1648815314552
2800.0 1416.0
2798.9999661940947 1416.50386868223
2797.9999924629506 1416.6764875781441
2797.0000225003314 1416.5108626849865
2796.0 1416.0
2794.9999249619573 1415.1438995231847
2793.9997973862028 1413.9425612545406
2792.9997711173473 1412.7699423586264
2792.0 1412.0
2791.0004840341608 1411.6327341786623
2790.0012232198305 1411.6681448946129
2789.0013507955846 1411.869483163257
2788.0 1412.0
2786.9971708330763 1412.0596954048417
2785.992863294814 1412.0485693777825
2784.992124109144 1412.013158661832
2784.0 1412.0
2783.0164909673804 1412.009093392287
2782.0415970112863 1412.0404388386924
2781.045904549549 1412.0515648657515
2780.0 1412.0
2778.90388336264 1411.8857442414374
2777.7575546374683 1411.708797590064
2776.7324485935624 1411.6774521436585
2776.0 1412.0
2775.5602088567816 1412.6764411590884
2775.413075163907 1413.706775620924
2775.5594038890786 1414.8837222722973
2776.0 1416.0
2776.734863496672 1417.0556088040319
2777.7639943790937 1418.0505486843929
2778.911128071969 1419.0202142225576
2780.0 1420.0
2781.030610163188 1420.9899060167209
2782.0029585615325 1421.9899322727197
2782.973827679111 1422.9949923923587
2784.0 1424.0
2785.081475524201 1425.0049550956433
2786.2182542517135 1426.0098576792889
2787.2459058533695 1427.0098314232903
2788.0 1428.0
2788.480536691607 1428.980363409419
2788.687515928189 1429.9509216515462
2788.5507372006764 1430.9460190679008
2788.0 1432.0
2787.035304326159 1433.112864447845
2785.656650179153 1434.2846124114344
2784.4496709425716 1435.3140541693067
2784.0 1436.0
2784.3076373514396 1436.3424499035139
2785.37258299689 1436.3414038798483
2786.7512371438957 1436.1696559162585
2788.0 1436.0
2789.118871565204 1435.8324361310724
2790.1078518395066 1435.666964309476
2791.042906194056 1435.6680103331416
2792.0 1436.0
2792.9791332573386 1436.6629333100518
2793.9803059660717 1437.6568102632966
2794.9913256917694 1438.8222820848932
2796.0 1440.0
2797.006328890765 1441.1899640086172
2798.010312364063 1442.3921741107447
2799.00913965533 1443.3982971574999
2800.0 1444.0
2800.9828933980734 1444.1972826382453
2801.95781984955 1443.9901450722355
2802.953836376252 1443.787934970108
2804.0 1444.0
2805.0963107207945 1444.6263401619121
2806.2427685386356 1445.666955455844
2807.267842087159 1446.8740930218537
2808.0 1448.0
2808.43924227716 1449.0446763902837
2808.5855689186383 1450.0081221927035
2808.439111100797 1450.9675068987717
2808.0 1452.0
2807.268235616247 1453.1056014963883
2806.2438179495375 1454.284311387937
2805.0974913080595 1455.320865585517
2804.0 1456.0
2802.951344025359 1456.321714631386
2801.9515233841366 1456.286009479675
2800.9759410508454 1456.1072995881266
2800.0 1456.0
2799.0237002315994 1455.9641107152959
2798.0470417456436 1455.9996317340137
2797.0468623868655 1456.0353368857247
2796.0 1456.0
2794.9064545850456 1455.8936210768404
2793.766226142003 1455.7162001162449
2792.742884627959 1455.680679097527
2792.0 1456.0
2791.5375722581266 1456.6741628236637
2791.3556014023384 1457.7031675685184
2791.495829845381 1458.8805885291138
2792.0 1460.0
2792.868111866195 1461.0614019811776
2794.100165443966 1462.064794472646
2795.282136299754 1463.0357897277913
2796.0 1464.0
2796.2537565447033 1464.9574252892717
2796.043405933864 1465.9080655956063
2795.811352356093 1466.9046731041378
2796.0 1468.0
2796.609348865585 1469.194046283193
2797.639398952848 1470.4868119537168
2798.8497495636866 1471.5361716473822
2800.0 1472.0
2801.0901502617885 1471.8782970115712
2802.1202003490507 1471.1710626820945
2803.090150261788 1469.8782970115706
2804.0 1468.0
2804.0 1468.0
