469 266
2776.0 1207.17022518224
3244.085517100322 1472.3189962336382
1.0 1.0
2804.0 1468.0
2804.976751448192 1468.5368092623887
2805.956602703292 1469.0353772897925
2806.9395537653 1469.4957040822112
2807.925604634215 1469.9177896396443
2808.914755310039 1470.3016339620926
2809.9070057927693 1470.6472370495555
2810.9023560824076 1470.954598902033
2811.900806178954 1471.223719519526
2812.9023560824076 1471.4545989020332
2813.9070057927693 1471.6472370495555
2814.9147553100383 1471.8016339620926
2815.9256046342157 1471.9177896396448
2816.9395537652995 1471.995704082211
2817.956602703292 1472.0353772897927
2818.9767514481923 1472.036809262389
2820.0 1472.0
2821.026348358715 1471.9249495026259
2822.0557965243383 1471.8116577702665
2823.0883444968686 1471.660124802922
2824.123992276307 1471.4703506005926
2825.1627398626533 1471.2423351632774
2826.204587255907 1470.9760784909777
2827.2495344560684 1470.6715805836925
2828.297581463138 1470.3288414414224
2829.3363290494835 1469.9758260041074
2830.3533779874756 1469.6404992116886
2831.348728277115 1469.3228610641665
2832.322379918399 1469.0229115615405
2833.27433291133 1468.740650703811
2834.204587255907 1468.4760784909777
2835.11314295213 1468.2291949230407
2836.0 1468.0
2836.8651583995147 1467.7884937218553
2837.7086181506766 1467.594676088607
2838.5303792534846 1467.4185471002554
2839.330441707939 1467.2601067567998
2840.1088055140394 1467.1193550582404
2840.8654706717853 1466.9962920045775
2841.600437181178 1466.8909175958108
2842.3137050422174 1466.8032318319406
2842.9546696206867 1466.6904450733218
2843.4727262823717 1466.509767680311
2843.8678750272716 1466.2611996529072
2844.1401158553867 1465.944740991111
2844.289448766717 1465.5603916949221
2844.315873761263 1465.1081517643406
2844.219390839024 1464.588021199367
2844.0 1464.0
2843.6577012441912 1463.344088166241
2843.1924945715973 1462.6202856980892
2842.604379982219 1461.8285925955452
2841.893357476056 1460.969008858608
2841.0594270531083 1460.0415344872786
2840.1025887133756 1459.0461694815567
2839.0228424568577 1457.982913841442
2837.8201882835556 1456.8517675669348
2836.6231532263923 1455.694003555961
2835.560264318292 1454.5508947064461
2834.6315215592535 1453.4224410183906
2833.8369249492775 1452.3086424917942
2833.1764744883644 1451.209499126657
2832.650170176514 1450.1250109229788
2832.2580120137254 1449.0551778807599
2832.0 1448.0
2831.876134135337 1446.9594772806995
2831.886414419737 1445.9336097228581
2832.0308408531987 1444.9223973264757
2832.309413435723 1443.9258400915523
2832.72213216731 1442.9439380180886
2833.2689970479596 1441.9766911060838
2833.9500080776725 1441.024099355538
2834.765165256447 1440.0861627664517
2835.6189110209575 1439.1455335909136
2836.415687807878 1438.1848640810128
2837.1554956172076 1437.2041542367501
2837.8383344489475 1436.2034040581248
2838.4642043030963 1435.1826135451372
2839.0331051796543 1434.141782697787
2839.5450370786225 1433.0809115160746
2840.0 1432.0
2840.3979939437872 1430.8990481495628
2840.7390189099838 1429.7780559647629
2841.02307489859 1428.637023445601
2841.2501619096056 1427.4759505920767
2841.4202799430304 1426.2948374041898
2841.533428998865 1425.0936838819407
2841.5896090771093 1423.8724900253292
2841.5888201777634 1422.6312558343554
2841.6008806478617 1421.432794898558
2841.6956088344414 1420.3399208074754
2841.8730047375 1419.3526335611084
2842.1330683570395 1418.4709331594563
2842.4757996930593 1417.6948196025194
2842.9011987455588 1417.0242928902978
2843.40926551454 1416.4593530227912
2844.0 1416.0
2844.6734022019414 1415.646233821924
2845.429472120362 1415.3980544885626
2846.2682097552633 1415.2554619999169
2847.189615106645 1415.2184563559863
2848.193688174507 1415.2870375567707
2849.280428958849 1415.4612056022702
2850.4498374596715 1415.740960492485
2851.701913676974 1416.1263022274152
2852.9633050918715 1416.5701970177383
2854.160659185477 1417.025611074133
2855.293975957792 1417.492544396599
2856.363255408816 1417.9709969851363
2857.3684975385486 1418.4609688397452
2858.30970234699 1418.9624599604253
2859.186869834141 1419.475470347177
2860.0 1420.0
2860.7490928445686 1420.5360489188943
2861.434148367845 1421.08361710386
2862.0551665698313 1421.6427045548971
2862.6121474505258 1422.2133112720057
2863.1050910099298 1422.7954372551856
2863.533997248042 1423.3890825044368
2863.8988661648636 1423.9942470197595
2864.199697760394 1424.6109308011537
2864.4942888009114 1425.2085229950117
2864.840436052696 1425.756412747726
2865.238139515747 1426.2546000592972
2865.6873991900648 1426.7030849297248
2866.188215075649 1427.1018673590088
2866.740587172499 1427.4509473471494
2867.344515480617 1427.7503248941464
2868.0 1428.0
2868.70704073065 1428.1999726647105
2869.465637672566 1428.350242888277
2870.27579082575 1428.4508106707
2871.137500190199 1428.50167601198
2872.0507657659155 1428.5028389121162
2873.015587552898 1428.4542993711088
2874.031965551147 1428.356057388958
2875.099899760663 1428.2081129656638
2876.195962102658 1428.0536650121926
2877.296724498345 1427.9359124395107
2878.4021869477237 1427.8548552476186
2879.512349450795 1427.8104934365158
2880.6272120075582 1427.8028270062025
2881.7467746180137 1427.831855956679
2882.871037282161 1427.8975802879447
2884.0 1428.0
2885.133662771532 1428.1391150928446
2886.2720255967556 1428.314925566479
2887.4150884756714 1428.5274314209028
2888.562851408279 1428.776632656116
2889.715314394579 1429.0625292721188
2890.872477434571 1429.385121268911
2892.0343405282547 1429.744408646493
2893.200903675631 1430.1403914048642
2894.3299385831438 1430.5319869318334
2895.379216957237 1430.878112615209
2896.3487387979117 1431.1787684549913
2897.2385041051675 1431.4339544511802
2898.0485128790046 1431.6436706037753
2898.7787651194217 1431.8079169127773
2899.4292608264204 1431.9266933781853
2900.0 1432.0
2900.4909826401613 1432.0278367782212
2900.902208746903 1432.010203712849
2901.233678320226 1431.9471008038834
2901.4853913601296 1431.838528051324
2901.6573478666146 1431.6844854551712
2901.7495478396804 1431.4849730154249
2901.761991279328 1431.239990732085
2901.6946781855554 1430.9495386051517
2901.574406398485 1430.6294133968074
2901.427973758236 1430.2954118692344
2901.255380264809 1429.9475340224335
2901.0566259182033 1429.5857798564036
2900.83171071842 1429.2101493711455
2900.580634665458 1428.8206425666585
2900.3033977593177 1428.4172594429435
2900.0 1428.0
2899.670441387503 1427.568864237828
2899.314721921829 1427.1238521564273
2898.9328416029757 1426.6649637557982
2898.524800430945 1426.1921990359406
2898.0905984057354 1425.7055579968546
2897.6302355273474 1425.2050406385401
2897.143711795782 1424.6906469609974
2896.6310272110377 1424.162376964226
2896.0986230259487 1423.6290326873225
2895.552940493348 1423.0994161693834
2894.993979613236 1422.5735274104086
2894.4217403856123 1422.0513664103983
2893.836222810477 1421.5329331693522
2893.2374268878293 1421.0182276872704
2892.6253526176706 1420.507249964153
2892.0 1420.0
2891.361369034818 1419.4964777948117
2890.709459722124 1418.9966833485873
2890.044272061919 1418.500616661327
2889.3658060542016 1418.0082777330317
2888.6740616989728 1417.5196665637004
2887.9690389962325 1417.0347831533336
2887.2507379459803 1416.553627501931
2886.5191585482166 1416.076199609493
2885.833855445821 1415.5963904792582
2885.2543832816737 1415.1080911144657
2884.780742055774 1414.6113015151157
2884.412931768123 1414.1060216812077
2884.150952418721 1413.5922516127423
2883.9948040075656 1413.0699913097192
2883.9444865346586 1412.5392407721383
2884.0 1412.0
2884.161344403589 1411.4522689933037
2884.4285197454265 1410.89604775205
2884.8015260255124 1410.3313362762387
2885.2803632438454 1409.7581345658696
2885.865031400427 1409.176442620943
2886.5555304952572 1408.5862604414583
2887.3518605283352 1407.9875880274165
2888.254021499661 1407.3804253788167
2889.210744299123 1406.792624437129
2890.170759816607 1406.252037143823
2891.134068052115 1405.7586634988984
2892.100669005646 1405.3125035023556
2893.0705626772 1404.9135571541942
2894.0437490667764 1404.5618244544146
2895.020228174377 1404.2573054030167
2896.0 1404.0
2896.983064543646 1403.7899082453653
2897.969421805315 1403.627030139112
2898.959071785008 1403.5113656812405
2899.952014482723 1403.4429148717504
2900.948249898461 1403.4216777106421
2901.9477780322227 1403.4476541979152
2902.9505988840074 1403.52084433357
2903.956712453815 1403.6412481176067
2904.9641787594405 1403.7728628979683
2905.9710578186805 1403.879686022597
2906.977349631533 1403.9617174914945
2907.9830541979995 1404.0189573046598
2908.988171518079 1404.051405462093
2909.9927015917724 1404.059061963794
2910.996644419079 1404.041926809763
2912.0 1404.0
2913.002768334534 1403.9332815345053
2914.0049494226805 1403.8417714132781
2915.006543264442 1403.7254696363193
2916.007549859816 1403.5843762036282
2917.007969208804 1403.4184911152051
2918.0078013114053 1403.22781437105
2919.0070461676196 1403.0123459711629
2920.005703777448 1402.7720859155438
2921.0041831442313 1402.5076981750638
2922.0028932713103 1402.2198467205944
2923.001834158685 1401.9085315521356
2924.001005806356 1401.5737526696873
2925.000408214323 1401.2155100732498
2926.000041382586 1400.8338037628225
2926.999905311145 1400.4286337384058
2928.0 1400.0
2929.000325449151 1399.5479025476043
2930.000881658598 1399.0723413812195
2931.001668628341 1398.573316500845
2932.00268635838 1398.0508279064813
2933.003934848715 1397.504875598128
2934.005414099346 1396.9354595757852
2935.0071241102733 1396.3425798394533
2936.0090648814958 1395.7262363891314
2937.0107223751716 1395.1184480516495
2938.0115825534585 1394.5512336538363
2939.0116454163563 1394.0245931956918
2940.010910963864 1393.538526677216
2941.0093791959816 1393.093034098409
2942.007050112711 1392.6881154592704
2943.0039237140504 1392.323770759801
2944.0 1392.0
2944.9952789705603 1391.7168031798678
2945.9897606257314 1391.4741802994045
2946.9834449655123 1391.2721313586098
2947.976331989905 1391.110656357484
2948.968421698907 1390.9897552960267
2949.95971409252 1390.9094281742382
2950.9502091707436 1390.8696749921182
2951.9399069335777 1390.8704957496673
2952.9314826047375 1390.9066135150392
2953.927611407938 1390.9727513563878
2954.9282933431796 1391.068909273714
2955.933528410462 1391.1950872670172
2956.9433166097856 1391.3512853362972
2957.957657941149 1391.5375034815543
2958.9765524045542 1391.7537417027886
2960.0 1392.0
2961.028000727487 1392.2762783731882
2962.0605545870144 1392.5825768223535
2963.097661578583 1392.9188953474963
2964.1393217021923 1393.2852339486158
2965.1855349578423 1393.6815926257125
2966.2363013455333 1394.1079713787863
2967.2916208652655 1394.5643702078369
2968.3514935170383 1395.0507891128648
2969.400381996403 1395.5043708581156
2970.4227489989134 1395.8622582078353
2971.418594524567 1396.124451162024
2972.3879185733654 1396.2909497206813
2973.3307211453075 1396.3617538838075
2974.247002240394 1396.3368636514028
2975.1367618586255 1396.2162790234672
2976.0 1396.0
2976.83671666452 1395.688026581002
2977.6469118521827 1395.2803587664725
2978.430585562991 1394.7769965564125
2979.187737796943 1394.177939950821
2979.9183685540393 1393.4831889496984
2980.6224778342794 1392.6927435530447
2981.3000656376644 1391.8066037608598
2981.9511319641933 1390.8247695731438
2982.6037254168414 1389.8171613362672
2983.285894598583 1388.8536993966002
2983.997639509418 1387.9343837541428
2984.7389601493473 1387.059214408895
2985.50985651837 1386.228191360857
2986.3103286164865 1385.4413146100283
2987.1403764436964 1384.6985841564094
2988.0 1384.0
2988.8891992853974 1383.3455621408002
2989.8079742998884 1382.7352705788103
2990.756325043473 1382.16912531403
2991.7342515161513 1381.6471263464593
2992.7417537179235 1381.169273676098
2993.7788316487895 1380.7355673029465
2994.8454853087487 1380.3460072270045
2995.941714697802 1380.0005934482724
2997.0397655025486 1379.7176611242814
2998.111883409589 1379.515545412564
2999.1580684189234 1379.39424631312
3000.1783205305514 1379.3537638259495
3001.172639744473 1379.3940979510521
3002.141026060688 1379.515248688428
3003.083479479198 1379.7172160380776
3004.0 1380.0
3004.890587623097 1380.3636005741964
3005.755242348487 1380.808017760666
3006.5939641761715 1381.3332515594088
3007.4067531061487 1381.939301970425
3008.19360913842 1382.6261689937146
3008.9545322729855 1383.3938526292777
3009.689522509844 1384.2423528771142
3010.3985798489966 1385.1716697372237
3011.0951815678677 1386.1268719180453
3011.7928049438833 1387.0530281280169
3012.491449977043 1387.9501383671386
3013.1911166673463 1388.8182026354104
3013.8918050147936 1389.6572209328326
3014.593515019385 1390.4671932594051
3015.2962466811205 1391.2481196151275
3016.0 1392.0
3016.704774976023 1392.7228344140226
3017.410571609191 1393.4166228571958
3018.1173898995025 1394.0813653295186
3018.8252298469583 1394.7170618309917
3019.5340914515577 1395.323712361615
3020.243974713301 1395.9013169213886
3020.9548796321887 1396.4498755103123
3021.666806208221 1396.969388128386
3022.3891450902456 1397.458607367448
3023.1312869271123 1397.9162858193354
3023.8932317188214 1398.3424234840486
3024.674979465373 1398.7370203615874
3025.476530166766 1399.100076451952
3026.297883823002 1399.4315917551423
3027.13904043408 1399.7315662711585
3028.0 1400.0
3028.8807625207623 1400.2368929416677
3029.7813279963666 1400.4422450961608
3030.701696426813 1400.6160564634797
3031.641867812102 1400.7583270436244
3032.601842152233 1400.8690568365946
3033.5816194472063 1400.9482458423909
3034.581199697022 1400.9958940610127
3035.6005829016794 1401.01200149246
3036.6324478906595 1400.996483877268
3037.669473493443 1400.9492569559718
3038.711659710029 1400.870320728571
3039.759006540417 1400.7596751950657
3040.8115139846086 1400.617320355456
3041.869182042603 1400.443256209742
3042.9320107144 1400.2374827579233
3044.0 1400.0
3045.073149899403 1399.7308079359725
3046.1514604126082 1399.4299065658406
3047.234931539617 1399.097295889604
3048.323563280428 1398.732975907263
3049.4173556350424 1398.3369466188176
3050.5163086034595 1397.9092080242676
3051.6204221856788 1397.4497601236135
3052.7296963817016 1396.9586029168545
3053.816167565796 1396.499989368944
3054.8518721122314 1396.1381724448347
3055.8368100210073 1395.873152144526
3056.7709812921244 1395.7049284680186
3057.654385925582 1395.6335014153124
3058.48702392138 1395.6588709864072
3059.2688952795197 1395.7810371813032
3060.0 1396.0
3060.680338082821 1396.3157594424981
3061.3099095279827 1396.728315508797
3061.888714335485 1397.2376681988972
3062.416752505329 1397.8438175127983
3062.8940240375127 1398.5467634505005
3063.3205289320376 1399.3465060120038
3063.696267188903 1400.243045197308
3064.02123880811 1401.2363810064135
3064.3455467145636 1402.2535799090685
3064.719293833169 1403.2217083750215
3065.142480163927 1404.1407664042727
3065.6151057068373 1405.010753996822
3066.1371704618987 1405.8316711526693
3066.7086744291137 1406.6035178718148
3067.329617608481 1407.3262941542584
3068.0 1408.0
3068.7198216036713 1408.62463540904
3069.4890824194954 1409.2002003813777
3070.3077824474713 1409.7266949170134
3071.1759216876003 1410.2041190159478
3072.0935001398807 1410.63247267818
3073.060517804314 1411.0117559037103
3074.076974680899 1411.3419686925386
3075.142870769637 1411.6231110446652
3076.235552146823 1411.8535311766457
3077.332364888755 1412.0315773050365
3078.433308995432 1412.1572494298382
3079.5383844668545 1412.2305475510498
3080.647591303023 1412.2514716686717
3081.760929503937 1412.2200217827042
3082.8783990695956 1412.1361978931468
3084.0 1412.0
3085.12573229515 1411.811428103263
3086.255595955045 1411.5704822029368
3087.3895909796856 1411.277162299021
3088.527717369072 1410.9314683915154
3089.6699751232036 1410.5334004804201
3090.8163642420805 1410.0829585657352
3091.9668847257026 1409.5801426474604
3093.1215365740704 1409.0249527255962
3094.2411404044983 1408.5002330310572
3095.2865168343014 1408.0888277947577
3096.2576658634803 1407.7907370166986
3097.1545874920334 1407.6059606968788
3097.977281719963 1407.5344988352992
3098.7257485472664 1407.57635143196
3099.399987973946 1407.7315184868598
3100.0 1408.0
3100.5257846254294 1408.3817959713801
3100.977341850234 1408.876906401
3101.354671674414 1409.48533128886
3101.657774097969 1410.2070706349596
3101.886649120899 1411.0421244392992
3102.041296743205 1411.9904927018788
3102.1217169648853 1413.052175422698
3102.1279097859415 1414.2271726017575
3102.130105426187 1415.3950706370117
3102.198534105435 1416.4354559264164
3102.3331958236877 1417.3483284699714
3102.5340905809426 1418.1336882676767
3102.8012183772025 1418.791535319532
3103.1345792124644 1419.3218696255376
3103.5341730867303 1419.7246911856937
3104.0 1420.0
3104.532059952273 1420.1477960684567
3105.1303529435495 1420.1680793910634
3105.7948789738293 1420.0608499678206
3106.5256380431124 1419.826107798728
3107.3226301513996 1419.4638528837854
3108.1858552986896 1418.9740852229934
3109.1153134849837 1418.3568048163515
3110.1110047102807 1417.61201166386
3111.103227038381 1416.8168431468725
3112.0222785330866 1416.048436646744
3112.8681591943955 1415.3067921634738
3113.6408690223084 1414.591909697062
3114.340408016825 1413.9037892475087
3114.966776177946 1413.242430814814
3115.519973505671 1412.607834398978
3116.0 1412.0
3116.4068556609323 1411.4189276178806
3116.7405404884694 1410.86461725262
3117.00105448261 1410.3370689042176
3117.1883976433546 1409.8362825726738
3117.302569970703 1409.3622582579885
3117.343571464656 1408.9149959601618
3117.3114021252127 1408.4944956791933
3117.2060619523736 1408.1007574150835
3117.063032343522 1407.7038704817523
3116.917794696044 1407.27392419312
3116.7703490099384 1406.8109185491865
3116.6206952852053 1406.3148535499513
3116.468833521845 1405.7857291954153
3116.314763719857 1405.2235454855781
3116.1584858792426 1404.6283024204395
3116.0 1404.0
3115.839306082131 1403.3386382242588
3115.6764041256333 1402.6442170932169
3115.5112941305097 1401.9167366068734
3115.3439760967576 1401.156196765229
3115.1744500243794 1400.3625975682833
3115.0027159133724 1399.5359390160363
3114.8287737637393 1398.676221108488
3114.652623575478 1397.7834438456387
3114.518578900484 1396.897433962613
3114.470953290649 1396.058018194536
3114.509746745974 1395.2651965414082
3114.63495926646 1394.518969003229
3114.8465908521052 1393.8193355799986
3115.14464150291 1393.1662962717169
3115.5291112188747 1392.5598510783839
3116.0 1392.0
3116.557307846285 1391.4867430365648
3117.2010347577298 1391.0200801880785
3117.9311807343342 1390.600011454541
3118.747745776099 1390.226536835952
3119.650729883023 1389.899656332312
3120.640133055107 1389.6193699436205
3121.7159552923513 1389.385677669878
3122.8781965947555 1389.1985795110845
3124.075494253574 1389.0365257425694
3125.25648556006 1388.8779666396629
3126.421170514214 1388.7229022023648
3127.569549116035 1388.5713324306748
3128.7016213655247 1388.4232573245936
3129.8173872626817 1388.2786768841208
3130.916846807507 1388.1375911092562
3132.0 1388.0
3133.066846840161 1387.8659035563526
3134.1173873279895 1387.7353017783134
3135.1516214634858 1387.6081946658824
3136.1695492466506 1387.4845822190603
3137.171170677483 1387.3644644378462
3138.1564857559824 1387.2478413222407
3139.125494482151 1387.1347128722437
3140.078196855987 1387.025079087855
3141.0284555780727 1386.9459115819711
3141.990133348992 1386.9241819674874
3142.9632301687443 1386.9598902444045
3143.9477460373296 1387.0530364127223
3144.943680954748 1387.203620472441
3145.9510349209986 1387.4116424235601
3146.9698079360833 1387.6771022660798
3148.0 1388.0
3149.04161111275 1388.380335625321
3150.094641274333 1388.8181091420429
3151.1590904847494 1389.3133205501651
3152.2349587439985 1389.865969849688
3153.32224605208 1390.4760570406117
3154.4209524089956 1391.143582122936
3155.5310778147436 1391.868545096661
3156.6526222693246 1392.6509459617864
3157.7537722779894 1393.4130047656063
3158.802714345988 1394.0769415554137
3159.7994484733217 1394.6427563312088
3160.743974659989 1395.1104490929915
3161.6362929059896 1395.4800198407622
3162.4764032113258 1395.7514685745202
3163.2643055759963 1395.9247952942665
3164.0 1396.0
3164.683486483339 1395.9770826917213
3165.314765026011 1395.8560433694306
3165.893835628018 1395.6368820331274
3166.4206982893593 1395.3195986828123
3166.895353010035 1394.9041933184844
3167.3177997900443 1394.3906659401443
3167.688038629388 1393.7790165477923
3168.0060695280663 1393.0692451414275
3168.323910753992 1392.3260598243933
3168.69358057508 1391.6141687000322
3169.1150789913295 1390.933571768344
3169.58840600274 1390.2842690293292
3170.1135616093125 1389.6662604829874
3170.690545811047 1389.0795461293187
3171.319358607943 1388.524125968323
3172.0 1388.0
3172.7324699872197 1387.5071682243508
3173.5167685696006 1387.0456306413744
3174.352895747143 1386.6153872510708
3175.240851519848 1386.2164380534405
3176.180635887714 1385.8487830484835
3177.172248850741 1385.5124222361994
3178.2156904089306 1385.2073556165883
3179.3109605622813 1384.9335831896503
3180.427763198061 1384.6931362880357
3181.5358022035366 1384.488046244395
3182.635077578708 1384.3183130587283
3183.7255893235747 1384.1839367310351
3184.8073374381374 1384.0849172613155
3185.880321922396 1384.0212546495698
3186.9445427763503 1383.992948895798
3188.0 1384.0
3189.0466935933464 1384.0424079621757
3190.0846235563877 1384.1201727823254
3191.1137898891247 1384.2332944604486
3192.1341925915585 1384.3817729965458
3193.145831663687 1384.5656083906165
3194.1487071055117 1384.7848006426611
3195.142818917032 1385.0393497526798
3196.1281670982485 1385.3292557206719
3197.1095100576445 1385.6401224473932
3198.0916062037036 1385.9575538335987
3199.074455536427 1386.2815498792881
3200.058058055815 1386.612110584462
3201.042413761865 1386.9492359491203
3202.02752265458 1387.2929259732625
3203.0133847339584 1387.643180656889
3204.0 1388.0
3204.987368452706 1388.363384002595
3205.9754900920757 1388.7333326646742
3206.964364918109 1389.1098459862376
3207.9539929308057 1389.4929239672854
3208.9443741301666 1389.8825666078171
3209.9355085161906 1390.2787739078333
3210.9273960888786 1390.6815458673336
3211.9200368482307 1391.0908824863182
3212.915176456075 1391.4661290276051
3213.914560574242 1391.7666307540132
3214.91818920273 1391.992387665542
3215.92606234154 1392.1433997621918
3216.938179990673 1392.2196670439625
3217.9545421501266 1392.221189510854
3218.9751488199026 1392.1479671628665
3220.0 1392.0
3221.02909569042 1391.7772880222542
3222.062435891162 1391.4798312296289
3223.1000206022254 1391.1076296221252
3224.1418498236108 1390.660683199742
3225.187923555319 1390.1389919624796
3226.2382417973477 1389.5425559103383
3227.2928045496988 1388.8713750433178
3228.3516118123716 1388.1254493614183
3229.3994312059085 1387.3756033869745
3230.42103035085 1386.6926616423211
3231.416409247196 1386.0766241274578
3232.385567894947 1385.5274908423853
3233.3285062941027 1385.0452617871033
3234.2452244446636 1384.6299369616117
3235.1357223466293 1384.2815163659109
3236.0 1384.0
3236.838057404776 1383.78538786388
3237.649894560956 1383.63767995755
3238.4355114685413 1383.556876281011
3239.194908127532 1383.5429768342622
3239.928084537926 1383.5959816173038
3240.6350406997267 1383.715890630136
3241.3157766129316 1383.9027038727586
3241.9702922775414 1384.1564213451718
3242.563236308478 1384.4052506505482
3243.0592573206627 1384.5773993920611
3243.4583553140974 1384.6728675697102
3243.76053028878 1384.6916551834956
3243.9657822447116 1384.633762233417
3244.0741111818925 1384.4991887194751
3244.085517100322 1384.2879346416694
3244.0 1384.0
3243.8175598809266 1383.6353847944667
3243.5381967431026 1383.1940890250698
3243.161910586527 1382.6761126918095
3242.688701411201 1382.081455794685
3242.118569217123 1381.410118333697
3241.451514004294 1380.6621003088453
3240.6875357727135 1379.83740172013
3239.826634522382 1378.936022567551
3238.9086509432263 1378.0053927097358
3237.973425725173 1377.0929420053126
3237.020958868221 1376.198670454281
3236.051250372373 1375.3225780566413
3235.064300237626 1374.4646648123933
3234.0601084639816 1373.6249307215373
3233.0386750514404 1372.8033757840728
3232.0 1372.0
3230.944083309663 1371.2148033693193
3229.870924980428 1370.4477858920302
3228.7805250122956 1369.698947568133
3227.672883405265 1368.9682883976272
3226.548000159337 1368.2558083805136
3225.4058752745113 1367.5615075167916
3224.246508750788 1366.8853858064613
3223.069900588167 1366.2274432495228
3221.9223580321654 1365.562393091037
3220.8501883283016 1364.8649485760639
3219.8533914765744 1364.135109704604
3218.9319674769854 1363.372876476657
3218.085916329533 1362.5782488922234
3217.3152380342185 1361.7512269513024
3216.6199325910407 1360.8918106538947
3216.0 1360.0
3215.4554402610975 1359.0757949896183
3214.9862533743317 1358.1191956227499
3214.592439339703 1357.1302018993943
3214.2739981572117 1356.1088138195516
3214.0309298268576 1355.0550313832223
3213.863234348641 1353.9688545904057
3213.7709117225613 1352.8502834411024
3213.7539619486197 1351.6993179353121
3213.8072008637832 1350.5577487440432
3213.9254443050204 1349.4673665383043
3214.1086922723316 1348.4281713180956
3214.3569447657173 1347.4401630834166
3214.6702017851767 1346.5033418342673
3215.0484633307105 1345.6177075706482
3215.491729402318 1344.7832602925591
3216.0 1344.0
3216.573275123755 1343.2679266929708
3217.211554773585 1342.5870403714716
3217.914838949488 1341.9573410355022
3218.6831276514663 1341.3788286850627
3219.5164208795177 1340.8515033201534
3220.414718633643 1340.3753649407738
3221.378020913843 1339.9504135469242
3222.4063277201167 1339.5766491386048
3223.421936785137 1339.2161144447036
3224.3471458415756 1338.8308521941099
3225.1819548894327 1338.4208623868235
3225.9263639287087 1337.9861450228443
3226.5803729594036 1337.5267001021725
3227.143981981517 1337.0425276248077
3227.617190995049 1336.5336275907503
3228.0 1336.0
3228.2924089963694 1335.4416448525574
3228.4944179841577 1334.8585621484217
3228.6060269633645 1334.2507518875934
3228.62723593399 1333.6182140700723
3228.558044896034 1332.9609486958584
3228.398453849497 1332.278955764952
3228.1484627943787 1331.5722352773528
3227.808071730679 1330.8407872330606
3227.411178425395 1330.1455645877354
3226.991680645526 1329.5475202970367
3226.54957839107 1329.0466543609643
3226.0848716620285 1328.6429667795187
3225.5975604584005 1328.3364575526994
3225.0876447801866 1328.1271266805068
3224.5551246273862 1328.01497416294
3224.0 1328.0
3223.422270898028 1328.0822041916867
3222.8219373214697 1328.2615867379996
3222.198999270325 1328.5381476389389
3221.553456744594 1328.9118868945047
3220.885309744277 1329.382804504697
3220.1945582693743 1329.950900469516
3219.4812023198856 1330.616174788961
3218.74524189581 1331.378627463033
3217.985992662491 1332.1604980288848
3217.20277028527 1332.8840260236705
3216.3955747641467 1333.5492114473905
3215.5644060991217 1334.1560543000444
3214.709264290194 1334.7045545816325
3213.8301493373647 1335.1947122921542
3212.9270612406335 1335.6265274316102
3212.0 1336.0
3211.0489656154646 1336.315129997324
3210.0739580870268 1336.571917423582
3209.0749774146875 1336.770362278774
3208.0520235984463 1336.9104645628997
3207.0050966383033 1336.9922242759596
3205.9341965342574 1337.0156414179537
3204.83932328631 1336.9807159888815
3203.7204768944603 1336.8874479887436
3202.610365599659 1336.766447238957
3201.5416976428555 1336.6483235609405
3200.5144730240504 1336.5330769546931
3199.528691743244 1336.4207074202156
3198.584353800436 1336.3112149575074
3197.6814591956254 1336.2045995665687
3196.820007928814 1336.1008612473997
3196.0 1336.0
3195.221435409185 1335.9020158243702
3194.4843141563674 1335.8069087205095
3193.788636241549 1335.7146786884186
3193.134401664728 1335.6253257280973
3192.5216104259052 1335.5388498395455
3191.9502625250816 1335.4552510227632
3191.420357962256 1335.3745292777503
3190.9318967374284 1335.296684604507
3190.476813739556 1335.1783185373727
3190.047043857596 1334.9760326106875
3189.6425870915496 1334.6898268244513
3189.263443441414 1334.3197011786633
3188.9096129071922 1333.8656556733242
3188.5810954888816 1333.3276903084343
3188.277891186485 1332.7058050839926
3188.0 1332.0
3187.7474219294277 1331.2102750564563
3187.5201569747674 1330.3366302533611
3187.31820513602 1329.3790655907146
3187.1415664131846 1328.3375810685172
3186.9902408062626 1327.2121766867685
3186.864228315252 1326.0028524454685
3186.7635289401546 1324.7096083446172
3186.6881426809696 1323.3324443842148
3186.653751963004 1321.976141536806
3186.676039211566 1320.7454807749343
3186.7550044266545 1319.640462098601
3186.8906476082702 1318.661085507805
3187.082968756412 1317.807351002547
3187.3319678710814 1317.0792585828272
3187.6376449522772 1316.4768082486446
3188.0 1316.0
3188.41903301425 1315.6488338368931
3188.894743995027 1315.4233097593242
3189.4271329423304 1315.323427767293
3190.0161998561616 1315.3491878607995
3190.6619447365183 1315.500590039844
3191.3643675834032 1315.777634304426
3192.1234683968146 1316.180320654546
3192.939247176753 1316.7086490902038
3193.788174482417 1317.2773322417925
3194.6467208730082 1317.8010827397059
3195.514886348525 1318.2799005839438
3196.392670908968 1318.713785774506
3197.280074554337 1319.102738311393
3198.1770972846316 1319.4467581946042
3199.083739099852 1319.74584542414
3200.0 1320.0
3200.9258799850722 1320.2092219221847
3201.8613790550717 1320.373511190694
3202.8064972099974 1320.4928678055278
3203.761234449848 1320.567291766686
3204.7255907746253 1320.5967830741686
3205.6995661843284 1320.5813417279758
3206.6831606789574 1320.5209677281073
3207.6763742585126 1320.4156610745636
3208.6797011424896 1320.2973650124395
3209.693635550383 1320.1980227868307
3210.718177482194 1320.1176343977374
3211.753326937921 1320.0561998451592
3212.799083917565 1320.0137191290967
3213.8554484211268 1319.990192249549
3214.922420448605 1319.9856192065172
3216.0 1320.0
3217.088187075312 1320.0333346299988
3218.186981674541 1320.0856230965126
3219.2963837976868 1320.1568653995416
3220.4163934447497 1320.2470615390862
3221.54701061573 1320.356211515146
3222.6882353106257 1320.484315327721
3223.8400675294397 1320.6313729768115
3225.00250727217 1320.797384462417
3226.133618662645 1320.9384776835723
3227.191465824693 1321.010780539311
3228.176048758313 1321.0142930296333
3229.087367463506 1320.9490151545397
3229.925421940271 1320.8149469140292
3230.690212188608 1320.6120883081023
3231.3817382085176 1320.3404393367596
3232.0 1320.0
3232.544997563055 1319.590770297824
3233.0167308976825 1319.1127502302318
3233.415200003882 1318.5659397972233
3233.7404048816543 1317.9503389987983
3233.9923455309986 1317.2659478349567
3234.171021951916 1316.512766305699
3234.2764341444054 1315.6907944110249
3234.308582108468 1314.8000321509344
3234.2685868816397 1313.8842688861273
3234.157569501461 1312.987293977303
3233.9755299679296 1312.1091074244616
3233.7224682810474 1311.2497092276033
3233.398384440813 1310.4090993867283
3233.0032784472264 1309.5872779018357
3232.5371503002893 1308.7842447729263
3232.0 1308.0
3231.3918275463593 1307.2345435830566
3230.712632939367 1306.4878755220961
3229.962416179022 1305.7599958171188
3229.1411772653264 1305.0509044681244
3228.2489161982785 1304.3606014751128
3227.2856329778792 1303.6890868380844
3226.251327604128 1303.0363605570387
3225.1460000770257 1302.4024226319762
3224.0048600475156 1301.8184089996644
3222.863117166544 1301.3154555968713
3221.720771434109 1300.8935624235964
3220.5778228502118 1300.55272947984
3219.4342714148524 1300.2929567656024
3218.290117128031 1300.1142442808832
3217.145359989747 1300.0165920256823
3216.0 1300.0
3214.854037158791 1300.0644682038364
3213.7074714661194 1300.2099966371911
3212.5603029219856 1300.4365853000645
3211.4125315263896 1300.7442341924561
3210.264157279331 1301.1329433143665
3209.1151801808096 1301.6027126657955
3207.9656002308266 1302.1535422467427
3206.8154174293804 1302.7854320572085
3205.702252833266 1303.3927771158867
3204.6637274992786 1303.8699724414705
3203.6998414274162 1304.2170180339606
3202.810594617681 1304.4339138933565
3201.9959870700714 1304.5206600196584
3201.256018784588 1304.4772564128664
3200.590689761231 1304.3037030729804
3200.0 1304.0
3199.483949500895 1303.5661471939259
3199.0425382639164 1303.0021446547576
3198.6757662890636 1302.3079923824953
3198.383633576338 1301.4836903771388
3198.166140125737 1300.5292386386886
3198.0232859372627 1299.444637167144
3197.955071010915 1298.2298859625057
3197.9614953466935 1296.8849850247734
3198.0316229528876 1295.5124283050168
3198.154517837787 1294.2147097543057
3198.330180001392 1292.9918293726405
3198.558609443702 1291.843787160021
3198.839806164718 1290.7705831164474
3199.1737701644406 1289.772217241919
3199.5605014428675 1288.8486895364367
3200.0 1288.0
3200.492265835838 1287.2261486326092
3201.037298950382 1286.527135434264
3201.635099343631 1285.9029604049642
3202.285667015586 1285.3536235447104
3202.9890019662466 1284.8791248535022
3203.7451041956124 1284.4794643313398
3204.5539737036834 1284.154641978223
3205.4156104904605 1283.9046577941522
3206.2955094494105 1283.720153054014
3207.1591654740014 1283.5917690326953
3208.0065785642323 1283.5195057301967
3208.8377487201046 1283.5033631465178
3209.6526759416174 1283.5433412816587
3210.451360228771 1283.6394401356192
3211.2338015815653 1283.7916597084
3212.0 1284.0
3212.749955484076 1284.26446101042
3213.483668033792 1284.58504273966
3214.201137649149 1284.9617451877193
3214.902364330147 1285.3945683545987
3215.587348076785 1285.883512240298
3216.256088889065 1286.428576844817
3216.9085867669846 1287.0297621681557
3217.5448417105454 1287.687068210314
3218.1953203506514 1288.3541533709001
3218.8904893182075 1288.984676049522
3219.6303486132138 1289.5786362461793
3220.4148982356705 1290.1360339608723
3221.2441381855783 1290.6568691936009
3222.1180684629353 1291.141141944365
3223.0366890677424 1291.5888522131647
3224.0 1292.0
3225.0080012597077 1292.3745853048708
3226.0606928468665 1292.7126081277772
3227.1580747614744 1293.0140684687194
3228.3001470035333 1293.278966327697
3229.486909573042 1293.5073017047102
3230.718362470001 1293.6990745997591
3231.9945056944107 1293.8542850128433
3233.31533924627 1293.9729329439635
3234.5950684466834 1294.0299267205849
3235.7478986167553 1294.0001746701726
3236.7738297564842 1293.883676792727
3237.6728618658717 1293.6804330882483
3238.4449949449167 1293.390443556736
3239.09022899362 1293.013708198191
3239.6085640119813 1292.5502270126121
3240.0 1292.0
3240.2645369576767 1291.3630271603547
3240.402174885011 1290.639308493676
3240.4129137820037 1289.8288439999642
3240.2967536486544 1288.931633679219
3240.0536944849623 1287.9476775314404
3239.683736290929 1286.8769755566284
3239.186879066553 1285.7195277547833
3238.563122811835 1284.4753341259047
3237.8592689692473 1283.2162863055917
3237.1221189812613 1282.0142759294429
3236.3516728478785 1280.8693029974584
3235.5479305690983 1279.7813675096384
3234.7108921449203 1278.7504694659822
3233.840557575344 1277.7766088664905
3232.936926860371 1276.859785711163
3232.0 1276.0
3231.0297769942317 1275.1972517330012
3230.026257843065 1274.4515409101666
3228.9894425465013 1273.762867531496
3227.91933110454 1273.1312315969901
3226.8159235171806 1272.5566331066484
3225.6792197844247 1272.0390720604705
3224.5092199062706 1271.5785484584574
3223.305923882719 1271.1750623006083
3222.124317737832 1270.7973554458654
3221.019387495673 1270.41416975317
3219.9911331562416 1270.0255052225223
3219.0395547195385 1269.6313618539225
3218.1646521855623 1269.2317396473702
3217.366425554314 1268.8266386028658
3216.644874825793 1268.4160587204092
3216.0 1268.0
3215.431801076935 1267.5784624416387
3214.940278056597 1267.1514460453254
3214.525430938987 1266.7189508110594
3214.1872597241054 1266.2809767388412
3213.92576441195 1265.8375238286708
3213.740945002523 1265.388592080548
3213.6328014958235 1264.934181494473
3213.601333891852 1264.4742920704457
3213.5823246037594 1263.9995810192167
3213.5115560447 1263.5007055515377
3213.389028214671 1262.9776656674078
3213.2147411136734 1262.4304613668273
3212.9886947417076 1261.8590926497961
3212.710889098774 1261.2635595163147
3212.381324184871 1260.6438619663827
3212.0 1260.0
3211.566916544161 1259.3319736171668
3211.0820738173534 1258.6397828178829
3210.5454718195774 1257.9234276021484
3209.9571105508326 1257.1829079699633
3209.3169900111197 1256.4182239213278
3208.625110200439 1255.6293754562416
3207.881471118789 1254.8163625747052
3207.086072766171 1253.9791852767178
3206.2567346396104 1253.142658438833
3205.411276236132 1252.331596937604
3204.5496975557367 1251.5460007730308
3203.6719985984237 1250.7858699451133
3202.778179364194 1250.0512044538514
3201.8682398530464 1249.342004299245
3200.942180064982 1248.6582694812948
3200.0 1248.0
3199.041699658101 1247.367195855361
3198.0672790392846 1246.7598570473776
3197.076738143551 1246.17798357605
3196.0700769709006 1245.6215754413781
3195.047295521332 1245.090632643362
3194.008393794847 1244.5851551820015
3192.9533717914446 1244.1051430572966
3191.8822295111245 1243.6505962692477
3190.814767558582 1243.2069683477846
3189.7707865385114 1242.759712822838
3188.750286450913 1242.3088296944075
3187.7532672957864 1241.8543189624934
3186.779729073132 1241.3961806270954
3185.8296717829494 1240.934414688214
3184.9030954252385 1240.4690211458487
3184.0 1240.0
3183.1203855072336 1239.5273512506676
3182.264251946939 1239.0510748978513
3181.4315993191167 1238.5711709415516
3180.6224276237663 1238.087639381768
3179.836736860888 1237.6004802185007
3179.074527030481 1237.10969345175
3178.335798132546 1236.6152790815152
3177.620550167084 1236.1172371077969
3176.9171600089 1235.6155314744599
3176.2140045328015 1235.1101261253693
3175.511083738788 1234.6010210605252
3174.80839762686 1234.0882162799273
3174.105946197017 1233.571711783576
3173.4037294492596 1233.051507571471
3172.7017473835876 1232.5276036436123
3172.0 1232.0
3171.298487298499 1231.4686966406343
3170.5972092790817 1230.9336935655147
3169.896165941751 1230.3949907746414
3169.195357286505 1229.8525882680146
3168.494783313344 1229.3064860456343
3167.7944440222686 1228.7566841075004
3167.0943394132782 1228.203182453613
3166.3944694863735 1227.6459810839715
3165.6822723880196 1227.099842805456
3164.945186264682 1226.5795304249464
3164.183211116361 1226.0850439424416
3163.396346943055 1225.6163833579426
3162.584593744767 1225.173548671449
3161.747951521495 1224.7565398829606
3160.8864202732393 1224.3653569924777
3160.0 1224.0
3159.0886907017766 1223.660468905528
3158.15249237857 1223.346763709061
3157.19140503038 1223.0588844105996
3156.205428657206 1222.7968310101437
3155.1945632590487 1222.560603507693
3154.1588088359076 1222.3502019032478
3153.098165387783 1222.165626196808
3152.0126329146747 1222.0068763883737
3150.926705662983 1221.8479116928024
3149.864877879107 1221.6626913249527
3148.8271495630484 1221.451215284824
3147.813520714806 1221.2134835724169
3146.8239913343796 1220.9494961877308
3145.8585614217704 1220.659253130766
3144.9172309769765 1220.3427544015224
3144.0 1220.0
3143.10686849084 1219.6309899261992
3142.237836449496 1219.2357241801194
3141.3929038759684 1218.814202761761
3140.5720707702576 1218.3664256711236
3139.7753371323624 1217.8923929082077
3139.0027029622847 1217.392104473013
3138.254168260023 1216.8655603655393
3137.529733025578 1216.3127605857871
3136.8199936340834 1215.7501870377293
3136.1155464606736 1215.1943216253383
3135.416391505349 1214.6451643486143
3134.722528768109 1214.1027152075574
3134.0339582489546 1213.5669742021673
3133.350679947884 1213.0379413324445
3132.6726938648994 1212.515616598389
3132.0 1212.0
3131.3325983531845 1211.4910915372784
3130.6704889244547 1210.9888912102238
3130.01367171381 1210.493399018836
3129.362146721249 1210.0046149631155
3128.715913946774 1209.522539043062
3128.0749733903835 1209.0471712586755
3127.439325052078 1208.5785116099562
3126.8089689318576 1208.1165600969039
3126.2158325325167 1207.7134660808229
3125.6918433568494 1207.4213789230191
3125.237001404856 1207.2402986234913
3124.851306676537 1207.17022518224
3124.534759171892 1207.2111585992652
3124.2873588909206 1207.363098874567
3124.1091058336233 1207.6260460081453
3124.0 1208.0
3123.9600413900503 1208.484960850131
3123.989230003775 1209.0809285585387
3124.0875658411733 1209.7879031252228
3124.255048902246 1210.6058845501834
3124.4916791869923 1211.5348728334206
3124.7974566954126 1212.5748679749343
3125.1723814275065 1213.7258699747244
3125.6164533832753 1214.9878788327908
3126.072511170816 1216.2815164773326
3126.483393398228 1217.5274048365484
3126.8491000655117 1218.7255439104385
3127.1696311726664 1219.8759336990026
3127.444986719693 1220.978574202241
3127.675166706591 1222.033465420153
3127.8601711333595 1223.0406073527395
3128.0 1224.0
3128.0946533065116 1224.9116433619347
3128.1441310528953 1225.7755374385433
3128.1484332391497 1226.5916822298263
3128.107559865275 1227.3600777357833
3128.021510931272 1228.0807239564142
3127.890286437141 1228.7536208917195
3127.7138863828814 1229.3787685416987
3127.4923107684926 1229.9561669063519
3127.286600442588 1230.534935055182
3127.157796253782 1231.1641920576906
3127.1058982020736 1231.8439379138783
3127.1309062874634 1232.5741726237447
3127.2328205099507 1233.3548961872903
3127.411640869536 1234.1861086045146
3127.66736736622 1235.0678098754179
3128.0 1236.0
3128.40953877088 1236.9826789782612
3128.8959836788563 1238.0158468102013
3129.459334723931 1239.09950349582
3130.0995919061033 1240.2336490351179
3130.816755225374 1241.4182834280946
3131.610824681743 1242.6534066747502
3132.481800275209 1243.9390187750846
3133.429682005773 1245.2751197290982
3134.332886173657 1246.5713731915773
3135.069829079082 1247.7374428173086
3135.6405107220485 1248.7733286062928
3136.044931102556 1249.6790305585293
3136.283090220605 1250.4545486740183
3136.354988076195 1251.0998829527598
3136.2606246693267 1251.6150333947537
3136.0 1252.0
3135.5731140682146 1252.254782768499
3134.9799668739697 1252.3793817002504
3134.220558417267 1252.3737967952543
3133.2948886981053 1252.2380280535106
3132.202957716485 1251.9720754750192
3130.9447654724063 1251.5759390597805
3129.520311965868 1251.0496188077943
3127.9295971968722 1250.3931147190606
3126.3410825154733 1249.7243257953562
3124.923229271729 1249.1611510384582
3123.6760374656387 1248.703590448366
3122.5995070972026 1248.3516440250805
3121.693638166421 1248.105311768601
3120.958430673293 1247.9645936789277
3120.3938846178194 1247.929489756061
3120.0 1248.0
3119.7767768198346 1248.1761244107456
3119.7242150773236 1248.4578629882974
3119.842314772467 1248.8452157326556
3120.1310759052644 1249.33818264382
3120.5904984757162 1249.9367637217904
3121.2205824838215 1250.6409589665673
3122.0213279295813 1251.45076837815
3122.9927348129954 1252.3661919565393
3123.9956187335033 1253.332672036287
3124.8907952905447 1254.2956509519443
3125.67826448412 1255.255128703512
3126.358026314229 1256.2111052909895
3126.9300807808713 1257.1635807143768
3127.3944278840468 1258.1125549736746
3127.7510676237566 1259.0580280688823
3128.0 1260.0
3128.1412250127764 1260.9384707670279
3128.174742662087 1261.8734403699655
3128.100552947931 1262.8049088088135
3127.9186558703086 1263.7328760835715
3127.62905142922 1264.6573421942394
3127.2317396246644 1265.5783071408173
3126.7267204566433 1266.4957709233054
3126.1139939251552 1267.4097335417036
3125.435205083506 1268.2796419869233
3124.731998985001 1269.0649432498767
3124.0043756296404 1269.7656373305635
3123.252335017424 1270.3817242289838
3122.4758771483516 1270.9132039451379
3121.6750020224235 1271.3600764790249
3120.8497096396395 1271.7223418306455
3120.0 1272.0
3119.125873103504 1272.1930509870876
3118.2273289501527 1272.3014947919087
3117.304367539946 1272.3253314144636
3116.3569888728825 1272.2645608547516
3115.385192948964 1272.1191831127733
3114.3889797681895 1271.8891981885286
3113.368349330559 1271.574606082017
3112.3233016360728 1271.1754067932393
3111.268150765459 1270.7394760421726
3110.2172107994475 1270.314689548795
3109.170481738036 1269.9010473131066
3108.1279635812266 1269.498549335107
3107.089656329018 1269.1071956147966
3106.0555599814106 1268.7269861521754
3105.025674538405 1268.3579209472432
3104.0 1268.0
3102.9785363661967 1267.653223310446
3101.9612836369943 1267.3175908785809
3100.9482418123935 1266.9931027044051
3099.9394108923943 1266.6797587879182
3098.934790876995 1266.3775591291203
3097.9343817661984 1266.0865037280116
3096.9381835600025 1265.806592584592
3095.9461962584073 1265.5378256988613
3094.955890323738 1265.2835017600414
3093.9647362183164 1265.0469194573534
3092.9727339421424 1264.8280787907975
3091.9798834952176 1264.6269797603738
3090.9861848775413 1264.4436223660823
3089.991638089112 1264.2780066079229
3088.996243129932 1264.1301324858955
3088.0 1264.0
3087.002908699316 1263.887609150237
3086.004969227881 1263.792959936606
3085.0061815856934 1263.716052359107
3084.0065457727546 1263.65688641774
3083.006061789064 1263.6154621125054
3082.004729634621 1263.5917794434029
3081.002549309427 1263.5858384104322
3079.9995208134815 1263.5976390135938
3078.9965072921145 1263.6220133975805
3077.994371890656 1263.6537937070857
3076.9931146091076 1263.692979942109
3075.992735447468 1263.7395721026508
3074.993234405737 1263.7935701887104
3073.9946114839154 1263.8549742002888
3072.996866682003 1263.9237841373852
3072.0 1264.0
3071.0040114379062 1264.0836217881333
3070.0089009957214 1264.1746495017846
3069.014668673446 1264.2730831409542
3068.021314471079 1264.3789227056423
3067.0288383886223 1264.4921681958483
3066.0372404260743 1264.6128196115728
3065.046520583435 1264.7408769528156
3064.056678860705 1264.8763402195768
3063.065065923578 1264.984417854476
3062.0690324377474 1265.0303183001336
3061.0685784032144 1265.0140415565493
3060.063703819978 1264.935587623723
3059.0544086880386 1264.7949565016552
3058.040693007395 1264.5921481903454
3057.022556778049 1264.3271626897936
3056.0 1264.0
3054.973022673247 1263.610660120965
3053.9416247977915 1263.1591430526876
3052.9058063736334 1262.6454487951687
3051.865567400771 1262.0695773484078
3050.8209078792056 1261.431528712405
3049.771827808937 1260.7313028871604
3048.7183271899657 1259.9688998726742
3047.6604060222908 1259.144319668946
3046.6130971664197 1258.2839794755632
3045.591433482858 1257.4142964921132
3044.5954149716067 1256.5352707185957
3043.625041632665 1255.6469021550113
3042.6803134660345 1254.7491908013594
3041.761230471713 1253.8421366576404
3040.867792649701 1252.925739723854
3040.0 1252.0
3039.157852522608 1251.064917486079
3038.341350217527 1250.1204921820906
3037.550493084756 1249.1667240880352
3036.7852811242947 1248.203613203912
3036.0457143361427 1247.231159529722
3035.3317927203016 1246.2493630654644
3034.6435162767702 1245.2582238111397
3033.9808850055488 1244.2577417667476
3033.318851077904 1243.3117052921448
3032.6323666651024 1242.4839027471874
3031.921431767144 1241.7743341318753
3031.1860463840285 1241.1829994462094
3030.4262105157572 1240.7098986901888
3029.6419241623285 1240.3550318638136
3028.833187323742 1240.118398967084
3028.0 1240.0
3027.142362191101 1239.9998349625616
3026.2602738970454 1240.1179038547689
3025.353735117833 1240.3542066766217
3024.422745853463 1240.70874342812
3023.4673061039366 1241.1815141092638
3022.4874158692533 1241.7725187200533
3021.4830751494137 1242.4817572604884
3020.4542839444166 1243.3092297305689
3019.411296366157 1244.158288771569
3018.364366526528 1244.9322870247634
3017.3134944255303 1245.6312244901515
3016.2586800631625 1246.2551011677333
3015.1999234394257 1246.8039170575094
3014.1372245543193 1247.277672159479
3013.070583407844 1247.6763664736427
3012.0 1248.0
3010.9254743307856 1248.2485727385515
3009.8470064002026 1248.4220846892968
3008.76459620825 1248.520535852236
3007.678243754928 1248.543926227369
3006.5879490402376 1248.492255814696
3005.493712064177 1248.3655246142166
3004.3955328267475 1248.1637326259315
3003.293411327949 1247.8868798498402
3002.213370725152 1247.551062078441
3001.1814341757267 1247.1723751042334
3000.197601679675 1246.7508189272166
2999.2618732369947 1246.286393547391
2998.3742488476873 1245.7790989647565
2997.5347285117523 1245.2289351793133
2996.7433122291895 1244.635902191061
2996.0 1244.0
2995.3047918241823 1243.3212286061298
2994.657687701738 1242.599588009451
2994.058687632665 1241.8350782099633
2993.507791616964 1241.0276992076667
2993.004999654637 1240.1774510025612
2992.5503117456815 1239.2843335946468
2992.1437278900985 1238.3483469839234
2991.7852480878882 1237.369491170391
2991.4334792829313 1236.4103387577843
2991.047028419109 1235.5334623498366
2990.625895496421 1234.7388619465487
2990.170080514868 1234.02653754792
2989.679583474449 1233.396489153951
2989.1544043751646 1232.8487167646413
2988.594543217015 1232.383220379991
2988.0 1232.0
2987.3707747241197 1231.6990556246687
2986.7068673893727 1231.480387253997
2986.008277995761 1231.3439948879843
2985.2750065432847 1231.2898785266314
2984.5070530319417 1231.3180381699376
2983.704417461734 1231.4284738179035
2982.8670998326597 1231.6211854705289
2981.995100144721 1231.8961731278137
2981.1232535772597 1232.2369053748541
2980.2863953096185 1232.6268507967468
2979.484525341798 1233.066009393492
2978.7176436737973 1233.5543811650891
2977.985750305618 1234.0919661115383
2977.2888452372576 1234.67876423284
2976.6269284687187 1235.3147755289938
2976.0 1236.0
2975.408059831101 1236.7344376458582
2974.8511079620234 1237.5180884665688
2974.329144392766 1238.3509524621313
2973.842169123329 1239.2330296325463
2973.390182153712 1240.1643199778134
2972.973183483916 1241.1448234979325
2972.5911731139395 1242.174540192904
2972.244151043784 1243.253470062728
2971.95199925351 1244.3557289930914
2971.734599723179 1245.4554328696822
2971.5919524527912 1246.5525816925003
2971.524057442347 1247.6471754615457
2971.5309146918453 1248.7392141768182
2971.612524201287 1249.8286978383182
2971.768885970672 1250.9156264460455
2972.0 1252.0
2972.3058662892704 1253.0818185001817
2972.686484838485 1254.161081946591
2973.1418556476415 1255.2377903392273
2973.6719787167417 1256.3119436780912
2974.276854045785 1257.3835419631823
2974.956481634771 1258.4525851945004
2975.710861483701 1259.519073372046
2976.5399935925734 1260.583006495819
2977.414750901678 1261.6287206665975
2978.306006351304 1262.64055198516
2979.213759941451 1263.6185004515069
2980.1380116721184 1264.5625660656376
2981.0787615433073 1265.4727488275519
2982.0360095550172 1266.3490487372505
2983.0097557072486 1267.1914657947334
2984.0 1268.0
2985.0067424332733 1268.7746513530506
2986.0299830070676 1269.5154198538853
2987.0697217213824 1270.2223055025038
2988.125958576218 1270.8953082989065
2989.198693571576 1271.5344282430933
2990.287926707454 1272.139665335064
2991.3936579838532 1272.7110195748187
2992.515887400774 1273.2484909623574
2993.55949533642 1273.7469470073224
2994.4293621689967 1274.2012552193564
2995.125487898504 1274.6114155984585
2995.647872524942 1274.9774281446294
2995.9965160483107 1275.2992928578692
2996.1714184686098 1275.5770097381776
2996.17257978584 1275.8105787855545
2996.0 1276.0
2995.653679111091 1276.1452733815145
2995.1336171191133 1276.2463989300977
2994.439814024066 1276.303376645749
2993.5722698259488 1276.3162065284694
2992.5309845247625 1276.2848885782585
2991.3159581205064 1276.2094227951159
2989.9271906131817 1276.0898091790423
2988.364682002787 1275.9260477300372
2986.7907770798056 1275.7645972894684
2985.367820634719 1275.6519166987034
2984.095812667528 1275.588005957743
2982.9747531782323 1275.5728650665865
2982.004642166831 1275.6064940252338
2981.185479633326 1275.6888928336853
2980.517265577715 1275.8200614919406
2980.0 1276.0
2979.6336829001802 1276.2287083578635
2979.418314278256 1276.5061865655314
2979.3538941342263 1276.8324346230029
2979.4404224680916 1277.2074525302785
2979.6778992798527 1277.6312402873582
2980.0663245695087 1278.1037978942418
2980.60569833706 1278.62512535093
2981.2960205825066 1279.1952226574215
2982.07084218475 1279.790469255869
2982.863714022691 1280.3872445884233
2983.6746360963307 1280.985548655085
2984.5036084056683 1281.5853814558536
2985.350630950704 1282.1867429907297
2986.2157037314373 1282.7896332597127
2987.0988267478697 1283.394052262803
2988.0 1284.0
2988.9192234878283 1284.6074764713046
2989.8564972113545 1285.216481676716
2990.811821170579 1285.8270156162348
2991.7851953655017 1286.4390782898608
2992.7766197961228 1287.0526696975937
2993.7860944624417 1287.6677898394337
2994.8136193644586 1288.284438715381
2995.8591945021744 1288.9026163254352
2996.9091698116963 1289.4925871753198
2997.9498952291347 1290.0246157707575
2998.981370754489 1290.4987021117483
3000.0035963877594 1290.9148461982925
3001.0165721289454 1291.2730480303896
3002.020297978048 1291.5733076080398
3003.014773935066 1291.8156249312435
3004.0 1292.0
3004.97597617285 1292.1264328143102
3005.942702453616 1292.194923374173
3006.9001788422984 1292.2054716795892
3007.8484053388966 1292.1580777305585
3008.7873819434103 1292.052741527081
3009.71710865584 1291.8894630691568
3010.6375854761864 1291.6682423567856
3011.548812404448 1291.3890793899677
3012.411638945071 1291.129007692213
3013.1869146024997 1290.9650607870326
3013.874639376735 1290.8972386744258
3014.474813267776 1290.9255413543929
3014.987436275623 1291.0499688269338
3015.4125084002762 1291.2705210920487
3015.750029641735 1291.5871981497373
3016.0 1292.0
3016.1624194750716 1292.5089266428363
3016.2372880669486 1293.1139780782464
3016.224605775632 1293.8151543062306
3016.124372601121 1294.6124553267887
3015.9365885434163 1295.5058811399203
3015.6612536025177 1296.4954317456263
3015.298367778425 1297.5811071439057
3014.847931071138 1298.7629073347591
3014.3709965178787 1299.9833666714012
3013.928617155867 1301.1850195070472
3013.5207929851026 1302.3678658416968
3013.147524005586 1303.53190567535
3012.8088102173188 1304.6771390080069
3012.5046516202974 1305.8035658396677
3012.235048214525 1306.911186170332
3012.0 1308.0
3011.799506976723 1309.0700073286716
3011.633569144693 1310.1212081563472
3011.502186503912 1311.1536024830261
3011.405359054378 1312.167190308709
3011.3430867960924 1313.1619716333955
3011.3153697290545 1314.1379464570857
3011.3222078532644 1315.0951147797796
3011.363601168722 1316.033476601477
3011.424881947657 1316.9707922793784
3011.491382462299 1317.924822170684
3011.5631027126483 1318.8955662753933
3011.6400426987047 1319.8830245935067
3011.722202420468 1320.887197125024
3011.809581877938 1321.9080838699454
3011.9021810711156 1322.9456848282707
3012.0 1324.0
3012.103038664591 1325.0710293851334
3012.2112970648895 1326.1587729836706
3012.3247752008956 1327.263230795612
3012.4434730726075 1328.3844028209573
3012.567390680027 1329.5222890597065
3012.696528023154 1330.6768895118598
3012.8308851019874 1331.848204177417
3012.9704619165277 1333.0362330563783
3013.079711796177 1334.1918796523278
3013.123088070336 1335.2660474688496
3013.1005907390054 1336.2587365059437
3013.0122198021845 1337.1699467636101
3012.8579752598735 1337.999678241849
3012.637857112072 1338.7479309406604
3012.351865358781 1339.414704860044
3012.0 1340.0
3011.582261035729 1340.5038163605284
3011.098648465968 1340.9261539416293
3010.5491622907166 1341.2670127433023
3009.933802509975 1341.5263927655478
3009.252569123744 1341.7042940083657
3008.5054621320223 1341.800716471756
3007.692481534811 1341.8156601557187
3006.8136273321097 1341.7491250602536
3005.9093472752797 1341.6904298066556
3005.0200891156837 1341.7288930162197
3004.1458528533194 1341.8645146889453
3003.2866384881895 1342.0972948248327
3002.442446020292 1342.4272334238817
3001.6132754496284 1342.8543304860927
3000.7991267761977 1343.3785860114654
3000.0 1344.0
2999.215895121036 1344.7185724516962
2998.4468121393047 1345.5343033665545
2997.6927510548066 1346.4471927445743
2996.9537118675426 1347.457240585756
2996.2296945775106 1348.5644468900994
2995.520699184712 1349.7688116576046
2994.8267256891468 1351.0703348882716
2994.147774090815 1352.4690165821003
2993.464204552145 1353.8530415077382
2992.7563772355657 1355.1105944338335
2992.0242921410777 1356.2416753603857
2991.2679492686802 1357.2462842873945
2990.487348618374 1358.1244212148604
2989.6824901901587 1358.8760861427832
2988.853373984034 1359.501279071163
2988.0 1360.0
2987.1223682380573 1360.3722489292936
2986.2204786982056 1360.618025859044
2985.294331380445 1360.7373307892517
2984.343926284774 1360.7301637199166
2983.3692634111953 1360.596524651038
2982.370342759707 1360.3364135826164
2981.347164330309 1359.949830514652
2980.2997281230028 1359.4367754471443
2979.242925411853 1358.8788211469134
2978.1916474709233 1358.3575403807793
2977.1458943002162 1357.8729331487414
2976.10566589973 1357.4249994508
2975.0709622694653 1357.0137392869551
2974.0417834094224 1356.639152657207
2973.018129319601 1356.3012395615551
2972.0 1356.0
2970.987395450622 1355.7354339725412
2969.9803156714643 1355.507541479179
2968.9787606625287 1355.3163225199132
2967.982730423814 1355.1617770947441
2966.992224955321 1355.0439052036716
2966.007244257049 1354.9627068466955
2965.027788328999 1354.918182023816
2964.0538571711704 1354.9103307350329
2963.078242976743 1354.93653161078
2962.093737938895 1354.994163281491
2961.1003420576285 1355.0832257471661
2960.098055332942 1355.2037190078051
2959.0868777648357 1355.355643063408
2958.06680935331 1355.5389979139745
2957.0378500983647 1355.7537835595053
2956.0 1356.0
2954.9532590582153 1356.2776472354585
2953.897627273011 1356.5867252658811
2952.833104644388 1356.9272340912676
2951.7596911723444 1357.2991737116179
2950.6773868568816 1357.702544126932
2949.5861916979993 1358.1373453372103
2948.486105695697 1358.6035773424524
2947.3771288499756 1359.1012401426583
2946.2876167276927 1359.5644891884065
2945.2459248957057 1359.9274799302743
2944.252053354014 1360.190212368262
2943.306002102619 1360.35268650237
2942.4077711415202 1360.4149023325974
2941.5573604707174 1360.3768598589452
2940.754770090211 1360.2385590814126
2940.0 1360.0
2939.293050200085 1359.6611826147073
2938.6339206904663 1359.2221069255347
2938.022611471144 1358.682772932482
2937.459122542118 1358.043180635549
2936.9434539033873 1357.303330034736
2936.4756055549533 1356.4632211300432
2936.055577496815 1355.5228539214702
2935.683369728973 1354.482228409017
2935.3210566571006 1353.4265332587822
2934.930712686871 1352.4409571368637
2934.512337818285 1351.525500043262
2934.065932051342 1350.6801619779765
2933.591495386042 1349.9049429410077
2933.0890278223847 1349.199842932355
2932.5585293603704 1348.5648619520193
2932.0 1348.0
2931.413439741272 1347.5052570762973
2930.7988485841875 1347.0806331809108
2930.1562265287457 1346.7261283138412
2929.4855735749475 1346.441742475088
2928.7868897227922 1346.2274756646511
2928.06017497228 1346.0833278825307
2927.305429323411 1346.0092991287272
2926.5226527761847 1346.0053894032399
2925.7860433297033 1346.0638112589015
2925.169798983067 1346.1767772485439
2924.6739197362754 1346.3442873721674
2924.2984055893294 1346.5663416297718
2924.043256542229 1346.8429400213574
2923.908472594974 1347.1740825469242
2923.894053747564 1347.5597692064714
2924.0 1348.0
2924.226311352281 1348.4947749275095
2924.572987804407 1349.044093989
2925.040029356379 1349.6479571844718
2925.6274360081957 1350.306364513924
2926.335207759858 1351.0193159773576
2927.1633446113656 1351.7868115747722
2928.1118465627187 1352.6088513061677
2929.180713613917 1353.4854351715444
2930.2751833646807 1354.3780991878102
2931.3004934147293 1355.2483793718734
2932.2566437640617 1356.096275723734
2933.14363441268 1356.9217882433923
2933.9614653605827 1357.724916930848
2934.7101366077704 1358.5056617861012
2935.389648154243 1359.2640228091518
2936.0 1360.0
2936.5411921450423 1360.713593358646
2937.013224589369 1361.4048028850889
2937.416097332981 1362.0736285793296
2937.7498103758776 1362.7200704413676
2938.0143637180595 1363.3441284712035
2938.2097573595256 1363.9458026688367
2938.335991300277 1364.5250930342672
2938.393065540313 1365.0819995674951
2938.3753564822136 1365.6050936142392
2938.2772405285605 1366.082946520217
2938.0987176793533 1366.515558285429
2937.839787934591 1366.9029289098753
2937.5004512942746 1367.2450583935554
2937.080707758404 1367.5419467364695
2936.580557326979 1367.7935939386177
2936.0 1368.0
2935.3390357774665 1368.1611649206166
2934.597664659378 1368.2770887004672
2933.7758866457357 1368.3477713395514
2932.873701736539 1368.3732128378701
2931.8911099317875 1368.353413195423
2930.828111231482 1368.2883724122096
2929.684705635622 1368.1780904882303
2928.460893144208 1368.0225674234853
2927.2226777420374 1367.8663391267564
2926.036063413908 1367.7539415068252
2924.90105015982 1367.6853745636927
2923.8176379797733 1367.6606382973578
2922.7858268737677 1367.6797327078211
2921.805616841804 1367.7426577950828
2920.8770078838816 1367.8494135591422
2920.0 1368.0
2919.1745931901605 1368.194417117656
2918.4007874543618 1368.4326649121099
2917.6785827926046 1368.714743383362
2917.007979204889 1369.0406525314122
2916.388976691215 1369.4103923562604
2915.8215752515816 1369.8239628579067
2915.30577488599 1370.2813640363515
2914.8415755944397 1370.7825958915942
2914.4135770655635 1371.3218716252245
2914.006378987993 1371.8934044388318
2913.619981361729 1372.497194332417
2913.254384186771 1373.133241305979
2912.909587463119 1373.8015453595183
2912.5855911907734 1374.502106493035
2912.282395369734 1375.2349247065288
2912.0 1376.0
2911.7384050815726 1376.7973323734486
2911.4976106144522 1377.6269218268742
2911.277616598637 1378.4887683602774
2911.0784230341287 1379.3828719736575
2910.9000299209256 1380.309232667015
2910.7424372590294 1381.2678504403498
2910.6056450484384 1382.2587252936619
2910.4896532891544 1383.2818572269512
2910.358359864584 1384.2649311218984
2910.1756626581355 1385.1356318601838
2909.941561669809 1385.8939594418075
2909.6560568996038 1386.5399138667694
2909.3191483475202 1387.0734951350698
2908.9308360135583 1387.4947032467082
2908.491119897719 1387.8035382016851
2908.0 1388.0
2907.4574763204037 1388.0840886416536
2906.8635488589284 1388.0558041266454
2906.2182176155748 1387.9151464549752
2905.5214825903436 1387.6621156266435
2904.7733437832335 1387.2967116416503
2903.9738011942454 1386.818934499995
2903.1228548233785 1386.228784201678
2902.220504670634 1385.5262607466996
2901.3112637469317 1384.7760416433864
2900.4396450631934 1384.0428044000666
2899.605648619419 1383.3265490167398
2898.809274415608 1382.627275493406
2898.0505224517606 1381.944983830065
2897.3293927278764 1381.2796740267167
2896.6458852439564 1380.631346083362
2896.0 1380.0
2895.3917369960077 1379.3856357766308
2894.8210962319786 1378.788253413255
2894.288077707913 1378.2078529098721
2893.7926814238117 1377.644434266482
2893.3349073796735 1377.097997483085
2892.914755575499 1376.5685425596807
2892.532226011289 1376.05606949627
2892.1873186870416 1375.560578292852
2891.836557653825 1375.078819017782
2891.4364669627043 1374.6075417394163
2890.98704661368 1374.146746457754
2890.488296606751 1373.6964331727959
2889.9402169419195 1373.2566018845412
2889.3428076191835 1372.8272525929906
2888.6960686385437 1372.4083852981432
2888.0 1372.0
2887.254601703553 1371.6020966985607
2886.4598737492015 1371.2146753938248
2885.6158161369467 1370.8377360857928
2884.7224288667876 1370.4712787744647
2883.7797119387255 1370.1153034598403
2882.787665352759 1369.7698101419196
2881.746289108889 1369.4347988207028
2880.6555832071153 1369.1102694961896
2879.544390330119 1368.8135442499206
2878.4415531605814 1368.561945163436
2877.3470716985034 1368.3554722367357
2876.2609459438845 1368.1941254698197
2875.183175896725 1368.0779048626882
2874.113761557024 1368.0068104153413
2873.052702924783 1367.9808421277785
2872.0 1368.0
2870.955652782677 1368.0642840320063
2869.919661272813 1368.1736942237967
2868.892025470408 1368.3282305753714
2867.8727453754614 1368.5278930867307
2866.8618209879746 1368.7726817578744
2865.859252307947 1369.062596588802
2864.8650393353782 1369.3976375795146
2863.8791820702686 1369.7778047300112
2862.8971003654633 1370.164915482695
2861.9142140738068 1370.520787279969
2860.9305231952994 1370.8454201218328
2859.9460277299413 1371.1388140082863
2858.9607276777324 1371.4009689393297
2857.9746230386727 1371.6318849149634
2856.987713812762 1371.831561935187
2856.0 1372.0
2855.011481600388 1372.1371991094034
2854.022158613924 1372.2431592633964
2853.03203104061 1372.3178804619793
2852.041098880445 1372.3613627051523
2851.049362133429 1372.3736059929151
2850.056820799562 1372.354610325268
2849.0634748788443 1372.3043757022106
2848.069324371276 1372.222902123743
2847.0730074771045 1372.1344628539089
2846.0731623965794 1372.0633311567506
2845.069789129701 1372.0095070322684
2844.0628876764686 1371.9729904804624
2843.052458036882 1371.9537815013325
2842.038500210942 1371.9518800948788
2841.021014198648 1371.9672862611014
2840.0 1372.0
2838.9754576149985 1372.050021311575
2837.947387043643 1372.1173501958258
2836.915788285934 1372.2019866527528
2835.880661341871 1372.3039306823562
2834.842006211454 1372.4231822846355
2833.7998228946835 1372.559741459591
2832.754111391559 1372.7136082072225
2831.7048717020807 1372.8847825275304
2830.664854771912 1373.0283073938529
2829.646811546718 1373.0992257795288
2828.650742026497 1373.0975376845574
2827.67664621125 1373.0232431089396
2826.724524100977 1372.8763420526752
2825.7943756956774 1372.6568345157634
2824.886200995352 1372.3647204982053
2824.0 1372.0
2823.135772709622 1371.5626730211484
2822.293519124218 1371.0527395616496
2821.473239243788 1370.4701996215044
2820.6749330683315 1369.815053200712
2819.8986005978486 1369.087300299273
2819.1442418323395 1368.2869409171872
2818.4118567718047 1367.4139750544546
2817.7014454162436 1366.4684027110752
2817.000363891424 1365.5081927829747
2816.295968323117 1364.5913141660787
2815.5882587113197 1363.7177668603874
2814.8772350560334 1362.887550865901
2814.1628973572588 1362.1006661826189
2813.4452456149947 1361.3571128105414
2812.724279829242 1360.6568907496683
2812.0 1360.0
2811.2724061272684 1359.3864405615363
2810.5414982110487 1358.8162124342773
2809.8072762513393 1358.2893156182229
2809.069740248142 1357.805750113373
2808.3288902014547 1357.3655159197278
2807.5847261112785 1356.968613037287
2806.8372479776135 1356.615041466051
2806.086455800459 1356.3048012060194
2805.3329618795406 1356.0475359082998
2804.5773785145825 1355.8528892239995
2803.819705705585 1355.720861153118
2803.059943452547 1355.6514516956563
2802.29809175547 1355.6446608516133
2801.5341506143527 1355.7004886209897
2800.7681200291963 1355.8189350037853
2800.0 1356.0
2799.2297905267646 1356.243683609634
2798.457491609489 1356.549985832687
2797.6831032481737 1356.9189066691592
2796.906625442819 1357.350446119051
2796.1280581934243 1357.8446041823615
2795.34740149999 1358.4013808590917
2794.564655362516 1359.0207761492406
2793.7798197810025 1359.7027900528087
2793.064364831333 1360.3940917672269
2792.4897605893893 1361.041350489925
2792.0560070551737 1361.6445662209035
2791.7631042286853 1362.2037389601624
2791.611052109923 1362.7188687077014
2791.5998506988885 1363.1899554635206
2791.7294999955807 1363.6169992276202
2792.0 1364.0
2792.411350712146 1364.3389577806602
2792.96355213202 1364.6338725696005
2793.6566042596205 1364.884744366821
2794.4905070949476 1365.091573172322
2795.465260638002 1365.254358986103
2796.5808648887833 1365.3731018081644
2797.837319847292 1365.447801638506
2799.234625513527 1365.4784584771278
2800.655849132465 1365.5254134883396
2801.9840579490806 1365.6490078364507
2803.219251963373 1365.8492415214607
2804.3614311753436 1366.12611454337
2805.4105955849914 1366.4796269021786
2806.3667451923166 1366.9097785978865
2807.2298799973196 1367.4165696304938
2808.0 1368.0
2808.6771052003573 1368.6600697064057
2809.2611955983925 1369.3967787497104
2809.7522711941056 1370.2101271299146
2810.150331987496 1371.100114847018
2810.455377978564 1372.0667419010208
2810.6674091673094 1373.1100082919227
2810.7864255537315 1374.2299140197238
2810.812427137832 1375.426459084424
2810.8130403738755 1376.6409273027361
2810.8558917161263 1377.8146024913726
2810.940981164585 1378.9474846503333
2811.0683087192524 1380.039573779618
2811.2378743801273 1381.0908698792273
2811.44967814721 1382.1013729491606
2811.7037200205004 1383.071082989418
2812.0 1384.0
2812.3385180857067 1384.8881239809061
2812.719274277621 1385.7354549321367
2813.142268575744 1386.5419928536912
2813.6075009800743 1387.3077377455702
2814.1149714906132 1388.0326896077731
2814.66468010736 1388.7168484403005
2815.2566268303144 1389.3602142431523
2815.890811659477 1389.962787016328
2816.528408624281 1390.5665226952437
2817.1305917541595 1391.2133772153147
2817.6973610491127 1391.9033505765408
2818.228716509141 1392.636442778922
2818.7246581342433 1393.4126538224587
2819.1851859244216 1394.2319837071507
2819.610299879673 1395.0944324329978
2820.0 1396.0
2820.3542862854015 1396.9486864081578
2820.673158735878 1397.9404916574704
2820.9566173514286 1398.9754157479388
2821.204662132054 1400.053458679562
2821.4172930777545 1401.1746204523406
2821.59451018853 1402.3389010662745
2821.7363134643792 1403.5463005213637
2821.8427029053037 1404.796818817608
2821.891507880438 1406.0224365258023
2821.860557758915 1407.1551342167406
2821.749852540737 1408.1949118904233
2821.5593922259013 1409.14176954685
2821.2891768144104 1409.995707186021
2820.9392063062633 1410.7567248079363
2820.5094807014602 1411.424822412596
2820.0 1412.0
2819.4107642018844 1412.482257570148
2818.741773307112 1412.8715951230406
2817.993027315684 1413.168012658677
2817.1645262275997 1413.371510177058
2816.256270042859 1413.4820876781832
2815.2682587614618 1413.4997451620527
2814.2004923834093 1413.4244826286663
2813.0529709086995 1413.2563000780242
2811.8725440930934 1413.0488581499437
2810.70606169235 1412.8558174842428
2809.5535237064687 1412.6771780809208
2808.41493013545 1412.5129399399784
2807.2902809792936 1412.363103061415
2806.179576238 1412.2276674452305
2805.0828159115686 1412.1066330914257
2804.0 1412.0
2802.9311285032936 1411.9077681709537
2801.8762014214494 1411.8299376042864
2800.8352187544683 1411.7665082999983
2799.8081805023494 1411.7174802580898
2798.7950866650926 1411.6828534785604
2797.7959372426985 1411.6626279614102
2796.810732235167 1411.656803706639
2795.8394716424978 1411.6653807142475
2794.8732275610005 1411.6844145745354
2793.9030720869846 1411.7099608778037
2792.92900522045 1411.742019624052
2791.9510269613975 1411.7805908132814
2790.969137309826 1411.8256744454907
2789.983336265736 1411.8772705206802
2788.9936238291275 1411.9353790388498
2788.0 1412.0
2787.002464778355 1412.0711334041305
2786.00101816419 1412.1487792512412
2784.9956601575072 1412.2329375413324
2783.986390758306 1412.3236082744038
2782.9732099665857 1412.4207914504555
2781.956117782347 1412.5244870694873
2780.93511420559 1412.6346951314997
2779.910199236314 1412.7514156364923
2778.9505905409032 1412.9071544028445
2778.1255057857416 1413.1344172489357
2777.4349449708293 1413.4332041747657
2776.8789080961656 1413.803515180335
2776.4573951617504 1414.2453502656426
2776.1704061675846 1414.7587094306896
2776.017941113668 1415.3435926754753
2776.0 1416.0
2776.1165828265807 1416.727931404264
2776.3676895934104 1417.5273868882664
2776.7533203004896 1418.3983664520078
2777.2734749478172 1419.3408700954883
2777.928153535394 1420.3548978187077
2778.71735606322 1421.4404496216662
2779.641082531294 1422.5975255043634
2780.6993329396178 1423.8261254667996
2781.798229193578 1425.0601590083982
2782.8438931985634 1426.2335356285832
2783.836324954574 1427.3462553273541
2784.775524461609 1428.3983181047108
2785.66149171967 1429.389723960654
2786.4942267287547 1430.3204728951832
2787.273729488865 1431.1905649082985
2788.0 1432.0
2788.67303826216 1432.748778170287
2789.292844275345 1433.436899419161
2789.859418039555 1434.0643637466205
2790.37275955479 1434.6311711526662
2790.83286882105 1435.137321637298
2791.239745838335 1435.582815200516
2791.593390606645 1435.96765184232
2791.893803125979 1436.2918315627103
2792.197534297627 1436.6068915467656
2792.561135022876 1436.9643689795655
2792.984605301727 1437.36426386111
2793.4679451341785 1437.806576191399
2794.0111545202317 1438.2913059704322
2794.6142334598867 1438.8184531982104
2795.277181953142 1439.3880178747331
2796.0 1440.0
2796.7826876004583 1440.6543995740114
2797.6252447545185 1441.3512165967672
2798.5276714621796 1442.090451068268
2799.4899677234425 1442.872102988513
2800.5121335383064 1443.6961723575027
2801.594168906772 1444.5626591752366
2802.736073828839 1445.4715634417153
2803.937848304507 1446.4228851569385
2805.079065020659 1447.3609917110073
2806.0392966641784 1448.230250494023
2806.8185432350647 1449.0306615059853
2807.416804733318 1449.7622247468946
2807.834081158938 1450.4249402167507
2808.0703725119247 1451.0188079155537
2808.125678792279 1451.5438278433035
2808.0 1452.0
2807.6933361350875 1452.3873243856438
2807.205687197542 1452.7058010002338
2806.537053187364 1452.955429843771
2805.6874341045523 1453.1362109162549
2804.6568299491078 1453.2481442176859
2803.4452407210306 1453.2912297480634
2802.05266642032 1453.2654675073877
2800.4791070469764 1453.1708574956592
2798.8905755784144 1453.102158187191
2797.4530849920498 1453.1541280562976
2796.1666352878824 1453.3267671029785
2795.031226465912 1453.6200753272337
2794.0468585261383 1454.034052729064
2793.2135314685625 1454.5686993084682
2792.531245293183 1455.2240150654466
2792.0 1456.0
2791.6197955890157 1456.8966541121276
2791.3906320602273 1457.9139774018297
2791.312509413636 1459.0519698691064
2791.3854276492416 1460.3106315139573
2791.6093867670447 1461.689962336383
2791.9843867670447 1463.189962336383
2792.5104276492416 1464.8106315139576
2793.187509413636 1466.5519698691064
2793.9524815088535 1468.2135591658457
2794.742193383522 1469.5949811681917
2795.556645037642 1470.6962358761436
2796.395836471212 1471.517323289702
2797.2597676842333 1472.0582434088672
2798.1484386767047 1472.3189962336382
2799.0618494486266 1472.2995817640158
2800.0 1472.0
2800.962890330824 1471.4202509415904
2801.9505204410984 1470.560334588787
2802.962890330824 1469.4202509415902
2804.0 1468.0
2804.0 1468.0
