2804.0 1468.0
2804.4776728891884 1470.524571812572
2808.824082726172 1471.9247225753393
2815.793831311368 1472.3439671001988
2824.0 1472.0
2832.7631437154923 1470.759012564425
2840.3426070289674 1469.0144510679047
2845.705208079751 1466.8082584617064
2848.0 1464.0
2845.4931256473387 1461.436530499121
2840.8193612487084 1457.9682854105752
2835.7305727565163 1453.4329897480309
2832.0 1448.0
2832.2216364735245 1439.7031599340714
2834.842441154793 1431.2757324941836
2839.130126686635 1423.3154679033516
2844.0 1416.0
2848.5406226284545 1413.3182686290238
2852.210698031846 1412.0204071401768
2854.6421842726363 1412.6678548896832
2856.0 1416.0
2854.6671588087975 1417.9564299793738
2853.9470634684785 1421.6764332573675
2855.361211694177 1425.4994976493338
2860.0 1428.0
2871.932056399924 1431.633061879445
2885.606699092915 1433.1454390272686
2898.45147777781 1433.164631908421
2908.0 1432.0
2908.4924286855803 1427.6449589135668
2904.8606567221314 1423.0613917976837
2898.7431323779397 1418.895237935374
2892.0 1416.0
2889.338857597011 1416.584369174348
2887.86892311745 1418.6119422671866
2887.5468681714915 1421.401504596708
2888.0 1424.0
2886.9218509843995 1424.9753279943454
2886.013032650466 1424.664546645201
2885.040381664534 1422.92566969822
2884.0 1420.0
2884.0762553975387 1415.435385498563
2884.508236840145 1410.752878941033
2885.723299078096 1406.7800781759572
2888.0 1404.0
2890.9942046089827 1404.7179118479767
2895.295817236396 1406.200276172469
2900.872049328109 1407.5358060642095
2908.0 1408.0
2916.223141461083 1404.3833765245424
2925.5431561630176 1399.9736204824892
2935.2280996505965 1395.5734367863931
2944.0 1392.0
2953.4775504917807 1392.4941201991912
2961.4607830444234 1393.8723958062792
2968.6463947807856 1395.3750607557122
2976.0 1396.0
2980.6105766270794 1393.2135779020634
2985.382057148218 1389.1431525659243
2989.341737675491 1384.3845615060152
2992.0 1380.0
2994.932773724578 1377.0266034646393
2997.2845645799653 1375.8740625647008
3000.2654261086327 1376.927008104049
3004.0 1380.0
3010.7633967221864 1386.7028379179112
3018.2471562100304 1393.811926319604
3026.29328717707 1399.8989094149422
3036.0 1404.0
3041.1984191737165 1401.8483765455555
3047.473207903494 1398.1999433135375
3053.141943512807 1394.5075702405777
3056.0 1392.0
3063.353725070759 1396.0506897473224
3068.2430058697614 1401.4462916817167
3073.218703249025 1407.1181724845494
3080.0 1412.0
3083.9781820021385 1410.7975273871039
3089.246385544849 1408.5211375313281
3093.5698500055405 1405.9532986329968
3096.0 1404.0
3096.994375603992 1407.389768948802
3096.917615919598 1411.642460729619
3097.540475508874 1416.1004686012418
3100.0 1420.0
3106.3021036351347 1419.0135658777183
3113.703941380643 1416.7216272546127
3120.331536816868 1413.1409486663931
3124.0 1408.0
3123.019938337594 1405.993022421361
3119.0680848429884 1403.1721239329916
3114.3166698808877 1400.5551838163947
3112.0 1400.0
3110.8693627848165 1394.9116710703565
3113.725509810737 1391.8679267582381
3118.8861736889494 1388.993797452538
3124.0 1384.0
3133.3886260556665 1384.7969469635552
3141.3642015708847 1383.995507331854
3148.9118679918183 1384.4062458097346
3156.0 1388.0
3160.1501748995656 1389.7008223469518
3163.429366184973 1393.8699548551647
3165.4577499732804 1397.8218543707108
3168.0 1400.0
3166.852697274388 1401.412105980839
3166.7864138067384 1400.536986609755
3166.603628881089 1398.4176913146744
3164.0 1396.0
3167.07053759305 1392.294072397516
3168.311222699288 1389.2134984979373
3170.6173892847833 1386.736248119358
3176.0 1384.0
3179.482534030028 1385.2931912887555
3185.8788088537804 1386.3749780705991
3193.0151584847918 1388.1552748411762
3200.0 1392.0
3207.6752858873415 1392.1542718390015
3214.282665518255 1393.5444088114855
3219.7973236751777 1393.9759292631745
3224.0 1392.0
3225.9932737851245 1390.5688652515955
3227.4237345934885 1387.4789444753153
3229.259811638538 1384.9277345522135
3232.0 1384.0
3238.356411130717 1385.5700806015875
3244.3004193656466 1387.9506396741879
3248.017015412863 1389.243915800216
3248.0 1388.0
3239.6736366805935 1381.3217920971942
3228.5730633524854 1372.096158289354
3217.1638807394183 1361.7627735773601
3208.0 1352.0
3206.4473730705217 1345.2288145312307
3208.673921524374 1340.519037559016
3213.6596077126296 1337.683104406491
3220.0 1336.0
3224.4286520005026 1335.7331260663818
3228.220584099066 1335.6692591317321
3230.7888019299253 1335.5795925226435
3232.0 1336.0
3232.156032631301 1333.6087858899402
3231.2910228315986 1331.8912387367989
3229.874253423751 1330.475077650164
3228.0 1328.0
3226.7051766901714 1330.9056684274929
3224.555463275405 1332.857866429833
3221.059178074429 1335.3223427754326
3216.0 1340.0
3207.37044339481 1339.6559000738935
3198.298085889003 1340.4588658154971
3190.119340542656 1339.6418794778456
3184.0 1336.0
3183.434634445564 1331.346541502781
3185.1795535087153 1324.7864028172382
3188.319844359121 1318.4427379561803
3192.0 1312.0
3192.728954917946 1311.8411864929988
3193.833708587578 1312.2734883387982
3196.005701966888 1314.3026409049287
3200.0 1320.0
3208.8620790397026 1320.1071697598768
3218.838489713802 1322.3603818295437
3228.4661940587725 1323.166116181239
3236.0 1320.0
3238.43551509194 1317.782096198282
3237.4847263210995 1312.4178150797252
3233.600420303056 1307.257002675383
3228.0 1304.0
3220.615708608707 1303.3180591189328
3213.307528974078 1304.2693614596337
3206.650284175597 1304.882999500168
3200.0 1304.0
3198.67370501112 1298.3380432877088
3197.9505197309445 1291.4806929994709
3199.0705674585583 1284.8881663405775
3204.0 1280.0
3205.6405061970836 1280.5091228228332
3210.490469337959 1283.3077918885006
3215.9838097465554 1287.5416564325474
3220.0 1292.0
3227.644694798606 1294.2835761220047
3232.875880602654 1295.213213472918
3236.8777259956087 1294.4212107132162
3240.0 1292.0
3238.9046425394 1287.838471746573
3237.197883533783 1283.1600911180558
3234.7981238041643 1278.9847815357723
3232.0 1276.0
3231.2771831634313 1276.2178875286286
3230.401063740783 1277.486318219982
3229.3220665710646 1278.9778501899953
3228.0 1280.0
3224.213222318684 1277.9564339888655
3220.639146913935 1275.0675063943297
3217.773737117943 1271.6497212316688
3216.0 1268.0
3218.100998669242 1266.4722301247614
3220.350127296193 1264.785258592462
3221.420836091222 1262.7148983159316
3220.0 1260.0
3212.533017089939 1254.5334245512977
3202.904615190104 1248.8738092518543
3192.758045251299 1243.733801585502
3184.0 1240.0
3179.875630154227 1239.6493479188284
3178.3744001882856 1240.7973543065698
3178.8242325680226 1242.6498731035267
3180.0 1244.0
3180.978695533274 1243.950034798615
3180.488217092471 1241.9812266130225
3177.5585829447114 1237.884028669197
3172.0 1232.0
3160.7780201064875 1222.751137687261
3148.201301502756 1213.863385898427
3135.7338473655354 1207.143126849914
3124.0 1204.0
3119.853883645154 1208.932064600498
3117.8744844633093 1217.0805235085618
3118.8705705506036 1226.6749993748826
3124.0 1236.0
3126.261677133163 1239.8760552868027
3130.8929369287043 1242.185792413062
3134.972160593938 1243.347860658898
3136.0 1244.0
3138.179264020501 1247.641482601421
3136.9370984009083 1251.1196958226924
3134.402805889166 1254.1435592127086
3132.0 1256.0
3127.5051800649885 1254.748621933129
3124.1655166904347 1252.3539173557353
3121.5810662994922 1249.5530551314905
3120.0 1248.0
3120.5762478632078 1247.0446526988096
3122.28617086981 1248.1759847128233
3125.0118889639084 1250.5789035248845
3128.0 1252.0
3131.7130340169715 1257.9752917984881
3133.296368764156 1262.2002114138995
3131.1113141752717 1266.1596181350976
3124.0 1272.0
3108.3263920838976 1271.4034587142996
3089.3007176342394 1271.748675482028
3069.6550399541775 1269.9499451749905
3052.0 1264.0
3041.899341499425 1258.4746248385534
3035.2990106566917 1250.4533118138077
3031.0980564474685 1243.5986057236028
3028.0 1240.0
3022.078698290718 1241.108924907885
3016.017947654702 1245.0459314533775
3009.871880275216 1249.2935074754212
3004.0 1252.0
3000.417128624757 1249.2394865108217
2997.348940389556 1244.2164950274312
2994.676427482432 1238.0612840270983
2992.0 1232.0
2988.2976858212774 1229.3252738102155
2984.2955972911645 1228.27768139647
2980.0974645369633 1229.164283071389
2976.0 1232.0
2972.3812872731746 1235.542516118728
2969.952892127925 1240.4114976233504
2969.5077514872664 1245.9693734810455
2972.0 1252.0
2977.3040391230265 1257.854420701409
2984.513689940765 1263.5328982869555
2991.6430403457293 1268.6028826713305
2996.0 1272.0
2998.8025611836106 1275.7047241697305
2997.8347731836852 1277.5963268310895
2994.7907679053064 1278.598927385945
2992.0 1280.0
2985.7825834126447 1278.673491919722
2981.4726431480917 1278.1136407704332
2978.394963504547 1277.40115725822
2976.0 1276.0
2978.9429484867474 1276.2856980673143
2982.411359103095 1276.4371183327144
2986.797522321653 1277.5446981233742
2992.0 1280.0
2994.6452495449357 1283.8783415577134
2997.6958880806815 1288.4577596844813
3000.8424282806773 1292.7000463026861
3004.0 1296.0
3009.423769074048 1296.468866893983
3014.2460457349357 1296.142130702929
3017.939176195102 1295.77172267502
3020.0 1296.0
3017.6749015152322 1299.2683001763887
3014.2302972379357 1303.7448051709848
3010.682148485396 1309.3966772593656
3008.0 1316.0
3009.514560784254 1322.0098851349028
3011.9581793824523 1327.8629021307725
3014.4243685990073 1332.674648637852
3016.0 1336.0
3013.363332057244 1337.2514671445454
3009.455081120876 1337.670867601768
3004.807350446764 1338.357654485415
3000.0 1340.0
2997.8909984294605 1344.9175894049208
2995.604486466669 1350.50921590687
2992.542713526931 1355.8051857674254
2988.0 1360.0
2979.491240468658 1360.0327779942331
2969.8854503780917 1358.880341457286
2960.2722193665168 1357.2641304725455
2952.0 1356.0
2947.2444087566478 1357.8309803533143
2944.7128780851494 1360.2267017334502
2943.940004346235 1362.5839696950472
2944.0 1364.0
2944.57476837908 1362.7207908641146
2944.425370169905 1359.9785964058772
2942.9205569314436 1356.154453197687
2940.0 1352.0
2933.2347087095854 1347.9464897459527
2926.6328856227447 1344.9057541096622
2921.8340712997283 1343.469238937926
2920.0 1344.0
2926.081672425925 1347.7807364559749
2933.763575196389 1352.9860172731385
2940.519461373182 1358.7100548096125
2944.0 1364.0
2937.581690332961 1367.15978804125
2927.8600839349006 1369.2718436184414
2917.1565625810763 1370.6753756789985
2908.0 1372.0
2906.615982438903 1373.637404390276
2908.2660377344437 1375.6651625993047
2911.908406242004 1377.9229204083174
2916.0 1380.0
2916.7801692039084 1382.6029448264214
2916.3397021897117 1384.7624664355776
2914.551825450453 1386.626497644846
2912.0 1388.0
2909.048247748933 1388.94259886385
2906.0863081405646 1389.1319238736498
2903.2844815149206 1388.5002684836911
2900.0 1388.0
2898.9381821348175 1384.3315261001578
2897.4057174919826 1381.0296916798313
2896.0573820551253 1377.377382006242
2896.0 1372.0
2893.1156618955733 1370.4878371921386
2891.123558720999 1367.9838521980555
2888.51814784864 1366.5958922435727
2884.0 1368.0
2880.669925569319 1368.4368328226572
2875.028152485564 1371.2126939609836
2867.975148350438 1374.1985013484268
2860.0 1376.0
2849.0852884404594 1377.6481217740566
2838.338735670692 1377.233554538652
2828.3615578597232 1375.272173005182
2820.0 1372.0
2815.4491596750904 1366.6618310413553
2812.539014636247 1361.0218023078048
2810.448395225844 1355.8528226698015
2808.0 1352.0
2804.031564422391 1350.910076097929
2799.3666024861227 1351.5404566263444
2794.8436650918557 1353.4501811748746
2792.0 1356.0
2789.7188962129503 1358.5279307929443
2789.7135077163234 1360.814567498905
2791.0430297377216 1362.6177714978244
2792.0 1364.0
2796.388258975048 1364.0868301301268
2799.7446930112046 1364.4239204233413
2803.1174912058427 1365.620049329176
2808.0 1368.0
2808.670754978432 1373.7653517020544
2810.654674981085 1380.2093698666156
2812.261867991624 1386.5021160388317
2812.0 1392.0
2814.8784370947124 1393.5245305563953
2816.153995216437 1394.2727720999333
2817.5851904044 1394.9068880475063
2820.0 1396.0
2821.195037116069 1401.0042224941863
2822.1289571410166 1406.4135623724976
2820.729051234683 1411.6010194132534
2816.0 1416.0
2806.1424333680884 1415.917036432677
2794.555847140941 1414.9541894296901
2783.8356864487414 1413.586645625838
2776.0 1412.0
2775.961342718213 1414.78500965808
2779.09250455192 1417.9790390309618
2783.6607816646433 1422.0246146765544
2788.0 1428.0
2787.133873836538 1429.8250188748511
2785.4271157894723 1432.9459888705637
2783.9343268089483 1435.6507880250044
2784.0 1436.0
2789.2209757922865 1440.2652499292174
2795.9996663245424 1442.4016007385642
2802.9908310601268 1444.5751568257883
2808.0 1448.0
2809.8189884578546 1449.4197955085638
2808.7055224149167 1451.9127734969823
2805.9036131651465 1454.0867475490118
2804.0 1456.0
2799.5709265420965 1456.4215598719938
2797.1699002670207 1456.65752432373
2795.339932981519 1456.7247372006464
2792.0 1456.0
2793.386903793195 1457.8192075008337
2793.2607060973505 1459.5796145595139
2793.6992958050355 1462.6375693141915
2796.0 1468.0
2796.264565844952 1473.4551002263083
2798.388110384159 1478.0039002828821
2801.0701707408525 1477.4286958337216
