2804.0 1468.0
2804.7273069228263 1468.6339502423957
2805.36328076498 1469.1842926841794
2806.0635132812226 1469.6776817642929
2806.824217016048 1470.1161840932843
2807.6416045139517 1470.501866281702
2808.511888319429 1470.8367949400933
2809.4312809769735 1471.123036679007
2810.3959950310796 1471.3626581089911
2811.402243026245 1471.5577258405938
2812.446237506961 1471.7103064843627
2813.5241910177238 1471.8224666508459
2814.632316103029 1471.896272950592
2815.7668253073703 1471.9337919941488
2816.9239311752417 1471.9370903920646
2818.09984625114 1471.9082347548872
2820.0 1472.0
2820.492954204993 1471.7623278174453
2821.702572171938 1471.6494097382772
2822.915849524887 1471.512604066208
2824.128998808336 1471.3539774117867
2825.3382325667803 1471.17559638556
2826.5397633447133 1470.9795275980775
2827.7298036866296 1470.767837659887
2828.904566137027 1470.5425931815353
2830.0602632403957 1470.305860773572
2831.193107541234 1470.059707046544
2832.2993115840354 1469.8061986110004
2833.3750879132945 1469.547402077489
2834.416649073507 1469.2853840565572
2835.420207609166 1469.022211158754
2836.3819760647675 1468.7599499946273
2836.0 1468.0
2838.164992913777 1468.2455779531317
2838.9786663961736 1467.9924921580807
2839.7353999764928 1467.7383682613413
2840.4314061992272 1467.4801647346835
2841.062897608873 1467.214840049877
2841.626086749924 1466.939352678691
2842.1171861668763 1466.6506610928955
2842.532408404223 1466.3457237642597
2842.8679660064595 1466.0214991645537
2843.120071518081 1465.6749457655471
2843.2849374835823 1465.303022039009
2843.3587764474582 1464.90268645671
2843.337800954203 1464.4708974904188
2843.2182235483115 1464.0046136119058
2842.9962567742787 1463.50079329294
2844.0 1464.0
2842.2332040674287 1462.3691384998313
2841.703735829562 1461.7397886438341
2841.095113613458 1461.0698715836786
2840.422742569572 1460.3609134657418
2839.702027848361 1459.6144404364
2838.948374600282 1458.8319786420304
2838.177187975791 1458.015054229011
2837.4038731253454 1457.1651933437183
2836.643835199401 1456.2839221325298
2835.9124793484157 1455.3727667418225
2835.2252107228455 1454.4332533179738
2834.5974344731476 1453.4669080073604
2834.0445557497783 1452.47525695636
2833.5819797031936 1451.4598263113492
2833.2251114838514 1450.4221422187056
2832.0 1448.0
2832.8854816412 1448.2861182760282
2832.9057053936776 1447.1908307187487
2833.0376077249707 1446.0793942993446
2833.268768860412 1444.9533351641942
2833.5867690253303 1443.814179459673
2833.979188445057 1442.6634533321592
2834.4336073449213 1441.50268292803
2834.9376059502556 1440.333394393662
2835.4787644863895 1439.1571138754332
2836.0446631786535 1437.9753675197196
2836.6228822523785 1436.7896814728995
2837.2010019328936 1435.6015818813496
2837.7666024455307 1434.4125948914466
2838.3072640156206 1433.2242466495682
2838.8105668684925 1432.0380633020918
2840.0 1432.0
2839.6590752193715 1429.679016814003
2840.0013885408243 1428.5135315950513
2840.300558791952 1427.3649671138207
2840.5661135708706 1426.2391751455957
2840.807580475696 1425.1420074656576
2841.0344871045418 1424.0793158492904
2841.2563610555258 1423.0569520717765
2841.482729926764 1422.0807679083991
2841.7231213163705 1421.156615134441
2841.987062822461 1420.2903455251849
2842.2840820431534 1419.4878108559142
2842.62370657656 1418.7548629019109
2843.015464020799 1418.0973534384589
2843.468881973985 1417.5211342408406
2843.9934880342335 1417.0320570843392
2844.0 1416.0
2845.291081078202 1416.3368254918887
2846.06336051707 1416.1309115829295
2846.905412973299 1416.0126207690657
2847.8070033039216 1415.9763418020052
2848.757896365972 1416.0164634334542
2849.747857016482 1416.1273744151188
2850.7666501124863 1416.3034634987064
2851.804040511018 1416.5391194359236
2852.849793069109 1416.8287309784769
2853.893672643794 1417.1666868780735
2854.9254440921068 1417.54737588642
2855.9348722710783 1417.965186755222
2856.911722037744 1418.4145082361877
2857.845758249135 1418.8897290810232
2858.7267457622875 1419.385238041435
2860.0 1420.0
2860.2917082381823 1420.4151458035253
2860.973657612066 1420.9411450348762
2861.598507109989 1421.4706332411486
2862.1744662860597 1422.0008221003086
2862.709744694385 1422.528923290322
2863.2125518890693 1423.0521484891542
2863.691097424222 1423.5677093747713
2864.153590853948 1424.0728176251394
2864.608241732356 1424.564684918224
2865.063259613552 1425.0405229319906
2865.526854051643 1425.4975433444063
2866.007234600735 1425.9329578334355
2866.512610814936 1426.3439780770445
2867.0511922483524 1426.7278157531996
2867.6311884550905 1427.081682539866
2868.0 1428.0
2868.946354738524 1427.6892403452327
2869.6864919248014 1427.9426958516804
2870.4779781035677 1428.1657094441348
2871.3175708302997 1428.3608339323757
2872.202027660474 1428.5306221261867
2873.1281061495665 1428.6776268353478
2874.092563853054 1428.804400869641
2875.0921583264144 1428.9134970388475
2876.123647125122 1429.0074681527494
2877.1837878046545 1429.0888670211277
2878.2693379204884 1429.1602464537634
2879.3770550280997 1429.2241592604391
2880.5036966829666 1429.2831582509357
2881.6460204405635 1429.3397962350343
2882.8007838563685 1429.3966260225168
2884.0 1428.0
2885.1343175414813 1429.520472432025
2886.3045488635876 1429.5889957852053
2887.4701419495004 1429.6607244040808
2888.62580029654 1429.7346122100253
2889.7662274020317 1429.8096131244124
2890.8861267632947 1429.8846810686164
2891.980201877654 1429.9587699640113
2893.0431562424315 1430.0308337319705
2894.0696933549484 1430.0998262938688
2895.0545167125283 1430.1647015710798
2895.992329812493 1430.2244134849775
2896.8778361521663 1430.277915956936
2897.705739228869 1430.3241629083295
2898.4707425399247 1430.3621082605316
2899.1675495826553 1430.3907059349167
2900.0 1432.0
2900.3366306247844 1430.4156739357309
2900.8057622529427 1430.4099521049081
2901.2004128702974 1430.3906982817641
2901.5227366082854 1430.356866387673
2901.7748875983475 1430.307410344009
2901.959019971918 1430.2412840721452
2902.0772878604375 1430.1574414934566
2902.131845395342 1430.0548365293164
2902.124846708072 1429.9324231010996
2902.058445930064 1429.7891551301793
2901.934797192755 1429.6239865379296
2901.756054627586 1429.435871245725
2901.524372365992 1429.2237631749388
2901.241904539414 1428.986616246946
2900.9108052792867 1428.7233843831195
2900.0 1428.0
2900.1115928021795 1428.1148627337227
2899.6493707562936 1427.7697679924563
2899.150299619051 1427.3989784039643
2898.6181164301106 1427.0037350911778
2898.0565582291274 1426.5852791770255
2897.469362055759 1426.1448517844383
2896.8602649496647 1425.6836940363462
2896.2330039504996 1425.2030470556783
2895.591316097923 1424.704151965366
2894.9389384315914 1424.1882498883383
2894.279607991162 1423.656581947525
2893.617061816293 1423.110389265857
2892.95503694664 1422.550912966264
2892.2972704218632 1421.979394171676
2891.647499281619 1421.3970740050222
2892.0 1420.0
2890.386891313354 1420.2049940472407
2889.7835285646515 1419.597716501972
2889.2031093591086 1418.984602076358
2888.6493707363857 1418.3668918933295
2888.126049736139 1417.7458270758157
2887.6368833980273 1417.1226487467468
2887.1856087617057 1416.4985980290528
2886.7759628668337 1415.8749160456637
2886.4116827530693 1415.2528439195098
2886.0965054600665 1414.6336227735208
2885.834168027485 1414.0184937306267
2885.628407494983 1413.4086979137578
2885.4829609022163 1412.8054764458434
2885.4015652888434 1412.2100704498143
2885.3879576945205 1411.6237210486006
2884.0 1412.0
2885.577977666935 1410.4832173525297
2885.782616984655 1409.9319102846869
2886.0570678233894 1409.3953542656866
2886.398604894465 1408.8751553996137
2886.8045029092054 1408.3729197905516
2887.2720365789364 1407.890253542584
2887.798480614983 1407.4287627597955
2888.381109728669 1406.9900535462689
2889.01719863132 1406.5757320060898
2889.7040220342615 1406.1874042433406
2890.4388546488176 1405.8266763621061
2891.218971186314 1405.4951544664698
2892.0416463580755 1405.1944446605162
2892.904154875426 1404.9261530483286
2893.803771449692 1404.6918857339915
2896.0 1404.0
2895.703427614267 1404.3309737679117
2896.698016627227 1404.202293440585
2897.7188125424013 1404.10356605994
2898.763090071114 1404.031149846309
2899.828123924693 1403.9814030200241
2900.9111888144607 1403.950683801416
2902.009559451742 1403.9353504108176
2903.1205105478634 1403.9317610685607
2904.241316814149 1403.9362739949768
2905.369252961923 1403.945247410398
2906.5015937025114 1403.9550395351564
2907.635613747239 1403.9620085895833
2908.7685878074303 1403.9625127940112
2909.897790594411 1403.9529103687719
2911.0204968195058 1403.9295595341966
2912.0 1404.0
2913.2360490750934 1403.827535625939
2914.3266284027877 1403.7445196383505
2915.4061777629972 1403.6390694136142
2916.4751557415957 1403.5104838174923
2917.5340209244614 1403.3580617157468
2918.583231897467 1403.1811019741392
2919.6232472464894 1402.9789034584326
2920.654525557403 1402.7507650343882
2921.6775254160843 1402.4959855677682
2922.692705408409 1402.2138639243346
2923.70052412025 1401.9036989698498
2924.7014401374868 1401.5647895700754
2925.6959120459915 1401.1964345907732
2926.684398431641 1400.797932897706
2927.667357880311 1400.3685833566353
2928.0 1400.0
2929.6185303102116 1399.4155886635008
2930.587660463193 1398.8968560627768
2931.5530980226968 1398.357100716728
2932.5153015745987 1397.801936310932
2933.474729704772 1397.2369765309668
2934.4318409990938 1396.6678350624084
2935.38709404344 1396.1001255908354
2936.3409474236837 1395.5394618018247
2937.293859725703 1394.991457380954
2938.2462895353706 1394.4617260138007
2939.198695438565 1393.9558813859417
2940.15153602116 1393.4795371829548
2941.105269869031 1393.0383070904172
2942.0603555680536 1392.6378047939063
2943.0172517041037 1392.2836439789996
2944.0 1392.0
2944.9382036617803 1391.7353219484341
2945.902540841127 1391.5435105766837
2946.869251172936 1391.4027403743546
2947.838157429053 1391.3097474997778
2948.8090823813213 1391.2612681112842
2949.781848801581 1391.2540383672042
2950.7562794616783 1391.2847944258704
2951.7321971334545 1391.3502724456125
2952.7094245887515 1391.4472085847626
2953.687784599416 1391.5723390016508
2954.6670999372886 1391.7223998546094
2955.647193374211 1391.8941273019684
2956.6278876820293 1392.084257502059
2957.609005632585 1392.289526613213
2958.5903699977207 1392.5066707937606
2960.0 1392.0
2960.5531290591066 1392.9633674807199
2961.5341692990432 1393.195423209941
2962.514747040932 1393.4243604541748
2963.494685056616 1393.6459462778994
2964.47380611794 1393.8559477455935
2965.4519329967443 1394.0501319217349
2966.4288884648754 1394.2242658708021
2967.404495294174 1394.3741166572734
2968.378576256483 1394.4954513456273
2969.350954123645 1394.5840370003414
2970.321451667506 1394.6356406858947
2971.2898916599065 1394.6460294667652
2972.2560968726893 1394.6109704074308
2973.2198900777 1394.526230572371
2974.181094046778 1394.3875770260622
2976.0 1396.0
2976.0950253645155 1393.9330741256745
2977.047398256861 1393.6176213089054
2977.996473000647 1393.249047855511
2978.9420723677176 1392.8319832383236
2979.884019129916 1392.3710569301763
2980.8221360590837 1391.8708984039013
2981.7562459270666 1391.3361371323324
2982.686171505706 1390.7714025883015
2983.6117355668443 1390.1813242446422
2984.532760882325 1389.5705315741866
2985.4490702239927 1388.9436540497684
2986.360486363688 1388.3053211442198
2987.2668320732555 1387.6601623303736
2988.1679301245385 1387.0128070810629
2989.063603289378 1386.3678848691206
2988.0 1384.0
2990.8379660471046 1385.1038574486715
2991.7163011836774 1384.4940111858311
2992.588502521179 1383.9051158516897
2993.454392831455 1383.341800919081
2994.313794886347 1382.8086958608376
2995.1665314576976 1382.3104301497922
2996.01242531735 1381.8516332587774
2996.8512992371498 1381.4369346606265
2997.6829759889356 1381.0709638281724
2998.5072783445535 1380.7583502342472
2999.3240290758467 1380.5037233516846
3000.1330509546556 1380.3117126533168
3000.934166752826 1380.1869476119768
3001.7271992422006 1380.134057700498
3002.51197119462 1380.1576723917124
3004.0 1380.0
3004.05620066376 1380.4513195353873
3004.8163602508857 1380.720927304518
3005.5696634418728 1381.0661903096832
3006.3169895352844 1381.4820543947208
3007.0592178296843 1381.963465403468
3007.797227623637 1382.5053691797625
3008.5318982157073 1383.102711567442
3009.2641089044573 1383.7504384103443
3009.9947389884524 1384.4434955523066
3010.7246677662556 1385.1768288371666
3011.4547745364316 1385.945384108762
3012.185938597545 1386.7441072109311
3012.9190392481582 1387.567943987511
3013.6549557868375 1388.4118402823387
3014.394567512145 1389.2707419392525
3016.0 1392.0
3015.8883937169016 1391.0133447146893
3016.6443667934786 1391.8869375208874
3017.4075522509415 1392.755319064522
3018.1788293878526 1393.6134351894304
3018.9590775027764 1394.4562317394507
3019.749175894277 1395.2786545584208
3020.550003860918 1396.0756494901775
3021.3624407012644 1396.8421623785594
3022.1873657138804 1397.5731390674032
3023.025658197327 1398.2635254005472
3023.8781974501726 1398.908267221829
3024.7458627709775 1399.5023103750855
3025.629533458308 1400.0406007041552
3026.5300888107267 1400.518084052875
3027.4484081267988 1400.9297062650835
3028.0 1400.0
3029.3414151909014 1401.536757864415
3030.31521761652 1401.731722193815
3031.305013360968 1401.859895271256
3032.3090378032707 1401.925866195177
3033.3255263224523 1401.9342240640165
3034.352714297537 1401.889557976214
3035.3888371075514 1401.7964570302088
3036.4321301315167 1401.6595103244383
3037.4808287484593 1401.4833069573424
3038.533168337403 1401.2724360273603
3039.5873842773735 1401.0314866329295
3040.641711947394 1400.7650478724902
3041.69438672649 1400.477708844481
3042.7436439936855 1400.1740586473402
3043.787719128004 1399.8586863795074
3044.0 1400.0
3045.8532645141145 1399.2111320255196
3046.8712055239525 1398.888128136243
3047.876905917013 1398.5717585700297
3048.8686010723213 1398.266612425318
3049.8445263689005 1397.9772788005475
3050.8029171857747 1397.708346794157
3051.7420089019697 1397.4644055045849
3052.660036896509 1397.2500440302701
3053.555236548418 1397.0698514696523
3054.4258432367205 1396.9284169211694
3055.270092340442 1396.8303294832613
3056.0862192386057 1396.7801782543656
3056.8724593102365 1396.782552332922
3057.62704793436 1396.8420408173695
3058.3482204899997 1396.9632328061466
3060.0 1396.0
3059.6843872628683 1397.4074684190534
3060.3026223438073 1397.7299986117102
3060.893923083678 1398.1132054457505
3061.463294967167 1398.5519863912625
3062.015743478955 1399.0412389183336
3062.5562741037293 1399.5758604970529
3063.089892326171 1400.1507485975078
3063.621603630965 1400.760800689786
3064.1564135027975 1401.400914243976
3064.6993274263477 1402.065986730166
3065.2553508863034 1402.7509156184433
3065.829489367345 1403.4505983788965
3066.4267483541594 1404.1599324816139
3067.052133331429 1404.8738153966829
3067.710649783838 1405.5871445941916
3068.0 1408.0
3069.1459362976952 1406.9917317168813
3069.9257407978234 1407.6727845822381
3070.7447456504515 1408.3328736103865
3071.6009798095756 1408.9668962714152
3072.492472229193 1409.5697500354122
3073.417251863298 1410.136332372465
3074.37334766589 1410.661540752662
3075.358788590963 1411.140272646091
3076.3716035925136 1411.5674255228403
3077.4098216245393 1411.9378968529977
3078.4714716410367 1412.2465841066514
3079.5545825960003 1412.4883847538895
3080.657183443428 1412.6581962647997
3081.7773031373163 1412.7509161094702
3082.9129706316608 1412.7614417579894
3084.0 1412.0
3085.2223293017846 1412.5187466120428
3086.3876651700384 1412.274798348465
3087.551838223698 1411.9672009505098
3088.708464201241 1411.6103294789775
3089.851158841147 1411.2185589946664
3090.973537881891 1410.8062645583773
3092.0692170619536 1410.387821230908
3093.1318121198124 1409.9776040730585
3094.1549387939453 1409.5899881456285
3095.1322128228308 1409.2393485094165
3096.0572499449463 1408.9400602252229
3096.92366589877 1408.7064983538457
3097.725076422781 1408.5530379560857
3098.455097255456 1408.494054092741
3099.107344135274 1408.5439218246115
3100.0 1408.0
3100.1559631217588 1409.022542152884
3100.557471494423 1409.449023885012
3100.8914784462268 1409.9798154838074
3101.169504504692 1410.5982710241983
3101.403070197338 1411.2877445811112
3101.603696051684 1412.0315902294726
3101.7829025952515 1412.8131620442102
3101.952210355561 1413.6158141002509
3102.123139860133 1414.4229004725214
3102.307211636488 1415.2177752359491
3102.515946212146 1415.9837924654612
3102.7608641146267 1416.7043062359837
3103.0534858714514 1417.3626706224447
3103.4053320101407 1417.9422396997707
3103.827923058214 1418.4263675428892
3104.0 1420.0
3104.9273276123045 1419.045906552721
3105.602615891603 1419.1731702283505
3106.3455986268514 1419.188697687605
3107.1432300638107 1419.1009873644734
3107.9824644482433 1418.9185376929458
3108.8502560259108 1418.6498471070104
3109.733559042575 1418.3034140406573
3110.6193277439984 1417.887736927875
3111.4945163759426 1417.4113142026536
3112.34607918417 1416.8826442989823
3113.1609704144425 1416.3102256508505
3113.9261443125206 1415.7025566922468
3114.628555124167 1415.0681358571612
3115.255157095145 1414.4154615795828
3115.7929044712146 1413.7530322935008
3116.0 1412.0
3116.5535378648883 1412.4313676757984
3116.773645033273 1411.7799206762475
3116.899339908313 1411.1342953323324
3116.940889395024 1410.4937815421322
3116.9085603984286 1409.8576692037282
3116.8126198235427 1409.2252482152
3116.663334575387 1408.595808474628
3116.4709715589797 1407.968639880092
3116.2457976793407 1407.3430323296727
3115.9980798414877 1406.7182757214498
3115.7380849504393 1406.0936599535037
3115.476079911216 1405.4684749239145
3115.2223316288355 1404.8420105307625
3114.987107008318 1404.213556672128
3114.78067295468 1403.582403246091
3116.0 1404.0
3114.493393261495 1402.3094771650628
3114.421975992208 1401.6682035918323
3114.398206030325 1401.0252286147206
3114.4212448410885 1400.3817614174086
3114.490253889741 1399.7390111835755
3114.604394641524 1399.0981870969026
3114.7628285616815 1398.460498341071
3114.9647171154547 1397.8271540997591
3115.2092217680874 1397.1993635566496
3115.495503984821 1396.5783358954213
3115.822725230898 1395.9652802997557
3116.1900469715615 1395.3614059533331
3116.596630672053 1394.7679220398334
3117.041637797617 1394.1860377429377
3117.524229813495 1393.6169622463256
3116.0 1392.0
3118.5988143771597 1392.5220743886764
3119.1891298554333 1391.9986803949998
3119.8136760849893 1391.492931936329
3120.471614531072 1391.006038196345
3121.162106658924 1390.5392083587271
3121.884313933788 1390.093651607157
3122.6373978209035 1389.670577125315
3123.4205197855163 1389.271194096881
3124.2328412928678 1388.8967117055358
3125.0735238081998 1388.548339134959
3125.941728796756 1388.2272855688325
3126.836617723778 1387.9347601908362
3127.7573520545084 1387.6719721846496
3128.70309325419 1387.4401307339544
3129.673002788066 1387.240445022431
3132.0 1388.0
3131.681790993562 1386.9421420019364
3132.7179022408395 1386.844529762232
3133.772646973624 1386.7810834002294
3134.844096302329 1386.7515988015145
3135.9303213373682 1386.7558718516725
3137.0293931891565 1386.7936984362882
3138.1393829681065 1386.8648744409466
3139.2583617846335 1386.9691957512325
3140.384400749151 1387.1064582527315
3141.515570972073 1387.2764578310284
3142.649943563814 1387.4789903717085
3143.785589634786 1387.7138517603566
3144.9205802954057 1387.9808378825583
3146.052986656086 1388.2797446238976
3147.18087982724 1388.610367869961
3148.0 1388.0
3149.415411042629 1389.3649126953142
3150.5181913076904 1389.7822177060757
3151.608742824882 1390.2180060845037
3152.6851367046193 1390.6658653764837
3153.7454440573138 1391.1193831279022
3154.7877359933814 1391.5721468846452
3155.810083623235 1392.0177441925996
3156.8105580572897 1392.449762597651
3157.787230405959 1392.861789645686
3158.738171779655 1393.247412882591
3159.661453288795 1393.6002198542515
3160.5551460437914 1393.9137981065549
3161.417321155057 1394.1817351853863
3162.246049733008 1394.3976186366328
3163.0394028880573 1394.5550360061802
3164.0 1396.0
3164.5132496302253 1394.6706033697262
3165.1957789928883 1394.6266125715142
3165.847004483736 1394.5198741071833
3166.4708907678987 1394.3546596386368
3167.0714025105044 1394.1352408277783
3167.6525043766837 1393.8658893365111
3168.2181610315656 1393.5508768267398
3168.77233714028 1393.1944749603667
3169.3189973679555 1392.8009553992968
3169.862106379722 1392.3745898054322
3170.4056288407082 1391.919649840678
3170.9535294160432 1391.4404071669367
3171.5097727708585 1390.9411334461124
3172.0783235702806 1390.426100340109
3172.663146479441 1389.8995795108299
3172.0 1388.0
3173.896776296679 1388.8291613300582
3174.5493665901304 1388.2938073023734
3175.225795764069 1387.7640521990268
3175.92588253874 1387.2441676819228
3176.6494456343885 1386.738425412965
3177.39630377126 1386.2510970540566
3178.166275669599 1385.786454267101
3178.9591800496523 1385.3487687140025
3179.7748356316647 1384.9423120566646
3180.613061135881 1384.5713559569906
3181.4736752825465 1384.2401720768844
3182.3564967919065 1383.953032078249
3183.261344384208 1383.7142076229886
3184.1880367796925 1383.527970373007
3185.13639269861 1383.3985919902075
3188.0 1384.0
3187.0972063375193 1383.32605481252
3188.1083195968304 1383.3827773739415
3189.1384074582015 1383.496121515165
3190.1863067407076 1383.6616969305971
3191.2508542634173 1383.8751133146438
3192.3308868454014 1384.1319803617114
3193.425241305731 1384.4279077662063
3194.5327544634756 1384.758505222534
3195.652263137709 1385.1193824251022
3196.7826041474978 1385.5061490683163
3197.922614311915 1385.9144148465825
3199.0711304500305 1386.3397894543077
3200.226989380915 1386.7778825858977
3201.38902792364 1387.2243039357597
3202.556082897276 1387.6746631982985
3204.0 1388.0
3204.9005894135607 1388.5696342390347
3206.0757145943508 1389.0054654060443
3207.2512034823358 1389.4276732633566
3208.4258928965837 1389.831867505378
3209.5986196561657 1390.2136578265154
3210.768220580154 1390.5686539211742
3211.933532487617 1390.892465483761
3213.0933921976275 1391.1807022086819
3214.2466365292544 1391.4289737903434
3215.39210230157 1391.632889923152
3216.528626333644 1391.788060301514
3217.655045444546 1391.8900946198355
3218.770196453349 1391.9346025725224
3219.8729161791216 1391.9171938539816
3220.962041440936 1391.8334781586198
3220.0 1392.0
3223.0948558489704 1391.4517128611192
3224.1362186333317 1391.157772124175
3225.159334230018 1390.8057421407966
3226.163039458097 1390.4041220817726
3227.1461711366433 1389.9614111178898
3228.1075660847237 1389.4861084199367
3229.0460611214107 1388.9867131586998
3229.9604930657747 1388.4717245049674
3230.849698736887 1387.9496416295272
3231.7125149538183 1387.4289637031663
3232.5477785356375 1386.9181898966729
3233.354326301417 1386.4258193808337
3234.130995070227 1385.9603513264378
3234.8766216611375 1385.5302849042714
3235.5900428932205 1385.144119285123
3236.0 1384.0
3236.9156165571844 1384.5348745975382
3237.525442627206 1384.3131186217288
3238.0984106146816 1384.1379096341905
3238.6333573386833 1384.0020715567623
3239.12911961828 1383.898428311284
3239.584534272544 1383.8198038195944
3239.998438120545 1383.7590220035322
3240.369667981352 1383.7089067849372
3240.6970606740397 1383.6622820856483
3240.979453017675 1383.6119718275045
3241.2156818313306 1383.5507999323447
3241.404583934076 1383.4715903220088
3241.544996144982 1383.3671669183352
3241.6357552831214 1383.2303536431637
3241.6756981675617 1383.0539744183327
3244.0 1384.0
3241.59846972429 1382.5553546366152
3241.4788956706575 1382.2280069007963
3241.3036999114915 1381.8508788574536
3241.0716429017994 1381.4260394058156
3240.7814850965938 1380.9555574451106
3240.431986950884 1380.4415018745676
3240.0219089196817 1379.885941593415
3239.550011457996 1379.290945500881
3239.0150550208396 1378.6585824961946
3238.4158000632215 1377.990921478584
3237.751007040152 1377.2900313472778
3237.019436406643 1376.5579810015042
3236.2198486177035 1375.7968393404924
3235.3510041283444 1375.0086752634706
3234.4116633935782 1374.1955576696673
3232.0 1372.0
3232.3187608824437 1372.5027375286295
3231.176075263602 1371.627172779853
3229.984645714404 1370.7349301112088
3228.756587937363 1369.8280784219253
3227.5040176349953 1368.9086866112318
3226.239050509816 1367.9788235783562
3224.973802264339 1367.0405582225274
3223.7203886010816 1366.095959442974
3222.4909252225575 1365.147096138924
3221.2975278312824 1364.1960372096064
3220.152312129772 1363.2448515542496
3219.0673938205387 1362.2956080720821
3218.054888606101 1361.350375662332
3217.1269121889727 1360.4112232242285
3216.2955802716683 1359.4802196569997
3216.0 1360.0
3214.968421568122 1357.6505670960785
3214.4794791160753 1356.7538500848248
3214.1009498322446 1355.8691459093254
3213.827602348309 1354.9963176527913
3213.6542052959503 1354.1352283984334
3213.5755273068476 1353.2857412294622
3213.5863370126817 1352.44771922909
3213.681403045133 1351.6210254805267
3213.8554940358817 1350.8055230669838
3214.103378616609 1350.0010750716729
3214.419825418994 1349.2075445778041
3214.7996030747177 1348.424794668589
3215.2374802154604 1347.6526884272384
3215.728225472901 1346.8910889369645
3216.266607478723 1346.1398592809767
3216.0 1344.0
3217.4651161991255 1344.6679618047062
3218.1133397984663 1343.9470201508454
3218.78539391571 1343.2359006641157
3219.474606803934 1342.5344664277284
3220.1743067162197 1341.8425805248944
3220.877821905648 1341.1601060388243
3221.5784806252996 1340.4869060527303
3222.2696111282535 1339.822843649822
3222.9445416675912 1339.167781913312
3223.5966004963934 1338.5215839264101
3224.219115867739 1337.8841127723283
3224.80541603471 1337.255231534277
3225.348829250386 1336.6348032954675
3225.8426837678476 1336.0226911391107
3226.2803078401757 1335.4187581484184
3228.0 1336.0
3226.96159859999 1334.2355611005223
3227.2004474230757 1333.6600978316606
3227.3734300722226 1333.1004153051454
3227.482400429951 1332.5604512261073
3227.529212378777 1332.0441432996763
3227.5157198012184 1331.5554292309837
3227.4437765797943 1331.0982467251586
3227.3152365970204 1330.676533487332
3227.1319537354166 1330.2942272226344
3226.8957818774993 1329.9552656361955
3226.608574905787 1329.6635864331463
3226.2721867027976 1329.423127318616
3225.8884711510473 1329.2378259977365
3225.459282133056 1329.111620175637
3224.986473531341 1329.0484475574483
3224.0 1328.0
3223.9174131068075 1329.125307437139
3223.3248690490263 1329.2633434481684
3222.696120937592 1329.4604196894086
3222.0330226550223 1329.7106019688786
3221.3374280838357 1330.0079560945994
3220.6111911065486 1330.346547874589
3219.8561656056795 1330.7204431168686
3219.0742054637476 1331.1237076294565
3218.2671645632686 1331.5504072203735
3217.43689678676 1331.9946076976387
3216.585256016742 1332.4503748692716
3215.7140961357313 1332.9117745432925
3214.8252710262445 1333.3728725277203
3213.9206345708008 1333.8277346305756
3213.0020406519175 1334.270426659877
3212.0 1336.0
3211.1303959539027 1335.0963961993239
3210.181052939808 1335.4728001420567
3209.225167992344 1335.823286876414
3208.2645949940293 1336.1469170269638
3207.3011878273815 1336.4427512182747
3206.336800374919 1336.7098500749153
3205.373286519159 1336.9472742214555
3204.41250014262 1337.154084282463
3203.456295127818 1337.3293408825075
3202.5065253572734 1337.4721046461575
3201.5650447135026 1337.5814361979817
3200.633707079022 1337.6563961625493
3199.7143663363518 1337.6960451644284
3198.8088763680084 1337.6994438281888
3197.9190910565103 1337.665652778399
3196.0 1336.0
3196.194049934119 1337.4827440364431
3195.362501888263 1337.331747593415
3194.5540740293227 1337.139803935112
3193.7706202398153 1336.9059736861032
3193.0139944022612 1336.6293174709565
3192.2860503991747 1336.3088959142417
3191.5886421130763 1335.9437696405278
3190.923623426483 1335.5329992743823
3190.292848221912 1335.0756454403754
3189.698170381882 1334.5707687630747
3189.1414437889107 1334.0174298670506
3188.624522325515 1333.4146893768707
3188.149259874213 1332.761607917104
3187.7175103175236 1332.0572461123197
3187.331127537963 1331.300664587087
3188.0 1332.0
3186.701487804837 1329.628953504284
3186.459598403521 1328.723156980262
3186.2658108838345 1327.7838068028852
3186.119638915509 1326.8211753811331
3186.0205961682746 1325.8455351239834
3185.968196311865 1324.867158440415
3185.961953016012 1323.8963177394062
3186.001379950447 1322.943285429935
3186.0859907849012 1322.0183339209811
3186.2152991891066 1321.131735621522
3186.388818832797 1320.2937629405365
3186.606063385702 1319.5146882870024
3186.8665465175536 1318.8047840698994
3187.169781898085 1318.1743226982048
3187.515283197028 1317.633576580898
3188.0 1316.0
3188.3311382290717 1316.8591381702313
3188.8005193016384 1316.6269012440546
3189.310220971542 1316.487290306632
3189.859756908517 1316.431488316168
3190.4486407822924 1316.4506782308679
3191.076386262604 1316.5360430089352
3191.74250701918 1316.6787656085758
3192.4465167217522 1316.8700289879944
3193.187929040056 1317.1010161053953
3193.966257643819 1317.3629099189834
3194.7810162027763 1317.6468933869637
3195.631718386658 1317.944149467541
3196.5178778651966 1318.2458611189193
3197.4390083081234 1318.5432112993046
3198.394623385171 1318.8273829669008
3200.0 1320.0
3200.406916740596 1319.3227847459027
3201.4599500786744 1319.5275536698614
3202.5401781702785 1319.7062217061364
3203.6444424053784 1319.8611447090752
3204.7695841739455 1319.994678533027
3205.912444865949 1320.1091790323378
3207.0698658713627 1320.207002061357
3208.238688580153 1320.2905034744315
3209.415754382293 1320.3620391259094
3210.597904667754 1320.423964870139
3211.7819808265044 1320.4786365614677
3212.9648242485173 1320.5284100542433
3214.1432763237617 1320.575641202814
3215.3141784422087 1320.6226858615273
3216.4743719938283 1320.6718998847311
3216.0 1320.0
3218.7499989564712 1320.7851210222855
3219.8591151474347 1320.8470093270328
3220.9448883314553 1320.906829377064
3222.0041598985013 1320.9601065084278
3223.033771238545 1321.0023660571735
3224.030563741556 1321.029133359349
3224.991378797506 1321.0359337510038
3225.9130577963642 1321.0182925681863
3226.792442128103 1320.9717351469458
3227.626373182692 1320.8917868233311
3228.411692350103 1320.7739729333905
3229.1452410203046 1320.613818813173
3229.8238605832685 1320.406849798728
3230.4443924289662 1320.1485912261037
3231.0036779473676 1319.8345684313485
3232.0 1320.0
3231.9265686004155 1319.0229084750667
3232.2880147445194 1318.52578371818
3232.5838965802377 1317.9739195484449
3232.815213727058 1317.3723030344522
3232.982965804464 1316.725921244794
3233.0881524319416 1316.0397612480626
3233.131773228977 1315.3188101128492
3233.114827815053 1314.5680549077456
3233.038315809658 1313.7924827013446
3232.9032368322755 1312.9970805622368
3232.710590502391 1312.186835559015
3232.4613764394903 1311.3667347602707
3232.156594263059 1310.541765234595
3231.7972435925817 1309.7169140505814
3231.384324047543 1308.8971682768204
3232.0 1308.0
3230.4017768117274 1307.2929412344245
3229.83414835992 1306.5184341029735
3229.216949511493 1305.7689806561423
3228.551179885933 1305.049567962524
3227.837839102724 1304.3651830907093
3227.077926781352 1303.7208131092902
3226.272442541302 1303.1214450868595
3225.422386002059 1302.5720660920076
3224.528756783109 1302.077663193328
3223.592554503938 1301.6432234594104
3222.61477878403 1301.2737339588489
3221.5964292428703 1300.9741817602337
3220.5385054999447 1300.7495539321571
3219.442007174739 1300.6048375432113
3218.3079338867383 1300.5450196619881
3216.0 1300.0
3215.9323561977717 1300.6965940875714
3214.7006228206665 1300.8973588745373
3213.450856528479 1301.1617671295419
3212.191828725587 1301.474204264154
3210.9323108163608 1301.8190556899388
3209.6810742051734 1302.1807068184637
3208.446890296397 1302.5435430612952
3207.238530494404 1302.8919498300004
3206.0647662035694 1303.2103125361464
3204.9343688282624 1303.4830165912992
3203.8561097728584 1303.6944474070262
3202.8387604417285 1303.8289903948937
3201.8910922392465 1303.8710309664689
3201.021876569784 1303.8049545333183
3200.2398848377143 1303.615146507009
3200.0 1304.0
3198.970553151402 1302.8071496085483
3198.4881220948478 1302.1893652837352
3198.102732771065 1301.4486584604401
3197.8105226733705 1300.6010482744346
3197.607629295081 1299.6625538614896
3197.4901901295125 1298.6491943573772
3197.454342669983 1297.5769888978691
3197.496224409808 1296.4619566187362
3197.6119728423046 1295.3201166557506
3197.7977254607895 1294.1674881446838
3198.0496197585803 1293.0200902213066
3198.3637932289917 1291.8939420213921
3198.736383365342 1290.8050626807105
3199.1635276609477 1289.769471335034
3199.641363609125 1288.8031871201338
3200.0 1288.0
3200.7336556712507 1287.1392838301022
3201.340358180559 1286.4537062526324
3201.9822451331606 1285.8615188012634
3202.6554254311 1285.358743837886
3203.356007976421 1284.94140372439
3204.0801016711657 1284.6055208226662
3204.8238154173814 1284.3471174946053
3205.5832581171094 1284.1622161020973
3206.3545386723945 1284.0468390070337
3207.133765985281 1283.9970085713037
3207.917048957813 1284.0087471567988
3208.7004964920343 1284.0780771254094
3209.4802174899883 1284.2010208390257
3210.2523208537195 1284.3736006595389
3211.012915485272 1284.5918389488384
3212.0 1284.0
3212.485457166661 1285.149380381361
3213.1982800604487 1285.4807282483648
3213.9013459099606 1285.8418240317174
3214.5994216571044 1286.22869009331
3215.297274243788 1286.6373487950325
3215.999670611917 1287.0638224987758
3216.7113777034015 1287.5041335664305
3217.437162460148 1287.9543043598865
3218.1817918240645 1288.410357241035
3218.9500327370574 1288.8683145717657
3219.746652141036 1289.3241987139704
3220.5764169779054 1289.7740320295388
3221.4440941895755 1290.2138368803612
3222.354450717952 1290.6396356283287
3223.3122535049442 1291.0474506353319
3224.0 1292.0
3225.38640470937 1291.793252459356
3226.4951215324154 1292.1234855122605
3227.6360214253027 1292.4202272959647
3228.796705851737 1292.6797016844623
3229.964776275424 1292.8981325517445
3231.127834160068 1293.071743771804
3232.273480969375 1293.1967592186322
3233.389318167052 1293.2694027662214
3234.4629472168035 1293.2858982885639
3235.4819695823353 1293.2424696596515
3236.4339867273534 1293.1353407534766
3237.3066001155617 1292.9607354440311
3238.0874112106676 1292.7148776053073
3238.764021476376 1292.3939911112968
3239.324032376392 1291.994299835992
3240.0 1292.0
3240.047842047048 1290.9453356413558
3240.205924422355 1290.3001336933335
3240.2359746413044 1289.584268906636
3240.144674844858 1288.8055883785798
3239.9387071739784 1287.9719392064833
3239.6247537696254 1287.0911684876633
3239.2094967727626 1286.1711233194371
3238.6996183243505 1285.2196507991216
3238.101800565352 1284.244598024035
3237.4227256367276 1283.253812091494
3236.6690756794396 1282.2551400988161
3235.847532834448 1281.256429143319
3234.9647792427177 1280.2655263223191
3234.027497045208 1279.2902787331352
3233.042368382881 1278.3385334730829
3232.0 1276.0
3230.9554843152678 1276.5353486270026
3229.868197717778 1275.6900650197515
3228.7620022710626 1274.8805956991885
3227.6446846419544 1274.1052495467736
3226.5240314972903 1273.3623354439667
3225.407829503902 1272.6501622722285
3224.303865328625 1271.9670389130195
3223.2199256382924 1271.311274247799
3222.1637970997385 1270.6811771580287
3221.1432663797973 1270.0750565251678
3220.166120145304 1269.4912212306772
3219.240145063091 1268.9279801560165
3218.373127799993 1268.3836421826468
3217.5728550228446 1267.8565161920283
3216.8471133984795 1267.344911065621
3216.0 1268.0
3215.6475083417995 1266.3614989312807
3215.172046641341 1265.8863096862692
3214.7679195573783 1265.41987683131
3214.4257421549314 1264.9605092478632
3214.1361294990247 1264.5065158173902
3213.8896966546777 1264.0562054213501
3213.6770586869147 1263.6078869412036
3213.488830660756 1263.1598692584114
3213.315627641224 1262.7104612544335
3213.1480646933405 1262.25797181073
3212.9767568821267 1261.8007098087612
3212.792319272606 1261.336984129988
3212.5853669297994 1260.86510365587
3212.34651491873 1260.3833772678681
3212.0663783044165 1259.890113847442
3212.0 1260.0
3211.3467218429 1258.8626185778608
3210.900494026215 1258.3274473478323
3210.3995656673274 1257.7788603236343
3209.846613731736 1257.217609242933
3209.2443151849375 1256.6444458433953
3208.59534699243 1256.0601218626878
3207.902386119713 1255.4653890384775
3207.168109532282 1254.8609991084304
3206.3951941956357 1254.2477038102147
3205.586317075273 1253.6262548814957
3204.744155136691 1252.9974040599404
3203.871385345388 1252.361903083216
3202.97068466686 1251.7205036889893
3202.044730066608 1251.0739576149263
3201.096198510128 1250.4230165986942
3200.0 1248.0
3199.1421123904747 1249.1109566903895
3198.1419117582996 1248.45134127365
3197.1298420318867 1247.790337865409
3196.108580176736 1247.1286982033316
3195.0808031583456 1246.4671740250856
3194.049187942212 1245.8065170683378
3193.016411493834 1245.1474790707541
3191.985150778709 1244.490811770002
3190.9580827623367 1243.8372669037478
3189.937884410212 1243.1875962096588
3188.9272326878345 1242.542551425401
3187.9288045607022 1241.9028842886414
3186.945276994312 1241.2693465370467
3185.9793269541633 1240.6426899082835
3185.033631405752 1240.023666140019
3184.0 1240.0
3183.213016046644 1238.8114099300192
3182.3392765699773 1238.2189957298212
3181.4881522531095 1237.635850873196
3180.6581464645756 1237.0620418640149
3179.847762572906 1236.4976352061476
3179.055503946635 1235.9426974034648
3178.279873954295 1235.3972949598376
3177.5193759644176 1234.8614943791354
3176.772513345538 1234.33536216523
3176.0377894661874 1233.8189648219914
3175.3137076948983 1233.3123688532903
3174.598771400204 1232.815640762997
3173.891483950637 1232.3288470549826
3173.190348714731 1231.8520542331173
3172.493869061017 1231.3853288012713
3172.0 1232.0
3171.1088899743 1230.4823461231215
3170.417397278362 1230.046221884558
3169.7245736387476 1229.6204310514966
3169.028922423991 1229.2050401278077
3168.328947002624 1228.800115617362
3167.623150743178 1228.4057240240297
3166.9100370141887 1228.0219318516818
3166.188109184186 1227.6488056041883
3165.4558706217053 1227.2864117854203
3164.711824695277 1226.934816899248
3163.9544747734344 1226.5940874495427
3163.1823242247124 1226.2642899401737
3162.3938764176405 1225.9454908750126
3161.587634720754 1225.6377567579295
3160.762102502585 1225.3411540927955
3160.0 1224.0
3159.0477433958577 1224.7811267237798
3158.159303760341 1224.5149405671925
3157.2523481096227 1224.2543629571398
3156.328760328214 1223.9965659370455
3155.3904243006205 1223.7387215503318
3154.4392239113513 1223.4780018404215
3153.477043044914 1223.211578850737
3152.5057655858163 1222.9366246247012
3151.5272754185703 1222.650311205737
3150.54345642768 1222.349810637267
3149.5561924976546 1222.0322949627134
3148.567367513004 1221.6949362255002
3147.5788653582345 1221.3349064690487
3146.5925699178565 1220.9493777367825
3145.610365076376 1220.5355220721237
3144.0 1220.0
3143.6656744261018 1219.6126386554101
3142.7064265740514 1219.104678206734
3141.7577452343953 1218.5705254324255
3140.8209844793714 1218.0140755924417
3139.897498381218 1217.439223946739
3138.988641012173 1216.8498657552745
3138.0957664444772 1216.2498962780062
3137.220228750367 1215.6432107748901
3136.3633820020837 1215.0337045058843
3135.526580271864 1214.425272730945
3134.7111776319475 1213.8218107100295
3133.9185281545747 1213.2272137030952
3133.1499859119817 1212.645376970099
3132.406904976409 1212.0801957709982
3131.6906394200946 1211.5355653657493
3132.0 1212.0
3130.3439707341977 1210.5235379766368
3129.716275749092 1210.0639315126868
3129.1208124321997 1209.6404568824175
3128.558934855762 1209.2570093457866
3128.031997092013 1208.9174841627494
3127.5413532131965 1208.6257765932644
3127.0883572915495 1208.3857818972886
3126.6743633993096 1208.2013953347782
3126.300725608717 1208.0765121656912
3125.968797992009 1208.015027649984
3125.679934621427 1208.0208370476144
3125.4354895692077 1208.097835618539
3125.23681690759 1208.2499186227144
3125.0852707088134 1208.4809813200986
3124.982205045117 1208.7949189706487
3124.0 1208.0
3124.9257777175217 1209.6851197795934
3124.968200831727 1210.2578911090284
3125.050674037215 1210.906553733707
3125.167628039852 1211.6237205647121
3125.3134935454996 1212.4020045131258
3125.482701260023 1213.2340184900306
3125.669681889285 1214.1123754065081
3125.8688661391484 1215.029688173641
3126.074684715479 1215.9785697025115
3126.281568324138 1216.9516329042017
3126.48394767099 1217.9414906897941
3126.6762534618965 1218.9407559703702
3126.852916402725 1219.942041657013
3127.0083671993357 1220.9379606608043
3127.1370365575935 1221.921125892827
3128.0 1224.0
3127.2939511077407 1223.821510299653
3127.324241662772 1224.7351369791793
3127.3318415057324 1225.628824896382
3127.324365293903 1226.5063686449012
3127.3094276845623 1227.371562818378
3127.2946433349866 1228.2282020104517
3127.287626902455 1229.080080814764
3127.2959930442476 1229.9309938249548
3127.327356417641 1230.7847356346645
3127.389331679914 1231.6451008375332
3127.489533488346 1232.5158840272022
3127.6355765002136 1233.4008797973113
3127.8350753727964 1234.303882741501
3128.0956447633735 1235.2286874534122
3128.424899329222 1236.1790885266848
3128.0 1236.0
3129.315800253738 1238.1696125956157
3129.8679417542967 1239.2038515609884
3130.469758713911 1240.251918827152
3131.104131617192 1241.3041357701804
3131.753940948755 1242.3508237661483
3132.402067193211 1243.382304191129
3133.0313908351745 1244.388898421197
3133.624792359259 1245.3609278324266
3134.1651522500765 1246.2887138008916
3134.6353509922405 1247.162577702666
3135.0182690703637 1247.972840913825
3135.2967869690588 1248.7098248104412
3135.4537851729397 1249.36385076859
3135.4721441666193 1249.9252401643448
3135.33474443471 1250.3843143737802
3136.0 1252.0
3134.5311116862667 1250.9607072943138
3133.87216536108 1251.0820960955157
3133.072033693002 1251.1093098906047
3132.155122888767 1251.056097393609
3131.145839155111 1250.9362073185594
3130.068588698769 1250.763388379483
3128.9477777264756 1250.5513892904105
3127.807812444967 1250.31395876537
3126.673099060979 1250.0648455183916
3125.5680437812453 1249.8177982635036
3124.5170528125022 1249.5865657147353
3123.5445323614836 1249.3848965861164
3122.674888634926 1249.2265395916752
3121.9325278395645 1249.1252434454416
3121.3418561821345 1249.0947568614438
3120.0 1248.0
3120.7057071564504 1249.2979661927172
3120.6640544923143 1249.5397132747044
3120.781740374348 1249.8683722523606
3121.038183299933 1250.2782455783733
3121.4128017664543 1250.7636357054291
3121.8850142712936 1251.318845086216
3122.434239311836 1251.9381761734207
3123.0398953854647 1252.6159314197305
3123.6814009895625 1253.3464132778333
3124.3381746215127 1254.1239242004153
3124.9896347787003 1254.9427666401646
3125.6151999585068 1255.7972430497678
3126.194288658317 1256.6816558819123
3126.7063193755143 1257.5903075892859
3127.130710607481 1258.5175006245754
3128.0 1260.0
3127.6388800209093 1260.4047204896506
3127.7092836910374 1261.353352224811
3127.6652988532674 1262.2977350986362
3127.5141324988813 1263.2321715638136
3127.262991619163 1264.1509640730305
3126.919083205394 1265.048415078974
3126.489614248858 1265.9188270343307
3125.9817917408354 1266.7565023917887
3125.4028226726114 1267.5557436040358
3124.759914035467 1268.3108531237574
3124.060272820683 1269.0161334036422
3123.3111060195456 1269.665886896377
3122.519620623335 1270.254416054649
3121.6930236233347 1270.7760233311458
3120.838522010826 1271.2250111785538
3120.0 1272.0
3119.0735217219653 1271.8840105631193
3118.170769879472 1272.0926600032387
3117.255607092188 1272.225965820195
3116.328573202691 1272.2882634642629
3115.3902080535568 1272.2838883857178
3114.4410514873603 1272.217176034835
3113.4816433466813 1272.0924618618897
3112.5125234740926 1271.9140813171566
3111.534231712173 1271.6863698509117
3110.5473079034978 1271.4136629134298
3109.552291890643 1271.100295954986
3108.549723516186 1270.7506044258555
3107.540142622702 1270.3689237763142
3106.524089052769 1269.9595894566355
3105.5021026489617 1269.526936917097
3104.0 1268.0
3103.442490710031 1268.609018979537
3102.405944860061 1268.1324244820662
3101.3656255465226 1267.6498535658352
3100.322072611992 1267.1656416811195
3099.2758258990452 1266.6841242781936
3098.2274252502607 1266.2096368073337
3097.1774105082136 1265.7465147188136
3096.1263215154786 1265.2990934629102
3095.074698114635 1264.8717084898974
3094.0230801482558 1264.4686952500506
3092.97200745892 1264.0943891936454
3091.9220198892035 1263.7531257709568
3090.8736572816815 1263.44924043226
3089.8274594789323 1263.1870686278303
3088.783966323531 1262.9709458079426
3088.0 1264.0
3086.7071537495763 1262.6927887326817
3085.674316563179 1262.6310242365814
3084.6451484884383 1262.615848243568
3083.619591914933 1262.6431950626402
3082.5975892322417 1262.708999002794
3081.5790828299405 1262.8091943730274
3080.56401509761 1262.9397154823378
3079.552328424827 1263.0964966397225
3078.5439652011687 1263.275472154179
3077.5388678162167 1263.4725763347049
3076.536978659545 1263.683743490297
3075.5382401207335 1263.9049079299532
3074.542594589361 1264.1320039626708
3073.549984455006 1264.3609658974472
3072.560352107244 1264.5877280432796
3072.0 1264.0
3070.5897903298182 1265.0183902041024
3069.6087456793107 1265.2141588370876
3068.63044837371 1265.3914649171184
3067.6548408025938 1265.546242753192
3066.681865355542 1265.6744266543067
3065.7114644221315 1265.7719509294593
3064.743580391942 1265.8347498876467
3063.7781556545497 1265.858757837867
3062.815132599533 1265.8399090891173
3061.8544536164713 1265.7741379503952
3060.8960610949416 1265.657378730698
3059.9398974245228 1265.4855657390228
3058.9859049947913 1265.2546332843672
3058.034026195329 1264.9605156757289
3057.0842034157104 1264.5991472221049
3056.0 1264.0
3055.190495474321 1263.660010708138
3054.246495091706 1263.0838054192793
3053.304320287248 1262.4434748284032
3052.3639134505274 1261.7446473979967
3051.42521697112 1260.9929515905458
3050.4881732386034 1260.194015868538
3049.552724642558 1259.35346869446
3048.618813572561 1258.4769385307975
3047.68638241819 1257.5700538400386
3046.755373569023 1256.6384430846692
3045.8257294146397 1255.6877347271761
3044.8973923446156 1254.723557230046
3043.9703047485323 1253.751539055766
3043.044409015966 1252.7773086668226
3042.1196475364936 1251.8064945257022
3040.0 1252.0
3040.273296895148 1249.897628836878
3039.3515925124316 1248.9708342141475
3038.4307919411212 1248.0699696891875
3037.5108375707982 1247.2006637244842
3036.591671791039 1246.3685447825246
3035.673236991422 1245.579241325795
3034.7554755615247 1244.8383818167827
3033.8383298909275 1244.1515947179737
3032.9217423692053 1243.5245084918554
3032.0056553859376 1242.962751600914
3031.0900113307052 1242.4719525076368
3030.1747525930814 1242.0577396745102
3029.259821562648 1241.7257415640206
3028.3451606289823 1241.4815866386552
3027.430712181661 1241.3309033609007
3028.0 1240.0
3025.6022539997416 1241.3297318409896
3024.6883192165333 1241.474097980724
3023.7747468224543 1241.7016445318498
3022.8616693793188 1242.0015974137716
3021.949219448937 1242.3631825458924
3021.037529593126 1242.7756258476165
3020.126732373698 1243.2281532383477
3019.216960352465 1243.7099906374892
3018.308346091242 1244.2103639644456
3017.401022151843 1244.71849913862
3016.49512109608 1245.223622079417
3015.5907754857676 1245.7149587062393
3014.6881178827184 1246.181734938492
3013.7872808487473 1246.6131766955773
3012.8883969456665 1246.9985098969003
3012.0 1248.0
3011.0970187794314 1247.58970052374
3010.2047896399035 1247.7856870712615
3009.3150438785206 1247.915823307031
3008.427914057096 1247.9810124336498
3007.5435327374425 1247.9821576537195
3006.6620324813753 1247.9201621698408
3005.783545850706 1247.7959291846164
3004.908205407249 1247.6103619006471
3004.0361437128186 1247.3643635205344
3003.167493329226 1247.0588372468796
3002.302386818287 1246.694686282285
3001.440956741813 1246.2728138293508
3000.5833356616195 1245.7941230906795
2999.729656139519 1245.259517268872
2998.8800507373257 1244.6698995665301
2996.0 1244.0
2997.193666187579 1243.3305273260366
2996.357594049648 1242.5902951654161
2995.527010050869 1241.814095879323
2994.7024886390527 1241.0105486426871
2993.8846042620053 1240.188272630438
2993.0739313675385 1239.3558870175045
2992.2710444034615 1238.522010978817
2991.4765178175826 1237.695263689305
2990.6909260577104 1236.8842643238975
2989.914843571657 1236.0976320575244
2989.1488448072287 1235.3439860651154
2988.3935042122357 1234.6319455215994
2987.6493962344875 1233.9701296019068
2986.9170953217936 1233.3671574809666
2986.1971759219628 1232.8316483337087
2988.0 1232.0
2984.796779452128 1231.9957962501373
2984.117451277742 1231.7024952047668
2983.4528024074566 1231.4907409149632
2982.80340728908 1231.3589560967398
2982.169840370423 1231.3055634661096
2981.5526760992943 1231.328985739085
2980.9524889235017 1231.4276456316795
2980.3698532908566 1231.5999658599055
2979.8053436491664 1231.8443691397772
2979.2595344462416 1232.1592781873062
2978.733000129891 1232.5431157185058
2978.2263151479237 1232.9943044493896
2977.7400539481496 1233.5112670959697
2977.2747909783766 1234.09242637426
2976.831100686416 1234.736205000272
2976.0 1236.0
2976.010875197745 1236.2049464495826
2975.6363245201374 1237.0245664453016
2975.2873155585444 1237.896120133585
2974.96525838426 1238.8158419708418
2974.6715630685767 1239.779966413479
2974.4076396827872 1240.784727917905
2974.174898298184 1241.8263609405278
2973.9747489860592 1242.9010999377558
2973.8086018177064 1244.005179365997
2973.677866864419 1245.1348336816588
2973.5839541974883 1246.2862973411504
2973.5282738882083 1247.4558048008785
2973.5122360078713 1248.6395905172521
2973.5372506277704 1249.8338889466795
2973.6047278191977 1251.0349345455681
2972.0 1252.0
2973.8727102018097 1253.4422050773615
2974.0760355355787 1254.640898923083
2974.3274637260474 1255.8312777638978
2974.6284048445095 1257.009576056214
2974.9802689622566 1258.1720282564404
2975.384466150581 1259.3148688209849
2975.842406480777 1260.434332206255
2976.3555000241354 1261.526652868659
2976.9251568519508 1262.5880652646058
2977.5527870355154 1263.614803850502
2978.2398006461217 1264.6031030827562
2978.987607755062 1265.5491974177773
2979.7976184336294 1266.4493213119724
2980.6712427531183 1267.29970922175
2981.6098907848195 1268.0965956035177
2984.0 1268.0
2983.6846969728986 1269.5159326880637
2984.804467489068 1270.1376387800976
2985.9564864370304 1270.7043541226326
2987.1229561052846 1271.219099648517
2988.286078782328 1271.684896290598
2989.428056756659 1272.104764981723
2990.531092316774 1272.4817266547398
2991.5773877511715 1272.8188022424956
2992.549145348349 1273.1190126778379
2993.4285673968047 1273.3853788936146
2994.1978561850356 1273.6209218226727
2994.83921400154 1273.82866239786
2995.334843134815 1274.0116215520238
2995.666945873359 1274.1728202180118
2995.8177245056686 1274.3152793286717
2996.0 1276.0
2995.5109507933976 1274.5560626153965
2995.058796152723 1274.6604286571562
2994.4361128136256 1274.758138874978
2993.666096191517 1274.8522142017084
2992.771941701804 1274.945675570196
2991.7768447598946 1275.0415439132876
2990.704000781199 1275.1428401638307
2989.5766051811233 1275.2525852546735
2988.417853375078 1275.3738001186628
2987.2509407784714 1275.5095056886462
2986.099062806711 1275.6627228974717
2984.985414875207 1275.836472677986
2983.9331923993655 1276.0337759630374
2982.965590794598 1276.2576536854729
2982.10580547631 1276.5111267781404
2980.0 1276.0
2980.7975569044943 1277.1180195175102
2980.3660337438787 1277.4719413016066
2980.076207055571 1277.8564627307233
2979.9218215170768 1278.2690650094062
2979.896621805898 1278.707229342202
2979.994352599541 1279.1684369336579
2980.2087585755116 1279.6501689883198
2980.533584411313 1280.149906710734
2980.962574784451 1280.6651313054479
2981.489474372429 1281.1933239770078
2982.108027852753 1281.7319659299594
2982.811979902928 1282.2785383688504
2983.5950752004583 1282.8305224982273
2984.451058422849 1283.385399522636
2985.3736742476035 1283.940650646623
2988.0 1284.0
2987.393782414228 1285.0422000115204
2988.478764111106 1285.583460661523
2989.605357120368 1286.1150202292906
2990.76730611952 1286.6343599193697
2991.958355786064 1287.1389609363073
2993.1722507975073 1287.626304484649
2994.402735831354 1288.093871768942
2995.643555565108 1288.5391439937325
2996.8884546762756 1288.959602363568
2998.13117784236 1289.3527280829937
2999.3654697408674 1289.7160023565573
3000.5850750493014 1290.0469063888047
3001.783738445167 1290.3429213842824
3002.9552046059694 1290.6015285475376
3004.093218209214 1290.8202090831167
3004.0 1292.0
3006.244619303868 1291.1294214292707
3007.25001325523 1291.2251536879755
3008.2059675689325 1291.2913602152614
3009.110744027423 1291.335760254712
3009.962604413146 1291.3660730499093
3010.7598105085476 1291.3900178444367
3011.5006240960715 1291.415313881875
3012.183306958165 1291.4496804058078
3012.8061208772733 1291.5008366598179
3013.3673276358404 1291.576501887487
3013.8651890163137 1291.6843953323983
3014.297966801136 1291.8322362381332
3014.6639227727565 1292.0277438482758
3014.9613187136174 1292.2786374064074
3015.188416406164 1292.5926361561108
3016.0 1292.0
3015.4261807448975 1293.4388375157894
3015.4418703687516 1293.974546480284
3015.3973076996263 1294.5803733453906
3015.2992539327443 1295.2521052220454
3015.1544702633287 1295.9855292211867
3014.969717886599 1296.7764324537509
3014.75175799778 1297.6206020306759
3014.507351792091 1298.5138250628981
3014.2432604647556 1299.4518886613562
3013.966245210996 1300.4305799369865
3013.683067226033 1301.4456860007263
3013.4004877050897 1302.4929939635133
3013.125267843387 1303.5682909362843
3012.864168836147 1304.6673640299773
3012.623951878592 1305.7860003555288
3012.0 1308.0
3012.2316903112846 1308.0654937337486
3012.0840565991393 1309.220220535036
3011.9661267318934 1310.382250065423
3011.875550411933 1311.5496649625918
3011.8099773416407 1312.720547864224
3011.767057223404 1313.8929814080032
3011.7444397596073 1315.0650482316125
3011.7397746526353 1316.2348309727336
3011.7507116048746 1317.40041226905
3011.7749003187087 1318.5598747582437
3011.8099904965243 1319.711301077998
3011.853631840705 1320.8527738659957
3011.903474053637 1321.9823757599188
3011.957166837706 1323.098189397451
3012.012359895298 1324.198297416274
3012.0 1324.0
3012.117845640584 1326.3437271485247
3012.163437733051 1327.385214137318
3012.2011289085804 1328.4033260581325
3012.2285688695574 1329.3961455486524
3012.2434073183676 1330.3617552465594
3012.243293957395 1331.2982377895369
3012.2258784890264 1332.2036758152672
3012.1888106156466 1333.0761519614327
3012.1297400396406 1333.913748865717
3012.046316463393 1334.7145491658018
3011.9361895892894 1335.4766354993706
3011.7970091197158 1336.1980905041057
3011.6264247570566 1336.8769968176894
3011.4220862036964 1337.5114370778053
3011.1816431620223 1338.099493922136
3012.0 1340.0
3010.583638408661 1339.1303487128175
3010.2249520141013 1339.5786767264156
3009.8279117654797 1339.9916814587207
3009.3937432775374 1340.3768103392974
3008.923672165016 1340.741510797709
3008.4189240426563 1341.0932302635197
3007.8807245252 1341.4394161662924
3007.3102992273875 1341.7875159355917
3006.708873763962 1342.1449770009815
3006.077673749664 1342.519246792025
3005.417924799233 1342.9177727382862
3004.7308525274134 1343.3480022693288
3004.017682548945 1343.8173828147171
3003.279640478568 1344.333361804014
3002.5179519310254 1344.9033866667842
3000.0 1344.0
3000.928537863407 1346.2324453969459
3000.1032635728143 1346.9888641191537
2999.2592452640192 1347.7940984244665
2998.3977085517668 1348.6380857381366
2997.5198790507943 1349.510763485416
2996.6269823758453 1350.402069091557
2995.7202441416616 1351.301939981812
2994.8008899629826 1352.2003135814327
2993.8701454545503 1353.0871273156722
2992.9292362311076 1353.9523186097824
2991.979387907394 1354.785824889015
2991.021826098151 1355.577583578623
2990.0577764181203 1356.3175321038582
2989.0884644820435 1356.9956078899734
2988.1151159046617 1357.6017483622197
2988.0 1360.0
2986.161038601979 1358.5605372442253
2985.1817250083463 1358.9084455731336
2984.2012050367434 1359.1749384264733
2983.219668204098 1359.3653382981418
2982.237304027337 1359.484967682036
2981.254302023385 1359.539149072054
2980.2708517091705 1359.5332049620938
2979.2871426016204 1359.4724578460516
2978.3033642176592 1359.362230217826
2977.319706074215 1359.207844571313
2976.336357688214 1359.014623400412
2975.353508576581 1358.7878891990192
2974.3713482562466 1358.532964461032
2973.390066244133 1358.255171680349
2972.4098520571692 1357.9598333508663
2972.0 1356.0
2970.4533852263958 1357.3378100210937
2969.4775116164396 1357.0217700085989
2968.503463899338 1356.7094744228943
2967.5314315920177 1356.4062457578789
2966.5616042114084 1356.1174065074483
2965.594171274432 1355.8482791655015
2964.6293222980175 1355.6041862259358
2963.6672467990925 1355.3904501826473
2962.708134294581 1355.2123935295353
2961.7521743014113 1355.0753387604957
2960.7995563365093 1354.9846083694272
2959.8504699168016 1354.9455248502268
2958.905104559215 1354.9634106967912
2957.963649780676 1355.0435884030194
2957.0262950981105 1355.191380462808
2956.0 1356.0
2955.164644088608 1355.7078605052136
2954.2407267955246 1356.0677707949726
2953.3216676661204 1356.4777400525743
2952.407656217324 1356.9236680912634
2951.49888196606 1357.3914547242832
2950.595534429256 1357.866999764878
2949.6978031238395 1358.3362030262917
2948.805877566735 1358.7849643217676
2947.9199472748696 1359.1991834645503
2947.0402017651713 1359.5647602678832
2946.166830554565 1359.8675945450104
2945.3000231599776 1360.0935861091752
2944.439969098336 1360.2286347736228
2943.586857886567 1360.2586403515957
2942.740879041597 1360.1695026563386
2940.0 1360.0
2941.071076519759 1359.582434222514
2940.247631876744 1359.0865282508641
2939.4320776682343 1358.4755285398194
2938.6246034111564 1357.765560043053
2937.8253986224363 1356.9727477142399
2937.0346528190007 1356.113216507052
2936.2525555177763 1355.2030913751646
2935.4792962356896 1354.2584972722507
2934.715064489668 1353.2955591519844
2933.960049796636 1352.330401968039
2933.2144416735227 1351.3791506740886
2932.4784296372522 1350.4579302238067
2931.7522032047523 1349.5828655708672
2931.0359518929504 1348.7700816689442
2930.329865218771 1348.0357034717103
2932.0 1348.0
2928.950102201232 1346.8632128262868
2928.2837549931764 1346.436643207117
2927.642230693356 1346.1115649506771
2927.032668920147 1345.883395932316
2926.4622092919303 1345.7475540273779
2925.937991427082 1345.6994571112107
2925.4671549439827 1345.7345230591611
2925.0568394610095 1345.8481697465754
2924.7141845965425 1346.0358150488005
2924.446329968959 1346.292876841183
2924.260415196639 1346.6147729990698
2924.16357989796 1346.996921397807
2924.1629636913003 1347.4347399127419
2924.26570619504 1347.923646419221
2924.4789470275564 1348.459058792591
2924.0 1348.0
2925.2618458406455 1349.6510726413894
2925.8239651872477 1350.298509867512
2926.4815055946806 1350.974124461912
2927.219788810593 1351.673334299936
2928.024136582636 1352.3915572569308
2928.8798706584566 1353.1242112082437
2929.7723127857034 1353.86671402922
2930.686784712026 1354.614483595208
2931.6086081850726 1355.3629377815535
2932.5231049524914 1356.1074944636032
2933.415596761932 1356.8435715167038
2934.271405361043 1357.5665868162023
2935.0758524974726 1358.2719582374448
2935.8142599188704 1358.9551036557787
2936.471949372884 1359.61144094655
2936.0 1360.0
2937.4896458671697 1360.8263710584126
2937.8394033896234 1361.381850099918
2938.087943909057 1361.9042934546883
2938.239696160003 1362.3951694677926
2938.2990888769955 1362.8559464842963
2938.2705507945666 1363.2880928492675
2938.1585106472503 1363.693076907774
2937.967397169578 1364.0723670048815
2937.7016390960853 1364.427431485659
2937.365665161303 1364.7597386951732
2936.963904099765 1365.070756978491
2936.500784646004 1365.36195468068
2935.980735534553 1365.6348001468073
2935.4081854999454 1365.8907617219404
2934.7875632767154 1366.1313077511463
2936.0 1368.0
2933.419817202513 1366.572026552047
2932.6815508206096 1366.7751360138752
2931.9129271882143 1366.968703310046
2931.1183750398604 1367.1541967856263
2930.3023231100806 1367.333084785683
2929.4692001334092 1367.5068356552838
2928.6234348443777 1367.6769177394958
2927.76945597752 1367.844799383386
2926.91169226737 1368.011948932022
2926.054572448458 1368.1798347304714
2925.2025252553194 1368.3499251238013
2924.3599794224874 1368.5236884570786
2923.531363684493 1368.7025930753705
2922.7211067758717 1368.8881073237449
2921.9336374311547 1369.0816995472687
2920.0 1368.0
2920.4438156373544 1369.4992156558021
2919.7445562520606 1369.7274223655554
2919.0742705582484 1369.972272699946
2918.431622885175 1370.2365811386508
2917.8152775620947 1370.5231621613461
2917.2238989182633 1370.834830247709
2916.6561512829376 1371.1743998774157
2916.110698985372 1371.5446855301425
2915.586206354823 1371.9485016855672
2915.0813377205463 1372.3886628233654
2914.5947574117963 1372.8679834232146
2914.125129757831 1373.3892779647904
2913.6711190879046 1373.9553609277705
2913.2313897312715 1374.569046791831
2912.8046060171896 1375.2331500366486
2912.0 1376.0
2911.9845328337 1376.7215341903839
2911.588572022803 1377.5374496773863
2911.2002141714797 1378.3870517013156
2910.8181236089845 1379.2591603605797
2910.4409646645736 1380.1425957535869
2910.0674016675034 1381.0261779787447
2909.6960989470285 1381.8987271344622
2909.325720832405 1382.7490633191471
2908.9549316528887 1383.5660066312075
2908.5823957377343 1384.3383771690512
2908.206777416199 1385.0549950310872
2907.826741017538 1385.7046803157227
2907.440950871007 1386.2762531213662
2907.04807130586 1386.758533546426
2906.6467666513554 1387.14034168931
2908.0 1388.0
2905.813748752658 1387.5610457318614
2905.3806203351796 1387.596927086414
2904.9362364817694 1387.5263070685612
2904.4805176898863 1387.3573510347799
2904.013384456988 1387.0982243415474
2903.5347572805317 1386.7570923453402
2903.044556657977 1386.3421204026351
2902.54270308678 1385.8614738699102
2902.0291170644014 1385.3233181036414
2901.5037190882967 1384.7358184603067
2900.966429655925 1384.1071402963823
2900.4171692647446 1383.4454489683453
2899.855858412213 1382.758909832673
2899.282417595789 1382.0556882458425
2898.6967673129298 1381.3439495643304
2896.0 1380.0
2897.48852033774 1379.9264848330627
2896.865764640325 1379.2305044356178
2896.230481466307 1378.5454982481126
2895.5825913131457 1377.8730465663796
2894.9220146782973 1377.214729686254
2894.2486720592196 1376.5721279035677
2893.562483953373 1375.9468215141553
2892.8633708582133 1375.3403908138496
2892.1512532712004 1374.7544160984844
2891.4260516897907 1374.190477663893
2890.687686611443 1373.6501558059085
2889.9360785336153 1373.1350308203657
2889.1711479537653 1372.6466830030968
2888.3928153693523 1372.1866926499358
2887.6010012778333 1371.7566400567157
2888.0 1372.0
2885.976691190155 1370.992247714564
2885.14451994999 1370.6585388440803
2884.2995167147023 1370.3560294904344
2883.44208574283 1370.0837702362421
2882.5726312929073 1369.8408116641172
2881.691557623465 1369.626204356675
2880.799268993043 1369.4389988965306
2879.8961696601727 1369.2782458662984
2878.982663883389 1369.1429958485942
2878.0591559212266 1369.0322994260318
2877.1260500322205 1368.9452071812268
2876.183750474905 1368.8807696967938
2875.232661507814 1368.838037555348
2874.273187389485 1368.816061339504
2873.3057323784483 1368.813891631877
2872.0 1368.0
2871.3484967123977 1368.8651740717326
2870.359524574453 1368.9167273844455
2869.36418857794 1368.9842895358347
2868.362892981394 1369.066911108515
2867.3560420433514 1369.163642685102
2866.3440400223435 1369.27353484821
2865.327291176908 1369.3956381804537
2864.3061997655773 1369.5290032644484
2863.2811700468874 1369.6726806828096
2862.2526062793713 1369.8257210181512
2861.2209127215656 1369.9871748530882
2860.186493632003 1370.1560927702358
2859.149753269219 1370.3315253522087
2858.1110958917484 1370.5125231816223
2857.070925758125 1370.6981368410914
2856.0 1372.0
2854.98766425656 1371.0793379396266
2853.9453814056874 1371.2725702977564
2852.9032028328 1371.4657083240686
2851.861532796434 1371.6573463550117
2850.820775555123 1371.8460787270346
2849.7813353674014 1372.0304997765854
2848.7436164918045 1372.2092038401133
2847.708023186866 1372.3807852540665
2846.674959711121 1372.5438383548938
2845.6448303231036 1372.696957479044
2844.61803928135 1372.838736962965
2843.594990844392 1372.9677711431061
2842.5760892707676 1373.082654355916
2841.5617388190085 1373.1819809378428
2840.5523437476495 1373.2643452253358
2840.0 1372.0
2838.5500367802742 1373.372564262813
2837.5579334013264 1373.395607685695
2836.5724024369174 1373.3960661599374
2835.5938481455823 1373.3725340219885
2834.622674785856 1373.323605608297
2833.659286616272 1373.2478752553122
2832.704087895366 1373.1439372994819
2831.757482881672 1373.0103860772554
2830.8198758337244 1372.8458159250806
2829.8916710100575 1372.6488211794062
2828.973272669208 1372.4179961766815
2828.0650850697075 1372.1519352533546
2827.1675124700923 1371.8492327458744
2826.280959128898 1371.5084829906893
2825.405829304656 1371.1282803242482
2824.0 1372.0
2823.6912757637833 1370.2447684798403
2822.8515716998695 1369.743897233462
2822.0227304583473 1369.2084489390043
2821.204067433401 1368.6422671916073
2820.3948980192145 1368.0491955864106
2819.594537609971 1367.4330777185542
2818.802301599858 1366.7977571831786
2818.0175053830544 1366.147077575422
2817.2394643537477 1365.4848824904257
2816.4674939061215 1364.8150155233288
2815.7009094343593 1364.1413202692713
2814.9390263326463 1363.4676403233932
2814.1811599951648 1362.7978192808343
2813.426625816101 1362.1357007367346
2812.6747391896374 1361.485128286233
2812.0 1360.0
2811.17617017125 1360.233996046587
2810.428118567693 1359.6411234477214
2809.679976093474 1359.0751713230138
2808.9310581427767 1358.5399832676044
2808.1806801097837 1358.0394028766332
2807.428157388681 1357.5772737452394
2806.672805373652 1357.1574394685629
2805.9139394588806 1356.783743641744
2805.150875038551 1356.4600298599225
2804.382927506847 1356.1901417182378
2803.609412257954 1355.9779228118302
2802.829644686055 1355.8272167358396
2802.0429401853335 1355.741867085405
2801.2486141499753 1355.725717455667
2800.4459819741633 1355.7826114417655
2800.0 1356.0
2798.8149404752567 1356.128896195055
2797.996440124586 1356.4139234706754
2797.1894515783056 1356.7632673789874
2796.4045684146554 1357.1687208332821
2795.652384211873 1357.6220767468462
2794.9434925481987 1358.11512803297
2794.2884870018675 1358.6396676049405
2793.6979611511197 1359.1874883760465
2793.1825085741943 1359.7503832595776
2792.752722849328 1360.320145168821
2792.419197554761 1360.888567017066
2792.192526268729 1361.447441717601
2792.0833025694737 1361.9885621837147
2792.1021200352307 1362.503721328695
2792.2595722442397 1362.9847120658314
2792.0 1364.0
2793.0281249841346 1363.8140099296559
2793.6326313465065 1364.1618026425035
2794.3625841151006 1364.4743981198255
2795.2007955431645 1364.7594890344938
2796.1300778839454 1365.0247680593789
2797.133243390691 1365.2779278673515
2798.193104316648 1365.5266611312832
2799.292472915063 1365.7786605240447
2800.4141614391847 1366.0416187185067
2801.5409821422586 1366.3232283875411
2802.655747277534 1366.6311822040184
2803.741269098255 1366.9731728408092
2804.780359857671 1367.3568929707847
2805.7558318090287 1367.7900352668164
2806.6504972055754 1368.2802924017751
2808.0 1368.0
2808.133388978528 1369.46056621833
2808.7156296492544 1370.1518342759048
2809.2050923538113 1370.902719924364
2809.612979133272 1371.7067818668152
2809.95049202871 1372.5575788063659
2810.2288330811975 1373.4486694461232
2810.45920433181 1374.3736124891957
2810.6528078216197 1375.3259666386905
2810.820845591701 1376.2992905977153
2810.974519683127 1377.2871430693779
2811.1250321369703 1378.2830827567864
2811.283584994306 1379.2806683630472
2811.461380296206 1380.273458591269
2811.669620083745 1381.2550121445593
2811.9195063979964 1382.2188877260253
2812.0 1384.0
2812.5858567436308 1384.069581434626
2813.005704693373 1384.9539668602365
2813.4739670065437 1385.8158089109759
2813.982825560427 1386.659116182212
2814.5244622323103 1387.487897269314
2815.091058899476 1388.30616076765
2815.67479743921 1389.117915272589
2816.2678597287963 1389.9271693794997
2816.8624276455207 1390.73793168375
2817.4506830666683 1391.5542107807091
2818.0248078695217 1392.3800152657457
2818.5769839313693 1393.2193537342278
2819.0993931294925 1394.0762347815241
2819.5842173411784 1394.954667003004
2820.0236384437108 1395.858658994035
2820.0 1396.0
2820.7364528674843 1397.7574633253564
2821.0029341654736 1398.748932811162
2821.210188307806 1399.7592763575494
2821.3591213939458 1400.7811425146654
2821.4506395233557 1401.807179832657
2821.4856487954994 1402.8300368616701
2821.46505530984 1403.842362151852
2821.3897651658403 1404.8368042533489
2821.2606844629663 1405.806011716307
2821.078719300678 1406.7426330908738
2820.8447757784415 1407.6393169271958
2820.559759995719 1408.4887117754188
2820.2245780519743 1409.28346618569
2819.8401360466714 1410.0162287081564
2819.407340079273 1410.6796478929637
2820.0 1412.0
2818.400310656043 1411.7711222044707
2817.8278893991396 1412.196904957156
2817.210738577994 1412.5487996241532
2816.5497642920704 1412.8318852813006
2815.8458726408326 1413.0512410044382
2815.099969723744 1413.2119458694033
2814.3129616402666 1413.3190789520354
2813.485754489865 1413.3777193281728
2812.619254372004 1413.392946073655
2811.714367386145 1413.3698382643197
2810.771999631752 1413.3134749760059
2809.7930572082887 1413.2289352845528
2808.7784462152176 1413.1212982657985
2807.729072752004 1412.9956429955823
2806.6458429181102 1412.857048549742
2804.0 1412.0
2804.382033253553 1412.5608247252
2803.206833926314 1412.4101512420928
2802.0085392352444 1412.2604503745536
2800.7916235843063 1412.1135989423396
2799.560561377461 1411.9714737652066
2798.31982701867 1411.835951662912
2797.073894911894 1411.7089094552132
2795.8272394610945 1411.5922239618665
2794.584335070235 1411.4877720026295
2793.3496561432744 1411.3974303972584
2792.1276770841755 1411.3230759655105
2790.922872296899 1411.2665855271432
2789.739716185407 1411.2298359019123
2788.582683153661 1411.214703909576
2787.456247605622 1411.22306636989
2788.0 1412.0
2785.3130665765116 1411.3177819274986
2784.305269903362 1411.4078886643072
2783.3459683297656 1411.5289971327938
2782.4396362596844 1411.6829841527165
2781.590748097079 1411.8717265438308
2780.8037782459105 1412.097101125895
2780.083201110141 1412.3609847186658
2779.4334910937314 1412.6652541418994
2778.859122600644 1413.0117862153534
2778.364570034839 1413.4024577587838
2777.9543078002794 1413.839145591949
2777.6328103009255 1414.3237265346052
2777.404551940738 1414.858077406508
2777.274007123681 1415.4440750274166
2777.245650253714 1416.083596217087
2776.0 1416.0
2777.5110365476767 1417.529304426611
2777.799559980217 1418.3307721552058
2778.1798318970623 1419.1763248700438
2778.6421581628633 1420.0593664601092
2779.176844642265 1420.9733008143858
2779.7741971999167 1421.9115318218576
2780.424521700463 1422.8674633715084
2781.118124008552 1423.8344993523215
2781.845309988831 1424.8060436532821
2782.5963855059467 1425.775500163373
2783.3616564245467 1426.736272771579
2784.131428609276 1427.6817653668827
2784.8960079247845 1428.6053818382693
2785.6457002357174 1429.5005260747218
2786.3708114067226 1430.360601965225
2788.0 1432.0
2787.7112668177983 1431.9510497957874
2788.323740968725 1432.6795427026345
2788.9058938014364 1433.3692091971068
2789.4645493621433 1434.024766357009
2790.006531697055 1434.6509312601443
2790.5386648523795 1435.2524209843166
2791.067772874328 1435.8339526073296
2791.6006798091103 1436.4002432069874
2792.144209702934 1436.9560098610934
2792.705186602011 1437.5059696474516
2793.2904345525494 1438.054839643866
2793.9067776007596 1438.6073369281398
2794.56103979285 1439.1681785780775
2795.2600451750313 1439.7420816714825
2796.010617793512 1440.3337632861585
2796.0 1440.0
2797.6898363357163 1441.5876723165256
2798.6085828208797 1442.249385443742
2799.5590976652234 1442.92784851528
2800.524657383978 1443.6178301648606
2801.488538492375 1444.314099026206
2802.434017505643 1445.0114237330363
2803.3443709390144 1445.7045729190745
2804.20287530772 1446.3883152180408
2804.9928071269887 1447.0574192636573
2805.6974429120532 1447.7066536896452
2806.300059178143 1448.3307871297254
2806.7839324404877 1448.92458821762
2807.1323392143195 1449.4828255870498
2807.328556014869 1450.0002678717367
2807.3558593573657 1450.471683705402
2808.0 1452.0
2806.843394582474 1451.2581252132604
2806.3095566156385 1451.5783761071436
2805.618665491854 1451.863050989384
2804.793374846443 1452.1226064459495
2803.8563383147266 1452.367499062809
2802.830209532027 1452.6081854259303
2801.737642133665 1452.855122121281
2800.6012897549617 1453.11876573483
2799.4438060312395 1453.4095728525454
2798.287844597819 1453.7380000603948
2797.1560590900226 1454.114503944347
2796.0711031431706 1454.549541090369
2795.055630392585 1455.0535680844303
2794.1322944735875 1455.6370415124984
2793.3237490214997 1456.3104179605411
2792.0 1456.0
2792.1368209022203 1457.9635905128978
2791.7748065629794 1458.9336053039856
2791.5603193465454 1459.9739604885967
2791.4870739455464 1461.0644181675377
2791.54878505261 1462.1847404416148
2791.7391673603647 1463.3146894116344
2792.051935561437 1464.434027178402
2792.480804348455 1465.5225158427245
2793.0194884140456 1466.5599175054072
2793.6617024508378 1467.5259942672574
2794.401161151458 1468.4005082290805
2795.231579208535 1469.1632214916833
2796.1466713146956 1469.7938961558712
2797.1401521625685 1470.2722943224514
2798.205736444779 1470.5781780922289
2800.0 1472.0
2800.52807408273 1470.5914508446035
2801.772256823724 1470.258364028812
2803.0634017695693 1469.6718112194437
