275 215
3004.0 2287.1785110040137
3278.0737188454204 2501.649393416442
1.0 1.0
3268.0 2500.0
3274.8032063835885 2501.649393416442
3277.917950152673 2501.1707353330767
3278.0737188454204 2499.106709583173
3276.0 2496.0
3272.4262811545796 2492.3932904168273
3268.082049847327 2488.8292646669233
3263.696793616412 2485.850606583558
3260.0 2484.0
3257.4916689980932 2483.58994491625
3255.7538504580175 2484.0122059992304
3254.1391066889337 2484.428364082596
3252.0 2484.0
3248.9195428530475 2482.1219299181735
3245.4025483206 2479.121911336154
3242.1842796278524 2475.560937086058
3240.0 2472.0
3239.330159589715 2468.9223354110563
3239.6359562595803 2466.500148656152
3240.1237747996547 2464.8278875731717
3240.0 2464.0
3238.6973187880913 2464.0012284375994
3236.553626641078 2464.377494039237
3234.133121173526 2464.5650126212563
3232.0 2464.0
3230.568065257919 2462.3227508385453
3229.649537176107 2459.9898751869005
3228.906240506242 2457.662061941805
3228.0 2456.0
3226.6554201802323 2455.457768208218
3224.8482246544927 2455.663005213162
3222.616916801506 2456.0367396115244
3220.0 2456.0
3217.1227540211494 2455.0961763285814
3214.457564205922 2453.358103960453
3212.5635922877327 2450.940979612098
3212.0 2448.0
3213.0410637351697 2444.7200264774556
3214.8215185218205 2441.4045789450256
3216.1912140475606 2438.3868419400824
3216.0 2436.0
3213.4629910381705 2434.523717761594
3209.2563617067963 2434.023580259444
3204.421551522024 2434.5116526275724
3200.0 2436.0
3196.731972112148 2438.372602476169
3194.1530346509944 2441.001100017199
3191.4975798643436 2443.1290475496294
3188.0 2444.0
3183.171620513239 2443.11087233373
3177.631499689227 2440.97201967176
3172.275629020601 2438.34715717391
3168.0 2436.0
3165.519045834896 2434.49640818891
3164.8209665920995 2433.6108212957606
3165.7124040532526 2432.9198237547307
3168.0 2432.0
3171.3771961471753 2430.5284949106276
3175.0846339423756 2428.584695145196
3178.249754766388 2426.3485478071666
3180.0 2424.0
3179.784669576402 2421.702112168578
3178.3404976383977 2419.5503981234547
3176.726076881195 2417.6234850166047
3176.0 2416.0
3176.921625547218 2414.7255564150605
3179.053375504035 2413.7137123609846
3181.6584377088348 2412.845012126417
3184.0 2412.0
3185.4663282347274 2411.0831621711823
3185.9460003454633 2410.0947524326093
3185.452672283468 2409.0589664777317
3184.0 2408.0
3181.713061513874 2406.9417949002145
3179.1626231141126 2405.907277908581
3177.0308731572954 2404.919121962657
3176.0 2404.0
3176.5564257097794 2403.149658227961
3178.403507198088 2402.276135933068
3181.0488350873516 2401.2645456716405
3184.0 2400.0
3186.811235647008 2398.3970721879414
3189.223348093538 2396.4881783591486
3191.0237864932988 2394.335195350782
3192.0 2392.0
3192.07363170219 2389.5745530202757
3191.7031004277637 2387.2711506303376
3191.4810189394557 2385.332172925231
3192.0 2384.0
3193.644237544235 2383.3672157309584
3195.96425019541 2382.9272191195014
3198.3021377488803 2382.0236129482932
3200.0 2380.0
3200.5369181208735 2376.4565840558917
3199.939898790599 2372.019972891658
3198.3729300650257 2367.573375281597
3196.0 2364.0
3193.0830899722732 2361.9314480454755
3190.2761546421957 2360.992889313866
3188.3311419910206 2360.557885925323
3188.0 2360.0
3189.693221990035 2358.8176237622065
3192.4554826406184 2357.008469852879
3194.990001970893 2354.695081017113
3196.0 2352.0
3194.644022067588 2349.0480569056986
3191.901914795331 2345.9732312746164
3189.2088501254084 2342.9117900062265
3188.0 2340.0
3189.230689739613 2337.3651486150006
3191.93685817806 2335.0986050486554
3194.6745975274757 2333.2827589579824
3196.0 2332.0
3194.995718973959 2331.2413486343003
3192.850652492432 2330.632348530764
3191.2802597646896 2329.7071741618456
3192.0 2328.0
3196.098934364553 2325.2319568477997
3202.1605318522134 2321.8720008282903
3208.141863413767 2318.5760443946356
3212.0 2316.0
3212.296043567832 2314.580823974502
3210.0072200987165 2313.8796481560753
3206.714786580243 2313.2386482596116
3204.0 2312.0
3203.029391364122 2309.694747254195
3203.310587752923 2306.609406547408
3203.936490265263 2303.219362566918
3204.0 2300.0
3202.8363909756818 2297.32768700872
3200.7504288895943 2295.1827256542924
3198.2892523587093 2293.446401472718
3196.0 2292.0
3194.2500447331513 2290.744504710926
3192.687696688701 2289.6596908354236
3190.781500299901 2288.74503154221
3188.0 2288.0
3184.038430091713 2287.4442941475786
3179.4987843556005 2287.1785110040137
3175.2097464416884 2287.3234723584414
3172.0 2288.0
3170.471234899999 2289.2283186987606
3170.317165888898 2290.6262651485235
3171.0045139333483 2291.7110790240254
3172.0 2292.0
3172.889130308293 2291.2049310573802
3173.732552088809 2289.8164284018926
3174.7096978249215 2288.5197115454575
3176.0 2288.0
3177.659743866833 2288.764457071717
3179.2526257558675 2290.608021243907
3180.2191947669685 2293.147574794144
3180.0 2296.0
3178.221894224378 2298.799740655751
3175.2569448877225 2301.251486622479
3171.663523107206 2303.0774892779673
3168.0 2304.0
3164.765179235657 2303.8490803052787
3162.2195946932434 2302.8860322661776
3160.564212804208 2301.4799680939877
3160.0 2300.0
3160.5923888329976 2298.7414381231333
3161.864676339305 2297.7043843128113
3163.2046256759604 2296.815138346084
3164.0 2296.0
3163.8027654323555 2295.247667202188
3162.821699949537 2294.796430482578
3161.42978449195 2294.9469785216797
3160.0 2296.0
3158.821549437582 2298.080393068116
3157.8485238625476 2300.6098937568763
3156.95123635624 2302.8344475671984
3156.0 2304.0
3154.911036817318 2303.618260525349
3153.7842046002734 2302.2639944899165
3152.7652700830918 2300.777731209526
3152.0 2300.0
3151.5343032931455 2300.509064830489
3151.0146577363594 2301.834128283458
3149.987683311394 2303.242127594697
3148.0 2304.0
3144.7642500100997 2303.595480152694
3140.657164454289 2302.399492376252
3136.221496671334 2301.003758411684
3132.0 2300.0
3128.471196666456 2299.859014558736
3125.856684446484 2300.5679022115346
3124.31383000327 2301.992838758566
3124.0 2304.0
3124.9134633240774 2306.4684616123623
3126.4160977597753 2309.328898777609
3127.710683315586 2312.5248865540507
3128.0 2316.0
3126.624950037236 2319.5796389918137
3123.478924514415 2322.6165026780295
3118.5934367343875 2324.345115025231
3112.0 2324.0
3103.8992365269805 2321.150482420383
3095.168204182564 2316.7050905102733
3086.853069746866 2311.907153345027
3080.0 2308.0
3075.403103854845 2305.943431326655
3072.8482587553303 2305.563135280878
3071.8692842781516 2306.4012715946624
3072.0 2308.0
3072.800848053642 2309.950792272998
3073.9387607961157 2312.0423683662157
3075.1072931405315 2314.112760276325
3076.0 2316.0
3076.3310039305907 2317.5658995813537
3075.8966980602095 2318.7673912542614
3074.5140431597238 2319.585187300038
3072.0 2320.0
3068.312636223998 2319.9731094015874
3063.9744469630486 2319.3880666167397
3059.6490342205743 2318.108990523522
3056.0 2316.0
3053.480951173418 2313.0416628122985
3051.7055140875987 2309.680342278781
3050.07731995798 2306.4788506058735
3048.0 2304.0
3045.0760590823284 2302.6727393492206
3041.703496686557 2302.3905642681366
3038.4791859475063 2302.9131070529843
3036.0 2304.0
3034.6523124972678 2305.3923797908187
3033.9804991661754 2306.757400648672
3033.3184362519946 2307.7437211821893
3032.0 2308.0
3029.5646909286 2307.3202414875036
3026.3745066487436 2306.0798331371752
3022.9970690445157 2304.7995082182592
3020.0 2304.0
3017.8389237883325 2304.0766542591664
3016.521474238851 2304.923266802627
3015.943287569944 2306.308245944774
3016.0 2308.0
3016.51711391807 2309.810641475831
3017.039596395853 2311.7270996523175
3017.0422806757097 2313.780008002646
3016.0 2316.0
3013.655120539387 2318.4307798375125
3010.820140177737 2321.1683345881042
3008.5750897272187 2324.321722044644
3008.0 2328.0
3009.7374039243828 2332.21623917412
3012.6798428931997 2336.599561995266
3015.282360415417 2340.6831038187793
3016.0 2344.0
3013.832763763082 2346.2667634660083
3009.960488249464 2347.9334174308324
3006.1079686111143 2349.6333626802407
3004.0 2352.0
3004.86904102329 2355.404206961849
3007.9782041089447 2359.166768281405
3012.098265140128 2362.34594546026
3016.0 2364.0
3018.7535721437616 2363.5539086865974
3020.6266953147583 2361.899509443546
3022.186470828376 2360.295355478722
3024.0 2360.0
3026.429170401667 2361.8801582917627
3029.0150146320234 2365.235193944411
3031.093351546368 2368.9726326248547
3032.0 2372.0
3031.279746249572 2373.5504581463533
3029.3132461571495 2374.1597147788093
3026.6901229861523 2374.6891140218604
3024.0 2376.0
3021.701844600047 2378.668009122825
3019.73200073938 2382.1259469403526
3017.896156509024 2385.5209112877037
3016.0 2388.0
3013.912875350242 2388.965005362347
3011.7587508853294 2388.8364974597816
3009.7252509777522 2388.2897408273257
3008.0 2388.0
3006.7716539989847 2388.471969427789
3006.232995719302 2389.528063220523
3006.5778395799675 2390.820125402996
3008.0 2392.0
3010.56300865382 2392.834616926499
3013.8092662374643 2393.551249658128
3017.150890702377 2394.4922575606943
3020.0 2396.0
3021.913811385738 2398.252062866216
3023.029939330842 2400.7669381469636
3023.6310976105246 2402.89834435423
3024.0 2404.0
3024.4067458032296 2403.657131608639
3025.0709764391695 2402.3809977540172
3026.1997188555256 2400.9143650223878
3028.0 2400.0
3030.521705401343 2400.2444106992316
3033.186154912478 2401.709070836968
3035.2575269673744 2404.31919555622
3036.0 2408.0
3034.9439325914 2412.5527255944357
3032.6844039109196 2417.2827188981123
3030.082673274979 2421.3713527527334
3028.0 2424.0
3027.140064233059 2424.6071869230286
3027.5762294438464 2423.6600535705848
3029.224279932712 2421.882893432849
3032.0 2420.0
3035.7458104763673 2418.643526713452
3040.0106783136953 2418.0770668195505
3044.2702069941765 2418.4720735158735
3048.0 2420.0
3050.8141938614745 2422.6937062231646
3052.881057301372 2426.031679151216
3054.5073920905843 2429.35381250366
3056.0 2432.0
3057.6224140777367 2433.5191483938916
3059.4650924808166 2434.2962165755866
3061.575224643488 2434.925176469489
3064.0 2436.0
3066.6961498275805 2437.97970020127
3069.2585727753635 2440.7834545464366
3071.191709335466 2444.1954816183857
3072.0 2448.0
3071.4054866119445 2451.937050801029
3070.0006164177307 2455.5699652386666
3068.595438014651 2458.4178970569715
3068.0 2460.0
3068.8069037246414 2460.0845965946155
3070.7389615537145 2459.436684498897
3073.301538605931 2459.0704301537303
3076.0 2460.0
3078.429398489491 2462.9120628205105
3080.5435373674104 2467.183296765745
3082.385907561625 2471.8628823281074
3084.0 2476.0
3085.4755023173957 2478.829652123344
3087.0868889766434 2480.3301284381246
3089.1548311475694 2480.6655405338424
3092.0 2480.0
3095.793592240929 2478.581828686115
3100.1089067260173 2476.99618948176
3104.369767848098 2475.9124555365256
3108.0 2476.0
3110.600128718892 2477.655533132198
3112.477484119287 2480.1851136348364
3114.11609746004 2482.6221373200565
3116.0 2484.0
3118.430892883507 2483.6085387850944
3120.9811567968354 2481.763355978897
3123.0408423117456 2479.036495183251
3124.0 2476.0
3123.488799747083 2473.0978117274276
3122.0978886933754 2470.261462449578
3120.6580332929793 2467.2943819469406
3120.0 2464.0
3120.738908128162 2460.375214305199
3122.6272884296677 2457.1907942227913
3125.2020245163394 2455.410977028989
3128.0 2456.0
3130.6180677402704 2459.46383105178
3132.892957587957 2464.475360659258
3134.7213686416653 2469.249209937106
3136.0 2472.0
3136.7263209107596 2471.5194614876827
3137.3008812185085 2468.9077631401797
3138.225000917003 2465.8421832225868
3140.0 2464.0
3142.9766486166927 2464.5208229974905
3146.903517538012 2466.3935867800255
3151.378627690325 2468.069557172548
3156.0 2468.0
3160.4295846224722 2465.1472465223565
3164.5850486294466 2460.5178897397195
3168.447988321698 2455.6295880872226
3172.0 2452.0
3175.180012893421 2450.765190913084
3177.7562879442044 2451.5348542610977
3179.454419022885 2453.537090478562
3180.0 2456.0
3179.2878638038433 2458.2294898253085
3177.889799593738 2459.842693215892
3176.5468355867633 2460.5345499985287
3176.0 2460.0
3176.793531891205 2458.1293497856814
3178.6845136808442 2455.594372875336
3181.2332386300623 2453.2622095273223
3184.0 2452.0
3186.600508631337 2452.378111031966
3188.8721456828853 2453.779815282765
3190.707709892991 2455.291611892182
3192.0 2456.0
3192.7419335834475 2455.2332060864574
3193.326903587616 2453.2863659936047
3194.2484217979763 2450.69634290395
3196.0 2448.0
3198.869257034875 2445.6890646222087
3202.320239966654 2444.074720742818
3205.6111029151057 2443.4230164920186
3208.0 2444.0
3209.031038277055 2445.9480354247107
3209.3921365457722 2448.914751035125
3210.057166541604 2452.424091127977
3212.0 2456.0
3215.8190898569073 2459.2687936789507
3220.611213850257 2462.2662751166827
3225.097730918479 2465.1306189960733
3228.0 2468.0
3228.442602295318 2470.914289859487
3227.163008053199 2473.5201484981435
3225.3019097844817 2475.3659328877293
3224.0 2476.0
3224.160500961824 2475.199046883103
3225.736753936947 2473.6531308907424
3228.4446299435967 2472.28064945301
3232.0 2472.0
3236.1028938573886 2473.4770226081014
3240.3899761990147 2476.367327938888
3244.482070441133 2480.073969300231
3248.0 2484.0
3250.6779236086213 2487.642862684491
3252.7033412669953 2490.8775573537037
3254.3770882918725 2493.6734733460653
3256.0 2496.0
3257.8729117081284 2497.826526653935
3260.296658733005 2499.1224426462963
3263.5720763913796 2499.857137315509
3268.0 2500.0
3268.0 2500.0
