266 215
3007.8594484628693 2287.6503008615
3273.3573302111054 2501.2546590026836
1.0 1.0
3268.0 2500.0
3269.395538387736 2500.64361327633
3270.5622889835013 2501.0565255047277
3271.5109496673763 2501.2546590026836
3272.252218319437 2501.2539360876845
3272.7967928197627 2501.070279077222
3273.1553710484304 2500.7196102887815
3273.338650885518 2500.2178520398534
3273.3573302111054 2499.5809266479264
3273.2221069052694 2498.8247564304884
3272.943678848087 2497.9652637050285
3272.5327439196385 2497.018370789037
3272.0 2496.0
3271.3561449692506 2494.926073655408
3270.6118767074686 2493.812514072749
3269.777893094732 2492.6752435695116
3268.8648920111173 2491.530184463185
3267.8835713367043 2490.393259071258
3266.84462895157 2489.2803897112185
3265.758762735793 2488.2074987005562
3264.6366705694527 2487.1905083567594
3263.489050332624 2486.2453409973164
3262.3265999053865 2485.3879189397157
3261.16001716782 2484.634164501448
3260.0 2484.0
3258.855807661187 2483.4946846946314
3257.7309449273657 2483.1008256116843
3256.6274779536993 2482.79436671927
3255.5474728953545 2482.5512519855006
3254.492995907496 2482.3474253784875
3253.466113145291 2482.158830866345
3252.4688907639015 2481.9614124171812
3251.5033949184954 2481.7311139991116
3250.5716917642367 2481.4438795802466
3249.6758474562903 2481.0756531286984
3248.8179281498233 2480.6023786125784
3248.0 2480.0
3247.2229392008153 2479.2525949734736
3246.48286210159 2478.376776073107
3245.7746950904734 2477.39728955341
3245.0933645556133 2476.3388816688876
3244.433796885161 2475.2262986740507
3243.790918467268 2474.084286823405
3243.1596556900813 2472.937592371459
3242.5349349417515 2471.8109615727208
3241.9116826104296 2470.729140681698
3241.284825084263 2469.7168759528977
3240.649288751403 2468.798913640829
3240.0 2468.0
3239.333454054068 2467.3375280040673
3238.6524214810893 2466.799477503295
3237.9612416844107 2466.3664750670932
3237.264254067377 2466.0191472648744
3236.5657980333367 2465.7381206660516
3235.870212985637 2465.504021840037
3235.181838327624 2465.2974773562423
3234.505013462645 2465.09911378408
3233.8440777940464 2464.889557692963
3233.203370725174 2464.6494356523017
3232.5872316593754 2464.35937423151
3232.0 2464.0
3231.4432445829098 2463.5570152324776
3230.907451974051 2463.036425024825
3230.380338171887 2462.4493101782195
3229.849619174878 2461.8067514938366
3229.3030109814886 2461.1198297728533
3228.728229590182 2460.3996258164475
3228.112990999421 2459.6572204257936
3227.445011207669 2458.90369440207
3226.7120062133877 2458.150128546452
3225.9016920150398 2457.4076036601164
3225.0017846110895 2456.68720054424
3224.0 2456.0
3222.8912527994744 2455.353392547504
3221.699252104185 2454.740007582591
3220.4549056280443 2454.1487842200313
3219.189121084963 2453.568661574595
3217.9328061888546 2452.988578761052
3216.716868653633 2452.397474894174
3215.572216193209 2451.784289088731
3214.529756521496 2451.137960459493
3213.620397352406 2450.44742812123
3212.8750463998513 2449.7016311887132
3212.324611377745 2448.889508776713
3212.0 2448.0
3211.91998495993 2447.0270997626903
3212.054798868466 2445.9850261262914
3212.3625393159386 2444.893052941656
3212.801303892678 2443.7704540596355
3213.3291901890166 2442.6365033310844
3213.904295795285 2441.510474606855
3214.4847183018164 2440.4116417378
3215.0285552989403 2439.3592785747733
3215.4939043769905 2438.3726589686275
3215.8388631262947 2437.471056770214
3216.0215291371874 2436.673745830387
3216.0 2436.0
3215.743622175615 2435.4641343276585
3215.2667376071327 2435.0606286529824
3214.5949371082024 2434.779004013346
3213.753811492473 2434.608781446121
3212.768951573597 2434.539481988683
3211.6659481652246 2434.560626678405
3210.4703920810066 2434.6617365526595
3209.207874134593 2434.8323326488203
3207.903985139636 2435.061936004262
3206.584315909783 2435.340067656356
3205.2744572586876 2435.6562486424773
3204.0 2436.0
3202.781452263531 2436.3617332970457
3201.6189914437423 2436.7354222247413
3200.507712251255 2437.1159310049625
3199.4427093966897 2437.4981238595824
3198.4190775906695 2437.876865010479
3197.431911543815 2438.247018679526
3196.4763059667494 2438.603449088599
3195.5473555700933 2438.9410204595742
3194.6401550644687 2439.254597014327
3193.749799160497 2439.539042974731
3192.8713825687996 2439.789222562664
3192.0 2440.0
3191.1305687702575 2440.16763618786
3190.257296617897 2440.293978744346
3189.37421388678 2440.3822719668055
3188.4753509207685 2440.4357601525844
3187.554738063725 2440.457687599031
3186.6064056595133 2440.451298603492
3185.6243840519955 2440.419837463314
3184.602703585034 2440.366548475846
3183.5353946024907 2440.294675938433
3182.4164874482285 2440.207464148423
3181.2400124661103 2440.1081574031623
3180.0 2440.0
3178.696272655435 2439.88438861818
3177.351822084668 2439.75532946454
3175.995432201627 2439.6049811278176
3174.655886920238 2439.4255021967465
3173.36197015443 2439.2090512600644
3172.1424658181313 2438.947786906507
3171.02615782527 2438.6338677248104
3170.0418300897736 2438.259452303711
3169.218266525571 2437.816699231944
3168.584251046588 2437.2977670982455
3168.1685675667554 2436.6948144913517
3168.0 2436.0
3168.095914682073 2435.2091611912715
3168.4280076360214 2434.332851545641
3168.9565573067152 2433.385303521927
3169.641842139023 2432.3807495789483
3170.4441405778157 2431.333422175526
3171.3237310679624 2430.2575537704797
3172.2408920543335 2429.1673768226287
3173.1559019817996 2428.0771237907934
3174.0290392952293 2427.0010271337937
3174.8205824394922 2425.953319310447
3175.4908098594587 2424.9482327795763
3176.0 2424.0
3176.320531579234 2423.119244394509
3176.4731844082826 2422.3021532417847
3176.4908385715157 2421.5413047844777
3176.406374153302 2420.8292772652385
3176.252671238013 2420.15864892672
3176.06260991002 2419.5219980115744
3175.8690702536924 2418.911902762452
3175.704932353401 2418.320941422005
3175.6030762935156 2417.7416922328844
3175.5963821584064 2417.166733437742
3175.7177300324447 2416.58864327923
3176.0 2416.0
3176.4645515935817 2415.394879749208
3177.086662138256 2414.7733503020345
3177.830088407227 2414.136977340165
3178.6585871736975 2413.4873265452825
3179.5359152108726 2412.8259635990735
3180.425829291957 2412.154454183223
3181.2920861901557 2411.4743639794146
3182.0984426786717 2410.7872586693356
3182.8086555307104 2410.0947039346697
3183.3864815194743 2409.3982654571014
3183.7956774181694 2408.6995089183165
3184.0 2408.0
3183.9763546390295 2407.301236608657
3183.754241112767 2406.6044455500755
3183.37630779958 2405.9107858548646
3182.885203077835 2405.221416553631
3182.3235753259023 2404.5374966769846
3181.7340729221487 2403.860185255534
3181.159344244942 2403.1906413198867
3180.6420376726514 2402.530023900652
3180.224801583644 2401.879492028437
3179.950284356287 2401.2402047338505
3179.8611343689495 2400.6133210475023
3180.0 2400.0
3180.3962335540014 2399.400173816163
3181.026003040305 2398.808867497662
3181.8521803944554 2398.2198792403788
3182.8376375519983 2397.6270072401926
3183.9452464484802 2397.0240496929864
3185.137879019447 2396.4048047946408
3186.3784072004446 2395.763070741037
3187.629702927019 2395.0926457280575
3188.8546381347164 2394.3873279515833
3190.0160847590814 2393.6409156074938
3191.0769147356605 2392.8472068916726
3192.0 2392.0
3192.758155589407 2391.0957533118735
3193.363968948236 2390.1415659407553
3193.839970622602 2389.147197183622
3194.2086911586175 2388.1224063374502
3194.4926611024002 2387.0769526992185
3194.7144110000636 2386.0205955659035
3194.8964713977243 2384.963094234482
3195.0613728414964 2383.9142080019333
3195.231645877496 2382.8836961652337
3195.4298210518346 2381.8813180213597
3195.6784289106313 2380.916832867289
3196.0 2380.0
3196.409107051331 2379.1381092326374
3196.888491537121 2378.3285724430207
3197.412937115142 2377.5663320251365
3197.957227443163 2376.846330372971
3198.496146178958 2376.1635098805123
3199.0044769802985 2375.512812941748
3199.4570035049555 2374.8891819506634
3199.828509410701 2374.287559301247
3200.0937783553068 2373.702887387486
3200.227593996544 2373.130108603366
3200.2047399921844 2372.5641653428747
3200.0 2372.0
3199.5984717608226 2371.4328282760944
3199.0265093477233 2370.8589591019777
3198.3207809168352 2370.2749747158355
3197.517954624287 2369.6774573558523
3196.6546986262124 2369.062989260214
3195.767681078743 2368.4281526671066
3194.8935701380096 2367.769529814716
3194.069033960145 2367.083702941227
3193.3307407012803 2366.367254284826
3192.7153585175465 2365.616766083697
3192.2595555650755 2364.828820576026
3192.0 2364.0
3191.9608947942675 2363.1282628481686
3192.116582183097 2362.21707263055
3192.4289392175233 2361.271269111524
3192.8598429485805 2360.295692055473
3193.3711704273046 2359.295181226779
3193.924798704731 2358.2745763898242
3194.4826048318946 2357.23871730899
3195.0064658598308 2356.1924437486596
3195.4582588395742 2355.1405954732127
3195.79986082216 2354.0880122470326
3195.9931488586235 2353.039533834501
3196.0 2352.0
3195.794060173218 2350.9731018127104
3195.3960508087785 2349.9579355610085
3194.8384622130766 2348.952448838071
3194.153784692505 2347.954589237073
3193.374508553459 2346.9623043511892
3192.533124102334 2345.973541773598
3191.6621216455237 2344.9862490974724
3190.7939914894228 2343.9983739159898
3189.961223940426 2343.007863822326
3189.196309304926 2342.012666409655
3188.5317378893196 2341.0107292711546
3188.0 2340.0
3187.6267534017497 2338.9793299009893
3187.410325692901 2337.951185125416
3187.342211930176 2336.918935536194
3187.413907170292 2335.885950996238
3187.616906469971 2334.8556013684642
3187.9427048859343 2333.831256515787
3188.3827974749006 2332.816286301121
3188.9286792935914 2331.814060587383
3189.5718453987265 2330.8279492374872
3190.3037908470255 2329.861322114347
3191.1160106952098 2328.91754908088
3192.0 2328.0
3192.9466114049687 2327.111893398145
3193.9441279010985 2326.255842455846
3194.9801900662246 2325.4343090171546
3196.042438478182 2324.6497549261235
3197.1185137148054 2323.904642026806
3198.1960563539315 2323.201432163255
3199.2627069733944 2322.5425871795237
3200.30610615103 2321.9305689196635
3201.3138944646735 2321.3678392277293
3202.273712492159 2320.856859947771
3203.173200811323 2320.400092923844
3204.0 2320.0
3204.744208385784 2319.656429839762
3205.4057552953 2319.358778384534
3205.9870278049307 2319.09382839519
3206.4904129910587 2318.8483626326015
3206.918297930068 2318.609163857645
3207.2730696983426 2318.3630148311922
3207.5571153722644 2318.096698314118
3207.7728220282174 2317.796997067296
3207.922576742584 2317.4506938515997
3208.0087665917476 2317.0445714279017
3208.0337786520913 2316.5654125570777
3208.0 2316.0
3207.9098883852284 2315.338776131695
3207.7661842510374 2314.5868217837956
3207.571698714057 2313.7528774020893
3207.329242890919 2312.8456834323592
3207.041627898255 2311.8739803203925
3206.711664852699 2310.8465085119756
3206.3421648708813 2309.7720084528924
3205.9359390694353 2308.6592205889306
3205.4957985649926 2307.516885365875
3205.0245544741833 2306.35374322951
3204.525017913642 2305.1785346256233
3204.0 2304.0
3203.4518862214463 2302.8264285964215
3202.881359552402 2301.6643048506535
3202.288677338845 2300.5196619964568
3201.67409692675 2299.3985332675925
3201.037875662097 2298.3069518978214
3200.3802708908634 2297.2509511209064
3199.7015399590255 2296.236564170608
3199.0019402125627 2295.2698242806864
3198.281728997451 2294.3567646849037
3197.5411636596677 2293.503418617021
3196.7805015451913 2292.715819310799
3196.0 2292.0
3195.1992333956505 2291.360139112249
3194.3750442060204 2290.792995850628
3193.5235919305683 2290.2934746120864
3192.6410360687505 2289.856479793569
3191.723536120025 2289.476915792024
3190.767251583851 2289.149687004399
3189.7683419596847 2288.86969782764
3188.722966746985 2288.6318526586956
3187.627285445209 2288.431055894512
3186.477457553814 2288.2622119320367
3185.269642572258 2288.120225168217
3184.0 2288.0
3182.6701616774335 2287.8973668064355
3181.3036488087027 2287.811859894982
3179.9294549388874 2287.7439395552
3178.5765736130675 2287.694066076652
3177.2739983763236 2287.662699748898
3176.0507227737367 2287.6503008615
3174.935740350386 2287.657329704018
3173.9580446513532 2287.6842465660143
3173.146629221718 2287.73151173705
3172.53048760656 2287.7995855066843
3172.1386133509604 2287.888928164481
3172.0 2288.0
3172.131693968689 2288.1337269953437
3172.502953151763 2288.2928979027793
3173.071088313887 2288.480767167115
3173.7934102197246 2288.7005892331586
3174.627229633942 2288.955618545719
3175.529857321206 2289.2491095496043
3176.4586040461804 2289.5843166896225
3177.370780573531 2289.9644944105826
3178.2236976679237 2290.392897157292
3178.974666094022 2290.872779374559
3179.5809966164925 2291.407395507192
3180.0 2292.0
3180.198895781143 2292.651058545523
3180.184538584247 2293.3498818272355
3179.9736918055705 2294.082991776342
3179.5831188413713 2294.8369103240484
3179.0295830879086 2295.59815940156
3178.329847941441 2296.353260940085
3177.500676798227 2297.088736870826
3176.5588330545243 2297.7911091249907
3175.5210801065928 2298.446899633785
3174.4041813506883 2299.0426303284135
3173.2249001830714 2299.5648231400833
3172.0 2300.0
3170.7463340178506 2300.338427711451
3169.4811147334726 2300.585352566057
3168.221644463835 2300.7497657275194
3166.985225525903 2300.8406583595383
3165.7891602366444 2300.867021625818
3164.6507509130297 2300.837846690059
3163.5872998720233 2300.762124715963
3162.616109430594 2300.6488468672333
3161.75448190571 2300.50700430757
3161.019719614337 2300.3455882006747
3160.4291248734444 2300.1735897102512
3160.0 2300.0
3159.74169407338 2299.8331935716337
3159.6317432226015 2299.6790782789067
3159.6397303390927 2299.5429453135835
3159.7352383142775 2299.430085867428
3159.887850039585 2299.3457911322052
3160.0671484064414 2299.2953522996813
3160.2427163062725 2299.284060561618
3160.3841366305073 2299.317207109783
3160.460992270571 2299.4000831359385
3160.4428661178886 2299.53797983185
3160.299341063889 2299.7361883892822
3160.0 2300.0
3159.52300079974 2300.331112816828
3158.880801265009 2300.7168528368356
3158.094434179799 2301.14095301815
3157.1849323280994 2301.5871463188996
3156.1733284939046 2302.039165697213
3155.080655461207 2302.4807441112193
3153.9279460139965 2302.8956145190464
3152.736232936268 2303.267509878824
3151.526549012012 2303.5801631486797
3150.31992702522 2303.817307286741
3149.1373997598853 2303.9626752511385
3148.0 2304.0
3146.923247172102 2303.918744049941
3145.900607272917 2303.73128815153
3144.920032941717 2303.45574261382
3143.9694768177715 2303.1102177458656
3143.0368915403533 2302.7128238567216
3142.1102297487346 2302.2816712554436
3141.1774440821855 2301.8348702510852
3140.226487179979 2301.390531152701
3139.2453116813854 2300.9667642693466
3138.221870225676 2300.5816799100744
3137.1441154521235 2300.253388383941
3136.0 2300.0
3134.7840105118494 2299.8365035759984
3133.5167696433214 2299.7654019644533
3132.225434053336 2299.7860765265737
3130.937160400815 2299.897908623566
3129.679105344681 2300.1002796166413
3128.4784255438553 2300.3925708670067
3127.36227765726 2300.774163735872
3126.3578183438176 2301.2444395844464
3125.492204262448 2301.802779773938
3124.7925920720736 2302.448565665554
3124.286138431617 2303.181178620505
3124.0 2304.0
3123.9499700397564 2304.90190831273
3124.106388227871 2305.873770657323
3124.428230844941 2306.8999512798896
3124.874474171561 2307.964814426538
3125.4040944883295 2309.0527243433817
3125.9760680758436 2310.14804527653
3126.5493712147 2311.2351414720924
3127.082980185495 2312.298377176181
3127.5358712688267 2313.3221166349063
3127.867020745289 2314.2907240943764
3128.0354048954814 2315.1885638007043
3128.0 2316.0
3127.7309241439393 2316.7132705804875
3127.2428626303813 2317.3321079988464
3126.5616425669054 2317.8641183538716
3125.713091061092 2318.316907744355
3124.7230352205206 2318.6980822690916
3123.617302152771 2319.015248026875
3122.421718965423 2319.276011116498
3121.162112766057 2319.4879776367557
3119.864310662252 2319.6587536864413
3118.554139761587 2319.795945364347
3117.257427171643 2319.907158769269
3116.0 2320.0
3114.8022593104133 2320.080657513468
3113.6629019913476 2320.1496491991425
3112.575198887441 2320.2060753046267
3111.532420843333 2320.2490360775237
3110.5278387036647 2320.2776317654375
3109.5547233130737 2320.2909626159717
3108.606345516201 2320.2881288767294
3107.6759761576873 2320.268230795315
3106.7568860821707 2320.2303686193313
3105.84234613429 2320.1736425963813
3104.9256271586864 2320.09715297407
3104.0 2320.0
3103.060038614406 2319.8807660323064
3102.10552940423 2319.73596187125
3101.137561883334 2319.561580427624
3100.1572255655774 2319.353614612218
3099.1656099648235 2319.1080573358254
3098.163804594935 2318.8209015092393
3097.1528989697717 2318.488140043251
3096.133982603196 2318.105765848652
3095.1081450090696 2317.6697718362357
3094.076475701253 2317.176150916793
3093.0400641936094 2316.620896001117
3092.0 2316.0
3090.9575862319616 2315.3129450239726
3089.914980391733 2314.573169982523
3088.874553579228 2313.797602984881
3087.838676894359 2313.0031721402725
3086.8097214370414 2312.2068055579266
3085.7900583071887 2311.425431347071
3084.7820586047137 2310.675977616934
3083.7880934295317 2309.975372476743
3082.810533881556 2309.3405440357265
3081.851751060699 2308.788420403111
3080.914116066875 2308.3359296881267
3080.0 2308.0
3079.111931272562 2307.79337979773
3078.253067547357 2307.7120989393975
3077.4267237997583 2307.7480076328548
3076.636215005136 2307.8929560859524
3075.884856138863 2308.1387945065426
3075.175962176312 2308.4773731024766
3074.5128480928547 2308.900542081607
3073.898828863864 2309.400151651784
3073.3372194647113 2309.968052020861
3072.8313348707675 2310.5960933966876
3072.3844900574063 2311.2761259871168
3072.0 2312.0
3071.6780220111236 2312.7589061554777
3071.4060827521716 2313.541397222849
3071.1685512217427 2314.3353664837023
3070.949796418432 2315.128707219623
3070.734187340839 2315.9093127121996
3070.5060929875617 2316.6650762430227
3070.2498823571987 2317.383891093676
3069.9499244483454 2318.0536505457508
3069.5905882596016 2318.6622478808326
3069.1562427895637 2319.197576380509
3068.631257036831 2319.647529326369
3068.0 2320.0
3067.2523695718314 2320.2450696544324
3066.4003792217327 2320.381571428465
3065.4615713132744 2320.4105264323407
3064.4534882100256 2320.3329557762986
3063.3936722755566 2320.1498805705833
3062.2996658734382 2319.8623219254355
3061.18901136724 2319.471300951096
3060.079251120532 2318.9778387578085
3058.9879274968844 2318.382956455813
3057.9325828598653 2317.687675155352
3056.9307595730475 2316.893015966667
3056.0 2316.0
3055.152777479329 2315.0131300416083
3054.3812892497867 2313.95083558181
3053.672663525163 2312.835027786941
3053.0140285192447 2311.6876178233324
3052.3925124458224 2310.53051685732
3051.7952435186844 2309.385636055239
3051.2093499516195 2308.274886583422
3050.6219599584165 2307.2201796082036
3050.0202017528645 2306.2434262959187
3049.3912035487515 2305.3665378128994
3048.722093559867 2304.611425325482
3048.0 2304.0
3047.2152242145567 2303.5473175865427
3046.3707600754174 2303.241012170221
3045.4727745860782 2303.0618624199014
3044.5274347500344 2302.9906470044484
3043.540907570784 2303.0081445927303
3042.5193600518255 2303.0951338536115
3041.468959196654 2303.2323934559586
3040.395872008767 2303.4007020686386
3039.306265491662 2303.5808383605163
3038.206306648833 2303.7535810004583
3037.102162483781 2303.899708657331
3036.0 2304.0
3034.9053071439243 2304.040655167776
3033.82085563373 2304.0295601817506
3032.7487381305305 2303.9800225334575
3031.691047295435 2303.90534971443
3030.6498757895597 2303.8188492162044
3029.6273162740154 2303.7338285303163
3028.625461409915 2303.663595148299
3027.64640385837 2303.6214565616883
3026.692236280494 2303.620720262018
3025.765051337398 2303.6746937408234
3024.8669416901957 2303.7966844896387
3024.0 2304.0
3023.1658620245603 2304.2946913719807
3022.3643359081816 2304.677784139814
3021.594772891806 2305.1430474462722
3020.856524216374 2305.684250434128
3020.14894112283 2306.2951622461537
3019.471374852115 2306.9695520251234
3018.8231766451704 2307.7011889138075
3018.2036977429407 2308.48384205498
3017.6122893863667 2309.3112805914134
3017.04830281639 2310.1772736658786
3016.5110892739535 2311.07559042115
3016.0 2312.0
3015.5145780911666 2312.944931196153
3015.055134066877 2313.9074514071426
3014.62217030225 2314.885287681456
3014.2161891724036 2315.876167067577
3013.8376930524564 2316.8778166139937
3013.487184317528 2317.8879633691913
3013.1651653427366 2318.904334381656
3012.8721385032027 2319.9246566998745
3012.608606174043 2320.946657372332
3012.375070730376 2321.9680634475144
3012.1720345473223 2322.9866019739084
3012.0 2324.0
3011.8591589441053 2325.0066023619265
3011.7484611576433 2326.007225046431
3011.666545899197 2327.0033018279078
3011.612052427348 2327.996266480751
3011.5836200006797 2328.9875527793542
3011.579887877775 2329.978594498113
3011.599495317216 2330.9708254114207
3011.6410815775857 2331.9656792936726
3011.7032859174665 2332.9645899192624
3011.78474759544 2333.9689910625834
3011.8841058700905 2334.9803164980312
3012.0 2336.0
3012.1298046509305 2337.0286593561405
3012.2658361173653 2338.0636484071338
3012.3991461009655 2339.101505006916
3012.520786303392 2340.138767009422
3012.621808426307 2341.1719722685903
3012.6932641713734 2342.1976586383585
3012.726205240252 2343.2123639726615
3012.711683334606 2344.2126261254375
3012.6407501560957 2345.1949829506225
3012.504457406383 2346.155972302153
3012.2938567871306 2347.0921320339667
3012.0 2348.0
3011.619307637356 2348.876445398695
3011.169675854378 2349.719662806516
3010.674369696945 2350.528178144434
3010.1566542109395 2351.300517333416
3009.639794442241 2352.0352062944335
3009.1470554367334 2352.7307709484558
3008.7017022402947 2353.3857372164534
3008.326999898809 2353.9986310193954
3008.0462134581553 2354.567978278251
3007.8826079642145 2355.0923049139906
3007.8594484628693 2355.5701368475834
3008.0 2356.0
3008.321205540384 2356.3822257157453
3008.814719724384 2356.7243670334683
3009.465875111257 2357.035782415353
3010.2600042602608 2357.3258303235834
3011.1824397306546 2357.6038692203438
3012.218514081696 2357.879257567819
3013.353559872643 2358.161353828193
3014.572909662755 2358.459516463651
3015.861896011288 2358.7831039363764
3017.205851477501 2359.1414747085532
3018.5901086206522 2359.5439872423663
3020.0 2360.0
3021.4199442751806 2360.51594803462
3022.830704507347 2361.0865727633154
3024.21212985803 2361.703692194158
3025.5440694887593 2362.359124335217
3026.8063725610673 2363.0446871945637
3027.9788882364837 2363.7521987802693
3029.0414656765397 2364.473477100405
3029.9739540427677 2365.2003401630404
3030.7562024966965 2365.924605976247
3031.3680601998567 2366.638092548095
3031.7893763137813 2367.3326178866555
3032.0 2368.0
3031.987443284818 2368.635000664294
3031.7698696536345 2369.2441567280853
3031.373105456625 2369.836948808019
3030.822977043961 2370.4228575207367
3030.145310765818 2371.0113634828845
3029.36593297237 2371.611947311105
3028.51067001379 2372.2340896220408
3027.6053482402526 2372.887271032337
3026.675794001931 2373.5809721586384
3025.7478336489985 2374.324673617586
3024.8472935316304 2375.127856025825
3024.0 2376.0
3023.225189992955 2376.94636412302
3022.51574280404 2377.955318842862
3021.8579483154735 2379.0110125737697
3021.2380964094714 2380.097593729985
3020.6424769682535 2381.199210725752
3020.0573798740384 2382.3000119753146
3019.4690950090426 2383.3841458929146
3018.8639122554855 2384.435760892796
3018.2281214955847 2385.439005389203
3017.548012611557 2386.378027796376
3016.809875485623 2387.2369765285607
3016.0 2388.0
3015.1117967433606 2388.6559317325155
3014.1671591302043 2389.212345678245
3013.1951012814848 2389.681500896906
3012.2246373181542 2390.075656448214
3011.2847813611675 2390.407071391886
3010.4045475314783 2390.6880047876393
3009.6129499500403 2390.930715695191
3008.939002737808 2391.1474631742567
3008.411720015734 2391.3505062845543
3008.060115904771 2391.552104085799
3007.9132045258757 2391.7645156377084
3008.0 2392.0
3008.339197107674 2392.2678719098813
3008.9082132677336 2392.5656688145295
3009.67414655859 2392.88798383861
3010.6040950586525 2393.2294101067923
3011.6651568463353 2393.5845407437423
3012.824430000049 2393.9479688741294
3014.049012598203 2394.3142876226198
3015.306002719211 2394.6780901138827
3016.5624984414835 2395.0339694725844
3017.785597843431 2395.3765188233924
3018.942399003466 2395.700331290975
3020.0 2396.0
3020.934192603719 2396.2725806279586
3021.7555433544167 2396.5249790636403
3022.483312484159 2396.766563748657
3023.1367602250134 2397.0067031246213
3023.735146809047 2397.2547656331462
3024.297732468329 2397.5201197158453
3024.8437774349254 2397.812133814331
3025.392541940905 2398.1401763702156
3025.9632862183357 2398.513615825112
3026.5752704992824 2398.9418206206324
3027.2477550158146 2399.434159198391
3028.0 2400.0
3028.843013958929 2400.6464352079133
3029.754798499786 2401.3714519679484
3030.7051035047784 2402.1707611667653
3031.663678856112 2403.0400736910215
3032.6002744359957 2403.9751004273767
3033.4846401266373 2404.971552262491
3034.286525810243 2406.0251400830216
3034.9756813690215 2407.131574775629
3035.521856685179 2408.286567226972
3035.8948016409227 2409.485828323708
3036.06426611846 2410.725068952498
3036.0 2412.0
3035.684492301305 2413.303715577426
3035.151188572367 2414.6188426941962
3034.446273496733 2415.9253915842855
3033.6159317579486 2417.203372481665
3032.706348039563 2418.4327956203097
3031.7637070251235 2419.593671234193
3030.8341933981774 2420.666009557287
3029.9639918422713 2421.6298208235667
3029.199287040954 2422.465115267005
3028.58626367777 2423.151903121573
3028.17110643627 2423.6701946212474
3028.0 2424.0
3028.1065168358496 2424.129443223124
3028.4737805440795 2424.079103181192
3029.0723025082943 2423.8776724960953
3029.8725941120947 2423.553843789726
3030.845166739085 2423.1363096839764
3031.9605317728688 2422.6537628007386
3033.1892005970485 2422.134895761904
3034.5016845952277 2421.6084011893645
3035.8684951510095 2421.102971705013
3037.260143647996 2420.64729993074
3038.647141469792 2420.2700784884382
3040.0 2420.0
3041.2945329478885 2419.8590670856333
3042.5277633253877 2419.8425223588147
3043.7020164700934 2419.9389184313354
3044.8196177196005 2420.136807914987
3045.882892411505 2420.424743421562
3046.894165883403 2420.791277562854
3047.855763472889 2421.2249629506537
3048.7700105175604 2421.714352196754
3049.6392323550117 2422.2479979129466
3050.4657543228377 2422.8144527110235
3051.251901758635 2423.4022692027775
3052.0 2424.0
3052.7130365577814 2424.5986402861936
3053.396647635852 2425.1989555316986
3054.0571316113355 2425.804153778567
3054.7007868613578 2426.4174430688463
3055.333911763044 2427.042031444589
3055.962804693521 2427.6811269478458
3056.5937640299135 2428.337937620667
3057.233088149347 2429.0156715051025
3057.887075428947 2429.717536643203
3058.562024245838 2430.446741077019
3059.2642329771475 2431.2064928486006
3060.0 2432.0
3060.772302302465 2432.8297051029253
3061.5708313163905 2433.6949888477234
3062.381957084567 2434.5944664544004
3063.192049649785 2435.5267531429618
3063.9874790548365 2436.4904641334138
3064.7546153425137 2437.484214645762
3065.479828555606 2438.5066199000125
3066.1494887369063 2439.556295116171
3066.749965929204 2440.6318555142434
3067.2676301752913 2441.7319163142347
3067.688851517959 2442.8550927361516
3068.0 2444.0
3068.1931246027275 2445.163557820624
3068.2829900615498 2446.335903892222
3068.2900400504 2447.5054804038327
3068.2347182432077 2448.660729544492
3068.137468313906 2449.7900935032367
3068.0187339364265 2450.8820144691053
3067.8989587847013 2451.9249346311344
3067.7985865326623 2452.907296178363
3067.7380608542417 2453.817541299826
3067.7378254233686 2454.6441121845614
3067.8183239139776 2455.375451021607
3068.0 2456.0
3068.2977918792176 2456.5114339849492
3068.7046158448184 2456.92435854635
3069.2078827138375 2457.2586119302705
3069.7950033033126 2457.5340323827763
3070.4533884302814 2457.770458149936
3071.170448911781 2457.9877274778164
3071.933595564848 2458.205678612485
3072.7302392065203 2458.4441498000087
3073.547790653835 2458.722979286455
3074.3736607238275 2459.0620053178905
3075.195260233537 2459.481066140383
3076.0 2460.0
3076.777744917437 2460.633298832172
3077.5281761888073 2461.3740693297846
3078.253429094252 2462.210071875088
3078.9556389139125 2463.1290668503298
3079.6369409279305 2464.118814637761
3080.29947041645 2465.1670756196295
3080.945362659609 2466.261610178185
3081.576752937553 2467.3901786956776
3082.1957765304223 2468.540541554357
3082.804568718358 2469.70045913647
3083.4052647815033 2470.857691824268
3084.0 2472.0
3084.5912284510305 2473.1150929085848
3085.1826793999503 2474.190475245622
3085.7784009091547 2475.2136005693806
3086.382441041037 2476.1719224381272
3086.9988478579935 2477.052894410134
3087.6316694224215 2477.8439700436666
3088.2849537967136 2478.5326028969967
3088.9627490432676 2479.1062465283917
3089.669103224478 2479.5523544961216
3090.4080644027395 2479.8583803584525
3091.183680640448 2480.0117776736556
3092.0 2480.0
3092.8596560932515 2479.818366570525
3093.759624729907 2479.4936593173575
3094.6954672691313 2479.0605258473943
3095.6627450700885 2478.553613767532
3096.6570194919454 2478.007570684669
3097.673851893867 2477.457044205704
3098.7088036350174 2476.9366819375323
3099.757436074563 2476.4811314870526
3100.8153105716697 2476.125040461163
3101.8779884855007 2475.9030564667582
3102.941031175222 2475.8498271107383
3104.0 2476.0
3105.051165694481 2476.3753296982036
3106.0936364952377 2476.945998596061
3107.1272300143246 2477.6692960410473
3108.151763863797 2478.5025113806355
3109.167055655709 2479.4029339623007
3110.172923002115 2480.327853133519
3111.1691835150705 2481.234558241764
3112.1556548066305 2482.08033863451
3113.1321544888488 2482.8224836592326
3114.0985001737795 2483.418282663405
3115.0545094734784 2483.8250249945027
3116.0 2484.0
3116.9333663140114 2483.911796118142
3117.8473107706263 2483.5741981502506
3118.7331126735735 2483.012289988421
3119.582051326579 2482.2511555247434
3120.3854060333697 2481.3158786513122
3121.1344560976745 2480.2315432602213
3121.8204808232194 2479.023233243561
3122.434759513732 2477.716032493427
3122.96857147294 2476.3350249019113
3123.413196004568 2474.9052943611055
3123.759912412346 2473.451924763104
3124.0 2472.0
3124.1297209013273 2470.572393236637
3124.165268570407 2469.1831347288617
3124.1278192913855 2467.8440440052727
3124.038549348409 2466.566940594467
3123.9186350256273 2465.363644025043
3123.789252607188 2464.2459738256
3123.671578377238 2463.225749524733
3123.5867886199253 2462.314790651043
3123.5560596193977 2461.524916733127
3123.600567659802 2460.8679472995823
3123.7414890252867 2460.355701879007
3124.0 2460.0
3124.3903426732704 2459.8078901945705
3124.8990223551546 2459.7673370083776
3125.5056101608907 2459.8615339904923
3126.1896772057135 2460.073674689984
3126.9307946048625 2460.3869526559233
3127.7085334735757 2460.784561437383
3128.5024649270904 2461.249694583432
3129.292160080644 2461.765545643142
3130.057190049475 2462.3153081655837
3130.7771259488186 2462.882175699826
3131.431538893914 2463.449341794941
3132.0 2464.0
3132.4686306278113 2464.5201200591546
3132.849753120086 2465.0067764968876
3133.162240065058 2465.4598200327614
3133.4249640509624 2465.8791013863406
3133.656797666034 2466.264471277188
3133.8766134985094 2466.615780424869
3134.1032841366227 2466.9328795489446
3134.3556821686107 2467.2156193689816
3134.652680182707 2467.463850604542
3135.0131507671467 2467.6774239751885
3135.4559665101665 2467.856190200487
3136.0 2468.0
3136.6587459265934 2468.109314753995
3137.4241873867236 2468.1870384855547
3138.282929578881 2468.236685878464
3139.2215777015517 2468.2617716165078
3140.226736953224 2468.2658103834724
3141.285012532388 2468.2523168631437
3142.38300963753 2468.224805739307
3143.507333467139 2468.1867916957485
3144.644589219702 2468.141789416253
3145.781382093707 2468.0933135846053
3146.904317287644 2468.0448788845924
3148.0 2468.0
3149.0584227028544 2467.959287591531
3150.08312696265 2467.911736227562
3151.081041619423 2467.843436453386
3152.059095513205 2467.740478814297
3153.024217484033 2467.58895385559
3153.9833363719413 2467.3749521225573
3154.943381016963 2467.0845641604938
3155.9112802591353 2466.7038805146935
3156.8939629384904 2466.2189917304504
3157.8983578950624 2465.615988353057
3158.9313939688873 2464.880960927809
3160.0 2464.0
3161.1075632619904 2462.9678867317325
3162.2433047626764 2461.8141647523476
3163.392903943432 2460.577068307995
3164.5420402456293 2459.2948316448237
3165.676393110643 2458.005689008985
3166.781641979848 2456.7478746466286
3167.843466294616 2455.559622803903
3168.8475454963227 2454.47916772696
3169.7795590263413 2453.5447436619484
3170.6251863260436 2452.794584855017
3171.370106836805 2452.266925552318
3172.0 2452.0
3172.506694619554 2452.018702518576
3172.9066169496073 2452.294567726012
3173.2223426068535 2452.785790314637
3173.476447207983 2453.450564976779
3173.69150636969 2454.247086404767
3173.8900957086676 2455.13354929093
3174.0947908416083 2456.068148327597
3174.3281673852043 2457.0090782070974
3174.6128009561494 2457.9145336217593
3174.971267171134 2458.74270926391
3175.426141646854 2459.451799825881
3176.0 2460.0
3176.708250852385 2460.3554513421113
3177.537634846301 2460.5260828621235
3178.467725629159 2460.5297704334603
3179.4780968483665 2460.3843899295443
3180.5483221513377 2460.1078172238003
3181.6579751854824 2459.717928189652
3182.7866295982108 2459.2325987005224
3183.9138590369357 2458.6697046298373
3185.0192371490657 2458.0471218510183
3186.0823375820128 2457.38272623749
3187.0827339831867 2456.694393662676
3188.0 2456.0
3188.8200241931268 2455.314121742608
3189.5539547762996 2454.638137862532
3190.219254876517 2453.970127951526
3190.833387620775 2453.308171601343
3191.4138161360715 2452.6503484037376
3191.978003549404 2451.994737950464
3192.5434129877694 2451.3394198332753
3193.127507578166 2450.6824736439266
3193.74775044759 2450.021978974171
3194.421604723038 2449.3560154157612
3195.1665335315092 2448.6826625604535
3196.0 2448.0
3196.9329486714046 2447.3093579837537
3197.950249752204 2446.6250693914544
3199.030254864776 2445.9647177604406
3200.1513156314973 2445.3458866280507
3201.291783674747 2444.786159531622
3202.430010616902 2444.3031200084956
3203.54434808034 2443.9143515960077
3204.6131476874393 2443.6374378314977
3205.6147610605776 2443.4899622523035
3206.527539822132 2443.489508395763
3207.32983559448 2443.653659799216
3208.0 2444.0
3208.5245700101445 2444.5387241001567
3208.9228239926633 2445.2504734605423
3209.222225664382 2446.108501006717
3209.4502387421257 2447.0860596642365
3209.63432694272 2448.1564023586634
3209.801953982989 2449.2927820155555
3209.980583579759 2450.4684515604727
3210.197679449855 2451.656663918974
3210.480705310102 2452.830672016618
3210.857124877325 2453.9637287789637
3211.3544018683488 2455.0290871315715
3212.0 2456.0
3212.8113638806117 2456.857504874878
3213.765861684552 2457.6137775071174
3214.8308424776988 2458.2887782126973
3215.9736553259277 2458.9024673075974
3217.1616492951166 2459.4748051077986
3218.3621734511435 2460.025751929282
3219.542576859884 2460.5752680880278
3220.670208587217 2461.1433139000155
3221.7124176990174 2461.749849681227
3222.636553261163 2462.4148357476406
3223.4099643395316 2463.158232415238
3224.0 2464.0
3224.3850670600023 2464.9525526966254
3224.587803343204 2465.998120214693
3224.6419044248273 2467.1113861424988
3224.5810658800915 2468.2670340683394
3224.438983284222 2469.4397475805135
3224.2493522124387 2470.604210267317
3224.0458682399644 2471.735105717047
3223.862226942022 2472.8071175180016
3223.732123893832 2473.794929258477
3223.6892546706167 2474.6732245267704
3223.7673148475983 2475.416686911179
3224.0 2476.0
3224.412256768266 2476.4063584126934
3224.9940360537425 2476.653000893372
3225.7265398229965 2476.765677217312
3226.5909700425955 2476.7701371597877
3227.568528679107 2476.692130496075
3228.640417699102 2476.557407001452
3229.787839069146 2476.3917164511918
3230.991994755808 2476.2208086205715
3232.234086725657 2476.070433284867
3233.495316945259 2475.9663402193523
3234.756887381184 2475.934279199305
3236.0 2476.0
3237.208961422486 2476.183587726675
3238.380496886269 2476.4824688044123
3239.5144362831893 2476.8884049882568
3240.610609505084 2477.3931580332533
3241.668846443793 2477.9884896944445
3242.6889769911545 2478.666161726877
3243.6708310390063 2479.417935885593
3244.6142384791897 2480.2355739256395
3245.5190292035422 2481.110837602059
3246.3850331039016 2482.0354886698947
3247.2120800721077 2483.001288884194
3248.0 2484.0
3248.7495827269745 2485.023642532459
3249.4654578826608 2486.065272037126
3250.1532150442467 2487.1182028296607
3250.818443788921 2488.1757492257193
3251.4667336938696 2489.23122554096
3252.103674336282 2490.277946091041
3252.734855293345 2491.3092251916196
3253.3658661422473 2492.318377158353
3254.0022964601767 2493.298716306901
3254.6497358243196 2494.243556952919
3255.3137738118644 2495.1462134120657
3256.0 2496.0
3256.7140039659134 2496.7982310323787
3257.4613752867917 2497.5342208248585
3258.247703539824 2498.2012836931
3259.078578302197 2498.7927339527578
3259.959589151099 2499.3018859194917
3260.8963256637185 2499.7220539089594
3261.894377417242 2500.0465522368186
3262.959333988857 2500.268695218725
3264.0967849557537 2500.3817971703393
3265.3123198951166 2500.3791724073176
3266.611528384137 2500.254135245319
3268.0 2500.0
3268.0 2500.0
