3268.0 2500.0
3268.2966310500783 2498.443551898769
3269.1961497715174 2497.2926307414505
3270.4975936071983 2496.495394213407
3272.0 2496.0
3273.502406392802 2495.7546057865943
3274.8038502284826 2495.7073692585504
3275.7033689499226 2495.8064481012316
3276.0 2496.0
3275.568743378716 2496.2255249548557
3274.5884493145527 2496.3778922243496
3273.3139305931127 2496.341313381668
3272.0 2496.0
3270.847620092334 2495.2807943939815
3269.8423525133076 2494.2810618440503
3268.9159086776267 2493.140798372094
3268.0 2492.0
3267.0407762519444 2490.9637974692178
3266.0421406322166 2489.9978603994473
3265.0224346963796 2489.032993129954
3264.0 2488.0
3262.989274899885 2486.864015729148
3261.9890849578246 2485.7274965581582
3260.994352536852 2484.7272291080894
3260.0 2484.0
3259.002124148515 2483.6426396141906
3258.001519536485 2483.5921533679198
3257.000155156213 2483.7455904376893
3256.0 2484.0
3255.002228506057 2484.2529258140917
3254.0048368962357 2484.403889970163
3253.005026838296 2484.3529091411533
3252.0 2484.0
3250.9889618272564 2483.2831571294437
3249.979132878572 2482.2922867514285
3248.9797374906016 2481.1552729976984
3248.0 2480.0
3247.0419241849168 2478.926945668134
3246.078631589476 2477.9269630241247
3245.0760231992977 2476.9634988680536
3244.0 2476.0
3242.8433414330775 2475.0090601980214
3241.7063407635233 2473.999861152073
3240.716169712208 2472.990731530089
3240.0 2472.0
3239.6472100827746 2471.0368135397825
3239.5960053564295 2470.0735923675834
3239.74679795187 2469.0735750115928
3240.0 2468.0
3240.2553182358247 2466.84368564285
3240.409637810757 2465.7057693775946
3240.359138480311 2464.7149684235424
3240.0 2464.0
3239.2690169739253 2463.6509438888193
3238.265443400541 2463.6033301220377
3237.1291481268854 2463.7540512942364
3236.0 2464.0
3234.981113868471 2464.2400388018723
3234.0285885870776 2464.3809101342545
3233.0617690121453 2464.3313263995087
3232.0 2464.0
3230.806527552188 2463.3264009036907
3229.6202022511466 2462.373029340945
3228.6237758245315 2461.233143107727
3228.0 2460.0
3227.8552759227737 2458.7668575833654
3227.9906024083352 2457.6269725019665
3228.1306276897285 2456.673601169585
3228.0 2456.0
3227.397368756715 2455.6686687628485
3226.4173881155134 2455.619080651188
3225.2287134165554 2455.7599522139344
3224.0 2456.0
3222.867749050367 2456.2459673652415
3221.8398451296125 2456.3967048932805
3220.8920186440514 2456.3490899746794
3220.0 2456.0
3219.131635041817 2455.2849617761863
3218.223231366037 2454.2940997756914
3217.2032120072386 2453.1561878873517
3216.0 2452.0
3214.6057107823653 2450.9266855300157
3213.2672294062404 2449.9268960039544
3212.295133326995 2448.9636584759155
3212.0 2448.0
3212.5705218287208 2447.008296103752
3213.7078510090023 2445.9983162084923
3214.9912546847827 2444.9891782089867
3216.0 2444.0
3216.42470190275 2443.0401300549775
3216.4013665577504 2442.0798391620774
3216.177347933876 2441.079628688138
3216.0 2440.0
3216.04317056028 2438.8311836763396
3216.186682759997 2437.6823271431986
3216.2368535797154 2436.6923070384587
3216.0 2436.0
3215.340115856132 2435.6976352396646
3214.351902402263 2435.690852265129
3213.187737747263 2435.8386431580284
3212.0 2436.0
3210.9088660151933 2436.065775365003
3209.905707630952 2436.054263796288
3208.9496954312344 2436.0156203294287
3208.0 2436.0
3207.0244200830966 2436.039263300324
3206.025267073932 2436.0920925497203
3205.013480527801 2436.0988755242565
3204.0 2436.0
3202.9934536524192 2435.7771714337005
3201.9932240733215 2435.577366004831
3200.9963824575634 2435.588877573546
3200.0 2436.0
3199.0017653072264 2436.914550964874
3198.0018366327827 2438.0984434309557
3197.0009896419474 2439.2331141815594
3196.0 2440.0
3194.999485118676 2440.1896247068044
3193.9994293955483 2440.028860271347
3192.999658974646 2439.853665700217
3192.0 2440.0
3191.0002942180686 2440.70195020791
3190.000445785024 2441.786115483656
3189.000374459468 2442.9772230175745
3188.0 2444.0
3186.99933800905 2444.6275744615573
3185.998787464356 2444.8266777940285
3184.998843187484 2444.6124422294856
3184.0 2444.0
3183.0023537457314 2443.037751945862
3182.0044043575526 2441.90717334023
3181.0042527905966 2440.823008064484
3180.0 2440.0
3178.991247008024 2439.596417754996
3177.9835951054347 2439.54462884505
3176.984145650129 2439.720525512579
3176.0 2440.0
3175.032658222175 2440.2640770341536
3174.0612152207086 2440.41431127957
3173.059164608888 2440.357389885201
3172.0 2440.0
3170.878120103277 2439.2847741083897
3169.7715440117313 2438.298126036672
3168.779195914319 2437.1624149466184
3168.0 2436.0
3167.5173613647185 2434.909326532287
3167.352608732369 2433.8931845737425
3167.511551733835 2432.930450328326
3168.0 2432.0
3168.802434437851 2431.077919762462
3169.818021058795 2430.1291356683596
3170.924597150341 2429.115783740077
3172.0 2428.0
3172.9604008838783 2426.7789944178653
3173.8753070324547 2425.590272752821
3174.8525596648037 2424.6064147113657
3176.0 2424.0
3177.355962026638 2423.8686025660763
3178.6807508113884 2424.0097733203575
3179.6651641904455 2424.14605741446
3180.0 2424.0
3179.4907510095727 2423.3715953178307
3178.401689721992 2422.37063396575
3177.111783573416 2421.1843556307954
3176.0 2420.0
3175.3685339350736 2418.957516162602
3175.212490300645 2418.007690816642
3175.4502015158937 2417.054020062361
3176.0 2416.0
3176.785113250135 2414.798340031761
3177.748349075431 2413.598602767682
3178.8374103630117 2412.5995641197624
3180.0 2412.0
3181.178513064387 2411.9116237103544
3182.2941133976315 2412.0978981126295
3183.2626570320604 2412.2352234585896
3184.0 2412.0
3184.438334492317 2411.180165126822
3184.575197334043 2410.009804781801
3184.4244615087464 2408.8345420458795
3184.0 2408.0
3183.318148966343 2407.7427157823586
3182.405097266197 2407.862882760167
3181.2894969329523 2408.051608357892
3180.0 2408.0
3178.60156964231 2407.473971743745
3177.3044136011695 2406.538664177532
3176.3550507594446 2405.334024522553
3176.0 2404.0
3176.4005724644167 2402.673897242662
3177.3772483291245 2401.4824605297063
3178.665300029271 2400.549793551898
3180.0 2400.0
3181.171140500025 2399.8929392856094
3182.1865930823315 2400.0314937036446
3183.108749123472 2400.154301269858
3184.0 2400.0
3184.914865535483 2399.379345614903
3185.876379341549 2398.3915646557157
3186.8997034768404 2397.2080013686714
3188.0 2396.0
3189.169397358044 2394.9021782547816
3190.307889551475 2393.902247673492
3191.2924369691677 2392.951193255457
3192.0 2392.0
3192.345045032342 2391.011941365971
3192.392062452554 2389.9994446503147
3192.243048646488 2388.987225609501
3192.0 2388.0
3191.762922512587 2387.050056281336
3191.6238606383117 2386.09997372525
3191.672868444881 2385.0999043065394
3192.0 2384.0
3192.665764917312 2382.7878335086875
3193.612494994201 2381.600660448687
3194.7529775739904 2380.613157164343
3196.0 2380.0
3197.2615178181677 2379.861109683916
3198.426159384885 2379.9973844800033
3199.3777212591604 2380.134967036089
3200.0 2380.0
3200.2256638100203 2379.3927277556504
3200.182867466261 2378.4098016313014
3200.0486373893714 2377.221974691302
3200.0 2376.0
3200.1483269417545 2374.8804792934834
3200.3423707500738 2373.8634089947923
3200.365229183356 2372.914634198705
3200.0 2372.0
3199.1185284229637 2371.0853550704173
3197.9476495334466 2370.1365623895317
3196.8029458772057 2369.1194885138807
3196.0 2368.0
3195.752559366391 2366.77810042485
3195.867031116143 2365.5903414470827
3196.0479873078243 2364.607411745774
3196.0 2364.0
3195.4962341114733 2363.864743230185
3194.584226001982 2364.002071822141
3193.3801048915007 2364.1383645030255
3192.0 2364.0
3190.5750041877172 2363.387926654411
3189.296064875929 2362.401371264357
3188.3690931261767 2361.214130242124
3188.0 2360.0
3188.328749137661 2358.896050152172
3189.231514494303 2357.8924431204327
3190.5185226037943 2356.9426145284774
3192.0 2356.0
3193.4849992616414 2355.0278727369027
3194.777877146859 2354.028856253913
3195.6818164586466 2353.015411643967
3196.0 2352.0
3195.6062538157744 2350.992458900218
3194.6569769182634 2349.9921318639144
3193.37921156162 2348.9957388956536
3192.0 2348.0
3190.714985475262 2347.0022916622243
3189.59421518009 2346.0026162904283
3188.6763372948726 2345.0016327734174
3188.0 2344.0
3187.5963042831786 2342.998374450883
3187.4661623613792 2341.9974029743735
3187.6029392588903 2340.997730010677
3188.0 2340.0
3188.6497973920254 2339.004210534244
3189.5411353743957 2338.0077718120806
3190.661905669568 2337.0074471838775
3192.0 2336.0
3193.492006148721 2334.9847834121433
3194.869296141041 2333.9715097773064
3195.81193806284 2332.9724812538166
3196.0 2332.0
3195.2571780130916 2331.0566558171845
3193.9816800614444 2330.106189078696
3192.715342079074 2329.102627800859
3192.0 2328.0
3192.229281798913 2326.7885933191187
3193.203983613185 2325.603733907911
3194.5766936208656 2324.6170075427485
3196.0 2324.0
3197.20069479126 2323.851470906341
3198.2023854858157 2323.9788752896607
3199.102883437464 2324.116842028149
3200.0 2324.0
3200.967939036049 2323.430523055517
3201.986474443552 2322.480764933449
3203.011772629279 2321.290624344656
3204.0 2320.0
3204.927549064543 2318.738936871592
3205.851716739975 2317.5980649765465
3206.850026045419 2316.6581605932274
3208.0 2316.0
3209.321864705778 2315.6762294581154
3210.60665859655 2315.626975160367
3211.5881231890467 2315.7642332824353
3212.0 2316.0
3211.6599921123457 2316.2436452959473
3210.721648873828 2316.3940343819863
3209.422481198397 2316.3474062770315
3208.0 2316.0
3206.663166844843 2315.286689358097
3205.5067459081415 2314.2968873116906
3204.59695201737 2313.1586416094387
3204.0 2312.0
3203.7498405082865 2310.9220972716657
3203.751367493608 2309.9184163712534
3203.877210732125 2308.955527285215
3204.0 2308.0
3204.0249711220126 2307.0249215552417
3203.9877841174275 2306.029447203296
3203.9567050541286 2305.019249249703
3204.0 2304.0
3204.150275003662 2302.9782165073693
3204.297496036682 2301.963794815563
3204.2959690513603 2300.967475715975
3204.0 2300.0
3203.3114288633374 2299.0622124152815
3202.322231735845 2298.115373534453
3201.17191874043 2297.110847886398
3200.0 2296.0
3198.9165095429894 2294.772933831507
3197.9135770199396 2293.5747110466277
3196.95385598692 2292.5891327384343
3196.0 2292.0
3195.022532964708 2291.908552258691
3194.0234601843995 2292.0857822790385
3193.0126573118914 2292.2201211598667
3192.0 2292.0
3190.9933585981835 2291.2178571337304
3189.992582242466 2290.08215983722
3188.9955147655155 2288.9053826220998
3188.0 2288.0
3187.004032642561 2287.5950192063888
3186.006210845738 2287.5855783720817
3185.0052836260465 2287.7833483517343
3184.0 2288.0
3182.990510831573 2288.0895660407164
3181.9825743745805 2288.075526674453
3180.9833507302983 2288.0237239709636
3180.0 2288.0
3179.0339240311478 2288.0467166307462
3178.06349165594 2288.1123149301065
3177.0613134527625 2288.1217557644127
3176.0 2288.0
3174.8737930438383 2287.7235674362983
3173.763459001661 2287.475213605123
3172.771395458653 2287.489252971386
3172.0 2288.0
3171.533403793502 2289.121513624062
3171.382672337419 2290.4868306494036
3171.5406047126266 2291.608732350044
3172.0 2292.0
3172.7425917821556 2291.3528780674565
3173.7058516486654 2290.077463797263
3174.8161856908423 2288.7633176284385
3176.0 2288.0
3177.1837290778767 2288.2169741061152
3178.2939210679206 2289.203314161546
3179.257152524004 2290.5879971362037
3180.0 2292.0
3180.4599919063367 2293.154225508084
3180.6184640796523 2294.109279556554
3180.4677042131425 2295.009693826747
3180.0 2296.0
3179.226303296778 2297.16612386155
3178.2322226134697 2298.359567612239
3177.1220306234263 2299.3732275568077
3176.0 2300.0
3174.9472949065507 2300.1187790457166
3173.9526454664697 2299.9524499944923
3172.981673293153 2299.809895946022
3172.0 2300.0
3170.984517077018 2300.7337599555854
3169.957195520654 2301.830632409794
3168.9512762039626 2303.012188659105
3168.0 2304.0
3167.114636785377 2304.5711811319434
3166.2185724509177 2304.725020366335
3165.213221890999 2304.516349417559
3164.0 2304.0
3162.556935781474 2303.231515516642
3161.168514675677 2302.269286124868
3160.195836232042 2301.17241367066
3160.0 2300.0
3160.782620088727 2298.815256801489
3162.107368846374 2297.697835134195
3163.378433180833 2296.7314958998027
3164.0 2296.0
3163.5625838636174 2295.5699572774033
3162.4020099388276 2295.439373338355
3161.0404310446247 2295.589102730129
3160.0 2296.0
3159.6545444568033 2296.654914088899
3159.7845913983138 2297.5446715123867
3160.022342640668 2298.662093179681
3160.0 2300.0
3159.444238309169 2301.4978863670012
3158.459624467917 2302.8819406120997
3157.245198392706 2303.825024551148
3156.0 2304.0
3154.8810023065207 2303.2285404430963
3153.87691073002 2301.927566039217
3152.9343637885095 2300.662808615729
3152.0 2300.0
3151.0317524647503 2300.3379518606152
3150.032732612005 2301.4077952310345
3149.0173464532577 2302.7737409859365
3148.0 2304.0
3146.9919878344804 2304.7321521144436
3145.9921588219613 2304.941253036646
3144.996250398462 2304.6797274405244
3144.0 2304.0
3143.00029619733 2302.983439681612
3141.9986321001497 2301.8271926223847
3140.9976519528955 2300.757349251965
3140.0 2300.0
3139.0068273762013 2299.709089159112
3138.01331277744 2299.7499764738186
3137.013141789959 2299.915875551617
3136.0 2300.0
3134.972394297867 2299.8677036819445
3133.948116790093 2299.672901482343
3132.9497808872734 2299.6416485415702
3132.0 2300.0
3131.103595432333 2300.882596113113
3130.194220062189 2302.058417596811
3129.187734660951 2303.2050302821035
3128.0 2304.0
3126.613223972802 2304.226911865607
3125.275002961152 2304.0934281304153
3124.299280468925 2303.9132303300166
3124.0 2304.0
3124.568508676459 2304.5847564244623
3125.705768093205 2305.567869881528
3126.990143463349 2306.76704839783
3128.0 2308.0
3128.4252413213644 2309.1215624365454
3128.40192466603 2310.135092343472
3128.1776456776806 2311.081076078663
3128.0 2312.0
3128.0430260380845 2312.9289938293578
3128.1865332426764 2313.891760744583
3128.2367738259304 2314.9086472875165
3128.0 2316.0
3127.3401545262977 2317.1624622460254
3126.351942363264 2318.297864678196
3125.187759018599 2319.284334771269
3124.0 2320.0
3122.908855856725 2320.3586571865417
3121.905697304266 2320.4167805426323
3120.949690099674 2320.2665136274068
3120.0 2320.0
3119.024422046803 2319.715409007809
3118.025268419672 2319.5350131512755
3117.0134805827047 2319.587110719105
3116.0 2320.0
3114.993455956065 2320.8422067822235
3113.993229017048 2321.9431668522657
3112.996387569507 2323.072543496175
3112.0 2324.0
3111.001754128937 2324.5407638632983
3110.0018155121365 2324.6923194396627
3109.0009691392675 2324.4977152961956
3108.0 2324.0
3106.9995275281867 2323.244737764585
3105.999508934407 2322.287555389086
3104.9997358734245 2321.186595319044
3104.0 2320.0
3103.000135758318 2318.792785078362
3102.000148750237 2317.6574590039954
3101.0000873670374 2316.693403427631
3100.0 2316.0
3098.9999294385434 2315.646621921969
3097.999896064646 2315.5826085949357
3096.999914658426 2315.727290970435
3096.0 2316.0
3095.0001464875095 2316.3082272337642
3094.0002669911796 2316.512106616263
3093.00025399926 2316.4599326906296
3092.0 2316.0
3090.9994846114214 2315.057969142974
3089.9990359706376 2313.8689649400135
3088.999069344535 2312.7454782670466
3088.0 2312.0
3087.0019150668068 2311.83489619434
3086.0035891262714 2312.012033623684
3085.0034686226013 2312.183154241185
3084.0 2312.0
3082.9928551213543 2311.2274460796657
3081.9866075242767 2310.082900565252
3080.9870561650605 2308.896904768212
3080.0 2308.0
3079.026664447776 2307.630319486998
3078.049980776621 2307.656364115309
3077.0483067171554 2307.854226685965
3076.0 2308.0
3074.9004870875433 2307.9387759723436
3073.813469369241 2307.791642973514
3072.819716966319 2307.7486884879277
3072.0 2308.0
3071.4338872020535 2308.677076623629
3071.1961417464167 2309.6770639906363
3071.360325417572 2310.8385193623253
3072.0 2312.0
3073.113964104244 2313.040417533141
3074.4019636450926 2314.0001010639417
3075.488981363395 2314.959734062771
3076.0 2316.0
3075.67275638097 2317.161253243806
3074.696003673212 2318.322531753598
3073.3712491288493 2319.322544386591
3072.0 2320.0
3070.820010371878 2320.252069491634
3069.8140216620595 2320.2097719216663
3068.901022121211 2320.0625883908665
3068.0 2320.0
3067.0472021315186 2320.1429687896593
3066.047909678552 2320.338380559736
3065.0246623863095 2320.3646020499446
3064.0 2320.0
3062.9911811020484 2319.113555349727
3061.994339623734 2317.936705839388
3061.0003283335527 2316.7915034093553
3060.0 2316.0
3058.98807346029 2315.7778098114327
3057.9747318265127 2315.9147960827117
3056.9740242794796 2316.0943843126347
3056.0 2316.0
3055.0565250567943 2315.4002054045445
3054.106733070216 2314.404109829767
3053.1035745485306 2313.205959340106
3052.0 2312.0
3050.785826312536 2310.9338685703897
3049.5983358926246 2309.968764598221
3048.6116775264018 2309.0192783269417
3048.0 2308.0
3047.8626696930655 2306.8643203138977
3047.999923359286 2305.7208317773507
3048.137215345864 2304.716927352128
3048.0 2304.0
3047.3884949152052 2303.671350174021
3046.4019706702315 2303.647908292379
3045.2144610901423 2303.8005122645473
3044.0 2304.0
3042.895850646116 2304.1377789900207
3041.892193959789 2304.1875350531354
3040.942440293568 2304.1435235896834
3040.0 2304.0
3039.0281025003337 2303.7775338658976
3038.0292534906143 2303.601951495079
3037.015777735588 2303.625393376721
3036.0 2304.0
3034.9917393525516 2304.8145855463895
3033.9907920777555 2305.904658966548
3032.9944487640823 2307.042402903433
3032.0 2308.0
3031.0049400894623 2308.5891239485454
3030.007578198364 2308.7794126387284
3029.006427208084 2308.579995009546
3028.0 2308.0
3026.988500289599 2307.0789186594297
3025.978895128789 2305.9776904785413
3024.9798424035844 2304.887617058382
3024.0 2304.0
3023.041058752142 2303.470201413736
3022.0768412864804 2303.309825447108
3021.074203177579 2303.4945367569253
3020.0 2304.0
3018.847264701835 2304.7902756856265
3017.713739725289 2305.783007733029
3016.7233448860993 2306.884235913917
3016.0 2308.0
3015.632382440521 2309.0561958437606
3015.5681998123637 2310.0581436207785
3015.719917278025 2311.031019587407
3016.0 2312.0
3016.3107055360833 2312.984940939333
3016.513461025257 2313.984417783859
3016.4594860018024 2314.9916857364565
3016.0 2316.0
3015.062295415147 2317.0040403989115
3013.8779560866083 2318.004185243787
3012.7546387147654 2319.0022374667697
3012.0 2320.0
3011.8151128033282 2320.998897465024
3011.9747146283084 2321.998841240994
3012.146959139135 2322.9993643964676
3012.0 2324.0
3011.302253371541 2325.0003697409943
3010.2231854001584 2326.0004497922378
3009.032524728697 2327.000304947362
3008.0 2328.0
3007.3508737105103 2328.9996235709987
3007.1325437710598 2329.999359590056
3007.3479419460796 2330.9994158140853
3008.0 2332.0
3009.044251786419 2333.0011359750133
3010.246639515603 2334.0021118475406
3011.3257074869853 2335.0020317962976
3012.0 2336.0
3012.0971191438143 2336.995832528949
3011.8808981665297 2337.992193019783
3011.7242281059803 2338.992457000725
3012.0 2340.0
3012.9422716383233 2341.015533909191
3014.2297678182786 2342.0291160733286
3015.4023800890945 2343.0281402008013
3016.0 2344.0
3015.696294302895 2344.9420318342854
3014.7000305603583 2345.8913426869035
3013.353751537643 2346.8949821960696
3012.0 2348.0
3010.8975511501017 2349.216338753666
3009.970109940292 2350.405513179058
3009.0576137603366 2351.391931014921
3008.0 2352.0
3006.7135010967013 2352.1301131510513
3005.4195296784765 2351.9866045968665
3004.4157934210125 2351.8497937442485
3004.0 2352.0
3004.3734444630936 2352.6382086421304
3005.3517713458054 2353.6480684334774
3006.6542125556152 2354.8338940080857
3008.0 2356.0
3009.167721050925 2357.004552280428
3010.1733849383018 2357.9211216692242
3011.0923563565275 2358.877130223409
3012.0 2360.0
3012.9556713332054 2361.3435822361594
3013.9546889009866 2362.6674448896247
3014.976362018275 2363.6575850982777
3016.0 2364.0
3017.009593616252 2363.496118774936
3018.007859457751 2362.4090987722775
3019.0021955703746 2361.117529383481
3020.0 2360.0
3021.005954201786 2359.359442664099
3022.0138732680102 2359.1961600212676
3023.014855700229 2359.4347973678023
3024.0 2360.0
3024.966589576604 2360.816110568669
3025.9366474702097 2361.8062611426544
3026.938381628711 2362.893281145313
3028.0 2364.0
3029.1276874918008 2365.0636150612263
3030.239536851153 2366.0787954081165
3031.2316177849293 2367.054578050948
3032.0 2368.0
3032.4601604561963 2368.929429186426
3032.6052051251804 2369.878557224881
3032.447647231574 2370.888406650896
3032.0 2372.0
3031.281670683415 2373.21866819307
3030.3396426481254 2374.4069756923595
3029.2277932887732 2375.3917953454693
3028.0 2376.0
3026.725656810142 2376.1333980412974
3025.5362242823157 2375.9935400056834
3024.5786796133316 2375.8569119672284
3024.0 2376.0
3023.8782020760154 2376.622739641744
3024.01546022261 2377.618864284909
3024.144988257899 2378.805556785619
3024.0 2380.0
3023.3865348857967 2381.063143391728
3022.401934827245 2382.0310028546833
3021.2163673550713 2382.983360890297
3020.0 2384.0
3018.8881583807993 2385.1246867913446
3017.8768004684093 2386.2571242963595
3016.927042321815 2387.260999653195
3016.0 2388.0
3015.0608315910076 2388.3756094428936
3014.0908632991177 2388.440499959878
3013.075463357668 2388.285140496923
3012.0 2388.0
3010.868515255171 2387.685375437081
3009.7597463351217 2387.4808758641307
3008.7711042475116 2387.535938359115
3008.0 2388.0
3007.5276073883083 2388.945388808785
3007.370151360396 2390.1359965836023
3007.527619652287 2391.258606066619
3008.0 2392.0
3008.7710551915984 2392.15806932778
3009.7596482232952 2391.9751378014607
3010.8684171433447 2391.804637374411
3012.0 2392.0
3013.0756718453013 2392.797333880095
3014.091255746426 2393.9634522105553
3015.0612117743376 2395.147844435738
3016.0 2396.0
3016.9262574271975 2396.2775951518397
3017.8753287910017 2396.171053356318
3018.8867357593053 2395.978984882638
3020.0 2396.0
3021.2192984459084 2396.467285512547
3022.4074290895674 2397.3523343641723
3023.3918451884424 2398.5612160337123
3024.0 2400.0
3024.1340487891694 2401.5407627979753
3023.99495485073 2402.919609186994
3023.858383486926 2403.8386509825154
3024.0 2404.0
3024.6195063974164 2403.244663295553
3025.6127515075136 2401.969228887854
3026.7996208638547 2400.709180036228
3028.0 2400.0
3029.075425621168 2400.230584019814
3030.0540391192153 2401.2034752615914
3031.0056330576544 2402.574628872573
3032.0 2404.0
3033.0787911179114 2405.2080006251917
3034.171092015626 2406.216870065781
3035.177846905528 2407.1173044734796
3036.0 2408.0
3036.5469099071884 2408.937413479419
3036.7615928182827 2409.9290444752837
3036.5954793202354 2410.956153233507
3036.0 2412.0
3034.983569253338 2413.0423454571314
3033.782536711246 2414.0669520330835
3032.690235813531 2415.0580825924944
3032.0 2416.0
3031.893813079462 2416.8932046920563
3032.1082603367345 2417.8031473923834
3032.26857742564 2418.811516396519
3032.0 2420.0
3031.066178428816 2421.384835774644
3029.784421941816 2422.7204583973844
3028.6104544839077 2423.6958518214324
3028.0 2424.0
3028.278973205275 2423.4424522093677
3029.254051896003 2422.31501901808
3030.60210463873 2421.030076317753
3032.0 2420.0
3033.1929287500866 2419.532855387887
3034.1993704741735 2419.519465530295
3035.106126961174 2419.746342907555
3036.0 2420.0
3036.9493117943794 2420.1136262390833
3037.948466207303 2420.1071188607407
3038.973387516575 2420.047052052027
3040.0 2420.0
3041.009824072395 2420.01263965578
3042.0067646966154 2420.0520590267442
3043.000322972528 2420.065448884337
3044.0 2420.0
3045.0113919160417 2419.8358151377993
3046.024475006237 2419.6846450322837
3047.025320593314 2419.6911524106263
3048.0 2420.0
3048.944608263439 2420.7065997930263
3049.895335278437 2421.7093608441232
3050.8983946542166 2422.8574414731584
3052.0 2424.0
3053.2101750302036 2425.0252856900975
3054.394183880017 2425.9779115912256
3055.381100789821 2426.9415816967407
3056.0 2428.0
3056.1521916157476 2429.192257446585
3056.0279292014984 2430.378992790976
3055.8897021865 2431.376231739879
3056.0 2432.0
3056.556058506808 2432.1431845235647
3057.494099313991 2432.0061172448727
3058.685090464178 2431.8659913437446
3060.0 2432.0
3061.311074357021 2432.6100044591585
3062.49567354254 2433.596538229535
3063.4324359567886 2434.7848028851445
3064.0 2436.0
3064.1371440651087 2437.104297639802
3064.023206515853 2438.1077298369873
3063.8976657086696 2439.0572971156794
3064.0 2440.0
3064.515349382544 2440.9728049816345
3065.411500394051 2441.972542422516
3066.601901208533 2442.9860086521394
3068.0 2444.0
3069.488958404715 2445.0044824336615
3070.830791907943 2446.002100472951
3071.757229457199 2446.998668275766
3072.0 2448.0
3071.403816998596 2449.0092652837225
3070.2653319741776 2450.019055685682
3068.9941809626707 2451.0193182448
3068.0 2452.0
3067.583273600901 2452.9584564314514
3067.607880195347 2453.921676784323
3067.8285466921197 2454.924058745033
3068.0 2456.0
3067.9505885977997 2457.156908990472
3067.803147244436 2458.2942371770255
3067.7541322688544 2459.284446775066
3068.0 2460.0
3068.676872007901 2460.3514076066594
3069.6795308269106 2460.4013745075745
3070.842424232465 2460.2506541547027
3072.0 2460.0
3073.0294233705977 2459.7499605828907
3073.9787294479224 2459.6002647926753
3074.9386708012867 2459.6504366061217
3076.0 2460.0
3077.2054345097085 2460.711250061778
3078.4055513813983 2461.6975663217254
3079.402892562389 2462.8350994208095
3080.0 2464.0
3080.0863385905673 2465.0925391699966
3079.8990650264836 2466.1094699204245
3079.762258949159 2467.0716657106404
3080.0 2468.0
3080.824211128024 2468.9185932582354
3081.998188512669 2469.864553996577
3083.173071640979 2470.8782377366297
3084.0 2472.0
3084.241816897338 2473.233087797062
3084.1081809228435 2474.432314093269
3083.9204544869262 2475.415383342841
3084.0 2476.0
3084.583521282624 2476.086555553516
3085.5690877959596 2475.9061896303497
3086.770110411315 2475.772728892008
3088.0 2476.0
3089.1115979721653 2476.795689988874
3090.11546789332 2477.9429273853348
3091.0616038678145 2479.118701089129
3092.0 2480.0
3092.970086828716 2480.35568449099
3093.9690406307623 2480.322100828313
3094.9834741174277 2480.1274667514795
3096.0 2480.0
3097.008054712971 2480.0940720471685
3098.0083695836315 2480.2686693014152
3099.0044996624765 2480.3089319049545
3100.0 2480.0
3100.997694319402 2479.205527320337
3101.9974810347117 2478.1032219660274
3102.9985272326653 2476.949305628704
3104.0 2476.0
3105.0011680094217 2475.4588186714855
3106.0017062775214 2475.3184428344775
3107.001391406861 2475.518845580231
3108.0 2476.0
3108.9976336429118 2476.7091979937222
3109.9956938552023 2477.6230066960643
3110.9959071398926 2478.7253120503738
3112.0 2480.0
3113.0082974189345 2481.391889353626
3114.01551830167 2482.6895303812666
3115.0149800335703 2483.6424062182746
3116.0 2484.0
3116.9691766813507 2483.5982445917757
3117.9422329381187 2482.618871778868
3118.944172725827 2481.3300630765266
3120.0 2480.0
3121.1149958556643 2478.8401322792715
3122.215549945858 2477.8349825032606
3123.208329063123 2476.9123414756195
3124.0 2476.0
3124.5083398959932 2475.041226291138
3124.6955672784497 2474.041198208091
3124.5350110216823 2473.020571020999
3124.0 2472.0
3123.101644560365 2470.994962556177
3122.0021809403424 2470.0002246643767
3120.9016268501487 2469.005374440388
3120.0 2468.0
3119.4600818625477 2466.978923484154
3119.295708960181 2465.957903134403
3119.483481577724 2464.9579312174496
3120.0 2464.0
3120.808027989444 2463.0893435072053
3121.814983218933 2462.168162798012
3122.9144468389554 2461.162900689812
3124.0 2460.0
3124.9953061796764 2458.663702487023
3125.944358164086 2457.3694456735493
3126.921231066453 2456.3904660233015
3128.0 2456.0
3129.210747291851 2456.3808465447023
3130.407584124723 2457.354054507791
3131.400628895234 2458.6502352169846
3132.0 2460.0
3132.0992046529213 2461.1879113341706
3131.925305337023 2462.214336295289
3131.7887533526136 2463.1335931087624
3132.0 2464.0
3132.767434096465 2464.867508118617
3133.891194527186 2465.7886003110566
3135.0693576943136 2466.8153923479676
3136.0 2468.0
3136.4560589612192 2469.3420561913613
3136.509916554234 2470.631262460486
3136.3088158701325 2471.6048374993684
3136.0 2472.0
3135.72083005866 2471.639267115939
3135.5691392558783 2470.6863498469993
3135.6328788251576 2469.3902576545606
3136.0 2468.0
3136.723120804143 2466.7258753448828
3137.7135264222547 2465.623338151516
3138.8471688292398 2464.709131882391
3140.0 2464.0
3141.0741867247702 2463.519731504529
3142.076755055103 2463.320297546937
3143.040945857885 2463.4607148158766
3144.0 2464.0
3144.98013229678 2464.9451986370013
3145.979453357334 2466.0954716607366
3146.9890477392223 2467.198008854104
3148.0 2468.0
3149.005284088115 2468.3244739474676
3150.005431515562 2468.297815810118
3151.002863185229 2468.12224976771
3152.0 2468.0
3152.998731350764 2468.0694055731315
3153.998820580419 2468.2132650987915
3154.9994995198635 2468.2504920750566
3156.0 2468.0
3156.9997905088303 2467.335403760009
3157.9992861627647 2466.3491237947155
3158.999138735317 2465.188281932065
3160.0 2464.0
3161.002106613915 2462.901479386835
3162.004034768522 2461.890239722348
3163.0039455388674 2460.933880196687
3164.0 2460.0
3164.9917830355103 2459.058678692654
3165.98457476315 2458.0899173158955
3166.985079109215 2457.076197281189
3168.0 2456.0
3169.030761244047 2454.8638058425486
3170.057666178881 2453.7500910140716
3171.055738024275 2452.761330678559
3172.0 2452.0
3172.8851719883023 2451.5485979371506
3173.784760521325 2451.4097186278186
3174.791968793686 2451.565980004578
3176.0 2452.0
3177.4285508027424 2452.6918024088495
3178.803291735817 2453.6110344746535
3179.776386800982 2454.724749303131
3180.0 2456.0
3179.275624800727 2457.3716924274527
3178.002072535409 2458.6461434735684
3176.7274840023856 2459.5975227829003
3176.0 2460.0
3176.218949994349 2459.6964278813407
3177.1884181225496 2458.804391631073
3178.563677189476 2457.5101595652686
3180.0 2456.0
3181.2235752218785 2454.467596047186
3182.2442549743937 2453.1362900021404
3183.1428072397125 2452.2368389560247
3184.0 2452.0
3184.886749118138 2452.558187929915
3185.834561979875 2453.6504483603653
3186.8650938516744 2454.9174846106325
3188.0 2456.0
3189.2294283055685 2456.612152233153
3190.417497106105 2456.7619165563983
3191.3968173535895 2456.5307226014443
3192.0 2456.0
3192.13303765959 2455.2432031374706
3191.995449595706 2454.3018854140405
3191.860136733969 2453.2096249835904
3192.0 2452.0
3192.6134210560745 2450.7275352169654
3193.6007045110737 2449.5305417874406
3194.7876357105374 2448.5682774641955
3196.0 2448.0
3197.1007781161156 2447.90915599467
3198.10173236 2448.0759474362
3199.0518204238842 2448.20476515963
3200.0 2448.0
3200.983466479463 2447.260840804356
3201.9923660489267 2446.1656684677628
3203.0050825939265 2444.987661897287
3204.0 2444.0
3204.9653559660314 2443.4224807879054
3205.9288034442948 2443.261378692752
3206.92784920041 2443.469587251222
3208.0 2444.0
3209.1551096564112 2444.7992360440226
3210.2924201738956 2445.7888167612323
3211.2835206044333 2446.8839890978256
3212.0 2448.0
3212.351705408324 2449.0680750360066
3212.4015158601223 2450.0833542623213
3212.250568381859 2451.056956357475
3212.0 2452.0
3211.750568710294 2452.9284638119507
3211.6015163856177 2453.877766189482
3211.651705868133 2454.8881854722727
3212.0 2456.0
3212.7085197505025 2457.2180697161903
3213.692418597409 2458.4055809797505
3214.830108145612 2459.390301753436
3216.0 2460.0
3217.1028522876973 2460.13675732329
3218.1288092247464 2459.999909891518
3219.090361549422 2459.8631075139865
3220.0 2460.0
3220.880071098711 2460.6099009906497
3221.7923445036076 2461.5947794541785
3222.808445656701 2462.782268190618
3224.0 2464.0
3225.3768633174604 2465.1111387141123
3226.701812760823 2466.120972291769
3227.675855823774 2467.0703197235407
3228.0 2468.0
3227.4874756314475 2468.945544152903
3226.4004044531002 2469.921331378748
3225.113131048203 2470.9364529152194
3224.0 2472.0
3223.3607341567513 2473.106684674276
3223.196569426778 2474.1937021932386
3223.434119983415 2475.183868615582
3224.0 2476.0
3224.8195877415487 2476.565217149994
3225.8133178397916 2476.803859848298
3226.9003890181393 2476.640572622453
3228.0 2476.0
3229.0484148770547 2474.882446725747
3230.0501592140567 2473.590858413568
3231.02682394403 2472.503840894605
3232.0 2472.0
3232.986752750235 2472.34249594702
3233.986045303984 2473.3327064974305
3234.9923152057413 2474.656563799127
3236.0 2476.0
3237.0045741220065 2477.122569486176
3238.005659570008 2478.0783155967097
3239.0039152330064 2478.994903908889
3240.0 2480.0
3240.9949507617407 2481.1672261082776
3241.991316415983 2482.354031115732
3242.992023862234 2483.3638205653206
3244.0 2484.0
3245.015622831032 2484.146026080716
3246.0290747660597 2484.005559940365
3247.0279893180577 2483.8623138298317
3248.0 2484.0
3248.9425579141316 2484.6236695688594
3249.892384519777 2485.62372912281
3250.8960188655346 2486.8119241153554
3252.0 2488.0
3253.2141455124433 2489.0467956438474
3254.401387154831 2489.999523568398
3255.3879352198032 2490.952489708749
3256.0 2492.0
3256.1383600360955 2493.189147855751
3256.0020668608986 2494.378176603601
3255.864740255253 2495.3781170496504
3256.0 2496.0
3256.607414343174 2496.13411293315
3257.5903454015724 2495.9877700171996
3258.778103759185 2495.8475420926497
3260.0 2496.0
3261.119482591208 2496.6494004116503
3262.136551532809 2497.6707433276
3263.0853447080062 2498.8567145797506
3264.0 2500.0
3264.9146552919947 2500.8932854202503
3265.863448467191 2501.3292566724003
3266.880517408792 2501.10059958835
