486 277
2776.0 1203.2927218231089
3260.621417655854 1479.1286571307237
1.0 1.0
2814.0 1474.0
2845.99458711071 1479.1286571307237
2852.0 1472.0
2844.0054128892893 1459.3713428692765
2834.0 1448.0
2831.2337613321306 1442.8859713921702
2834.0 1442.0
2838.0595417821846 1441.8347715620416
2840.0 1440.0
2838.02807153913 1435.0249423596633
2836.0 1428.0
2838.0781720612963 1420.8154589993042
2844.0 1416.0
2851.909240215684 1415.7132216431191
2858.0 1420.0
2859.784867075967 1427.331654428219
2862.0 1432.0
2869.4512914804477 1429.9601606440044
2880.0 1428.0
2890.159967002242 1432.3277029957635
2898.0 1436.0
2902.408840510585 1432.229027372941
2904.0 1428.0
2903.9546709554184 1430.7561875124727
2904.0 1436.0
2905.522475667741 1437.7462225771692
2908.0 1436.0
2909.7054263736172 1432.2589221788505
2906.0 1428.0
2894.6558188377894 1424.468088707428
2886.0 1422.0
2888.921298275225 1420.618722991438
2894.0 1420.0
2890.9089880613105 1419.30701932682
2884.0 1416.0
2880.6927494795336 1408.9031997012835
2886.0 1404.0
2901.3200140205577 1406.0801818680477
2916.0 1408.0
2920.2771944382366 1403.0260728265273
2920.0 1398.0
2922.821208226495 1399.815526825844
2928.0 1402.0
2933.9379726557822 1397.9618198700973
2944.0 1394.0
2960.4269011503757 1396.337193693767
2976.0 1398.0
2984.104422742716 1391.9394053548358
2990.0 1384.0
2999.1554078787626 1381.155184886891
3006.0 1382.0
3005.773945742236 1384.1898550976007
3008.0 1390.0
3021.748809152294 1400.3353947227074
3040.0 1406.0
3053.4808176485863 1399.718566011571
3060.0 1392.0
3060.327920253361 1394.0403412310093
3060.0 1402.0
3064.2075013379713 1409.120069064392
3072.0 1412.0
3081.3420743947563 1409.9793825114223
3092.0 1410.0
3103.1742010830044 1417.4624008899195
3110.0 1424.0
3109.4611212732275 1421.4210139288994
3110.0 1416.0
3118.481313824088 1414.6035433944828
3124.0 1412.0
3116.3636234304217 1402.6648124931694
3106.0 1392.0
3105.0641924542274 1386.48720663284
3112.0 1386.0
3122.1296067526705 1388.3863609754699
3132.0 1390.0
3139.4173805350924 1388.217349465281
3146.0 1386.0
3153.4508711069607 1386.9942411634079
3160.0 1392.0
3163.779135037066 1399.5556858810892
3166.0 1402.0
3168.9325887447762 1394.0330153122368
3176.0 1386.0
3188.990509983831 1388.0622528699653
3202.0 1394.0
3209.105371319902 1395.467973207903
3212.0 1392.0
3213.838004736562 1386.0658542984231
3216.0 1384.0
3219.04260973385 1390.0186095984052
3222.0 1396.0
3224.2415563280397 1393.8597073079575
3228.0 1388.0
3234.741164953992 1384.7925611697656
3240.0 1386.0
3239.7937838559924 1390.9700480129804
3238.0 1394.0
3239.833699622038 1391.0772467783122
3248.0 1390.0
3260.621417655854 1396.470964873771
3260.0 1396.0
3233.9306297545445 1376.0388937266034
3208.0 1352.0
3207.6560633259696 1341.123460219814
3220.0 1340.0
3227.1951169415793 1340.9672653941404
3230.0 1340.0
3232.5634689077137 1335.507478203625
3234.0 1332.0
3232.8010074275653 1333.2528217913605
3230.0 1334.0
3227.2325013820237 1329.4812346309338
3226.0 1326.0
3226.5189870443396 1329.822239684906
3224.0 1336.0
3214.4415504406193 1338.2298066294443
3202.0 1336.0
3192.214811193183 1330.7585337973173
3188.0 1326.0
3190.199204786649 1324.2360581812875
3194.0 1322.0
3194.4883696602237 1316.297233477533
3192.0 1312.0
3188.3473165724554 1313.57500790858
3186.0 1316.0
3186.372364049954 1313.902734888147
3186.0 1310.0
3181.913227227731 1307.8140525388321
3178.0 1306.0
3178.474727039125 1303.0910549565249
3182.0 1302.0
3186.1878646157725 1304.8217276350686
3190.0 1306.0
3192.7738144977866 1301.3720345032013
3194.0 1300.0
3194.7168773930807 1309.940134352127
3202.0 1322.0
3220.1086759298896 1325.6174280882915
3236.0 1322.0
3237.5984188873613 1315.3401532947078
3234.0 1310.0
3235.7476485206666 1308.7719587328784
3238.0 1308.0
3234.1609870299735 1304.3220117737803
3226.0 1302.0
3217.6084033594416 1304.689994172001
3214.0 1306.0
3218.405399532264 1299.9180115382153
3226.0 1292.0
3231.0199985115073 1288.887959675138
3232.0 1290.0
3229.76460642171 1293.030149761233
3230.0 1296.0
3236.671575801656 1297.241441279931
3242.0 1296.0
3238.7990903716673 1292.2540851190438
3234.0 1288.0
3235.1320627116756 1284.9922182438952
3238.0 1282.0
3237.172658781631 1278.0270419053763
3234.0 1276.0
3230.677302161803 1278.1496141346008
3226.0 1280.0
3219.368132571158 1276.8745015562213
3216.0 1270.0
3219.8501675535645 1262.352379640515
3224.0 1258.0
3221.2311972145835 1259.465979881719
3214.0 1262.0
3207.225043588101 1260.5337008326094
3206.0 1256.0
3213.3686284330115 1251.149216787844
3224.0 1250.0
3231.8004426798534 1254.8694320160153
3236.0 1260.0
3236.929600847576 1259.3730551480955
3234.0 1254.0
3226.9811539298476 1246.888347391603
3218.0 1242.0
3209.8957834330363 1242.0735552854933
3206.0 1244.0
3208.1857123380073 1244.5674314664254
3212.0 1246.0
3212.3613672149336 1250.4067188488066
3208.0 1254.0
3199.6188188022575 1252.8056931383503
3192.0 1248.0
3189.163357576037 1242.370508597794
3188.0 1240.0
3184.7277508935954 1242.9622724704745
3180.0 1244.0
3175.425638849582 1237.0304015203078
3172.0 1230.0
3170.069693708077 1230.6661214482938
3168.0 1232.0
3164.2955863181105 1226.8051126865175
3160.0 1222.0
3156.2479610194814 1224.363427805637
3152.0 1226.0
3146.462569603965 1219.2411760909347
3142.0 1212.0
3140.401760564661 1212.4218678306247
3138.0 1214.0
3131.4303881373926 1209.5713525865665
3124.0 1204.0
3119.8766868857683 1203.2927218231089
3120.0 1206.0
3123.812864319533 1209.5077601209978
3128.0 1214.0
3129.6218558361 1219.9262376928996
3130.0 1226.0
3130.699712336065 1230.7872891074041
3130.0 1234.0
3126.5792948196395 1235.9246058774852
3124.0 1238.0
3125.4831083853805 1241.0142873826555
3128.0 1242.0
3128.488271638841 1239.018244591893
3130.0 1238.0
3135.063805059258 1244.1627342497734
3138.0 1252.0
3133.756508124131 1255.080818409014
3128.0 1254.0
3126.6601624442196 1251.0139921141706
3126.0 1248.0
3122.102842098993 1246.6132131343036
3120.0 1248.0
3124.4284691598127 1252.783155348615
3130.0 1260.0
3130.4332812617595 1267.7541654712365
3126.0 1272.0
3118.588405793151 1270.20018276644
3110.0 1268.0
3101.963095565635 1270.4451034630038
3096.0 1272.0
3092.809211944308 1267.5194033815449
3090.0 1264.0
3085.300056657133 1267.9772830108166
3080.0 1272.0
3075.7405614271606 1268.571464575189
3072.0 1264.0
3067.9876976342257 1265.236858688428
3064.0 1268.0
3060.808648035936 1266.9811006710997
3060.0 1264.0
3062.27771022203 1261.8387386271738
3064.0 1260.0
3062.0805110759457 1257.4139448202056
3060.0 1254.0
3061.650245474187 1250.505482092004
3066.0 1250.0
3070.8185070273066 1254.3141268117788
3074.0 1258.0
3074.0757264165877 1255.7380106608814
3072.0 1250.0
3070.6285873063434 1244.9838305446967
3078.0 1244.0
3098.1599243580395 1248.0766671603326
3114.0 1250.0
3110.231715261499 1243.4595008139738
3100.0 1234.0
3098.6632145959634 1228.5853295837721
3102.0 1228.0
3102.615426354649 1231.1991808509376
3100.0 1236.0
3095.3750799854424 1239.867947012478
3090.0 1240.0
3084.384253703584 1234.829031099151
3076.0 1228.0
3063.5879052002238 1223.8159285909178
3054.0 1224.0
3053.0141254955247 1228.6572545371776
3054.0 1234.0
3050.1055928176793 1236.805053260372
3046.0 1240.0
3047.3135032337595 1246.372532421335
3052.0 1252.0
3056.390394247282 1252.9548170542887
3058.0 1252.0
3055.8749197771144 1252.8081993615103
3054.0 1256.0
3055.8599266442643 1261.06238549967
3058.0 1266.0
3056.1853736458306 1268.1922586398107
3050.0 1264.0
3040.648578772415 1252.168579941088
3032.0 1242.0
3027.2203112645097 1241.6334215958382
3024.0 1244.0
3019.9701761695474 1241.2977336755598
3018.0 1238.0
3020.648984057302 1239.6756437019228
3024.0 1244.0
3023.683887601245 1247.2496915167494
3020.0 1248.0
3014.615465537719 1246.3255902310796
3010.0 1246.0
3007.8542502478817 1249.9479475589328
3006.0 1254.0
3002.217533470755 1253.3826195331903
2998.0 1248.0
2995.025615869098 1239.5215743083068
2992.0 1232.0
2987.6800030528534 1229.0310832335826
2984.0 1230.0
2982.7543719194896 1232.854092757363
2982.0 1234.0
2979.8025092691887 1231.3025457369656
2978.0 1230.0
2978.2855910037565 1234.9357242947747
2978.0 1242.0
2974.5551267157857 1245.9545570839364
2970.0 1246.0
2966.7439021331006 1243.2460473694805
2964.0 1242.0
2960.969264751812 1245.3112534381428
2960.0 1248.0
2963.3790388596526 1245.7589388779495
2970.0 1246.0
2977.764579809579 1255.4029910500608
2984.0 1266.0
2986.562641902034 1269.3790969218085
2986.0 1270.0
2983.484852582285 1273.3306212627058
2980.0 1276.0
2976.4979477688253 1274.2984180273686
2974.0 1272.0
2973.523356342416 1273.4757066278205
2976.0 1278.0
2981.6586268615147 1283.2987554613492
2988.0 1286.0
2992.5921362115278 1284.3292715267823
2996.0 1284.0
2999.4728282923747 1289.8841584315214
3004.0 1296.0
3010.0165506189733 1296.1340947471326
3016.0 1294.0
3019.9609692317326 1294.5794625799488
3020.0 1298.0
3015.3895724540967 1303.298054933072
3010.0 1310.0
3007.9807409518826 1317.728317687763
3010.0 1326.0
3014.687463738375 1333.7886743158772
3016.0 1338.0
3009.269404094619 1337.3669850487292
3000.0 1340.0
2994.234919883152 1351.9933854892065
2990.0 1362.0
2984.540916372777 1359.409472994445
2980.0 1354.0
2978.601414625743 1356.368722533014
2978.0 1360.0
2975.803425124254 1357.3656368734994
2974.0 1354.0
2974.1848848772456 1355.918729972989
2972.0 1358.0
2963.957035366766 1354.9594432345448
2956.0 1352.0
2953.9869736556943 1354.7434970888328
2954.0 1360.0
2951.34507001046 1363.0665684101252
2948.0 1362.0
2946.3827463024645 1356.7402292706665
2944.0 1352.0
2938.623944779682 1351.722514507208
2934.0 1352.0
2933.371474578809 1348.6197127005019
2932.0 1344.0
2925.640156905082 1341.548634690785
2920.0 1342.0
2920.5678978008627 1344.935748536358
2922.0 1348.0
2919.0882518914686 1349.208371163783
2918.0 1350.0
2924.829094633264 1352.2307668085105
2934.0 1356.0
2938.595369575475 1360.8685616021767
2938.0 1366.0
2933.7894270648367 1370.2949867827845
2930.0 1372.0
2929.2469221651804 1370.201491266687
2926.0 1368.0
2915.972884274444 1368.6490481504684
2908.0 1372.0
2910.361540737045 1376.9523161314403
2916.0 1382.0
2916.3309527773786 1385.7916873237707
2912.0 1388.0
2905.8146481534413 1388.6309345734774
2900.0 1388.0
2896.4104546088556 1386.4345743823205
2896.0 1384.0
2898.543533411136 1380.6307678972414
2900.0 1376.0
2896.415411746599 1370.5423540287145
2888.0 1368.0
2876.2948196024668 1370.9498159879004
2864.0 1374.0
2853.1553098435365 1372.1583820196834
2842.0 1370.0
2829.333941023387 1372.1666559333664
2820.0 1374.0
2818.0089260629134 1370.6749942468516
2818.0 1366.0
2814.630354724959 1364.3833670792271
2812.0 1364.0
2814.4696550372514 1362.2915374362392
2818.0 1360.0
2817.741025126037 1358.2004831758156
2814.0 1356.0
2808.3162444586005 1352.9065298604983
2802.0 1352.0
2796.243997039561 1355.4233973821915
2792.0 1358.0
2789.9577673831573 1355.3998806107359
2790.0 1354.0
2791.674933427811 1359.727080174866
2794.0 1366.0
2796.3424989055993 1365.9417986898009
2800.0 1364.0
2805.705070949793 1366.0057250659306
2810.0 1372.0
2810.0872172952313 1380.2853010464773
2810.0 1388.0
2813.946059869285 1393.1030707481614
2820.0 1398.0
2824.378543227629 1405.0524159608785
2822.0 1412.0
2810.0397672202 1415.9372654083245
2796.0 1416.0
2787.4623878915713 1412.698522405824
2782.0 1410.0
2776.6106812135154 1411.51864496838
2776.0 1416.0
2783.5948872543704 1421.4768977206568
2790.0 1428.0
2786.7597697690076 1435.3237641489936
2782.0 1440.0
2785.1160336696007 1439.7280456833696
2794.0 1440.0
2803.5260955525914 1445.7640531175286
2808.0 1452.0
2803.7795841200373 1453.465741846517
2796.0 1454.0
2790.8555679672622 1458.1229794964042
2790.0 1464.0
2793.5481440109124 1468.792340167865
2800.0 1472.0
2807.4518559890876 1473.7076598321348
2814.0 1474.0
2814.0 1474.0
