2814.0 1474.0
2814.9980906229366 1474.2072160225612
2815.9972227242724 1474.321607143927
2816.9971880083262 1474.3506272332268
2817.997778179418 1474.3017301595864
2818.998784941869 1474.182369792135
2820.0 1474.0
2821.0012150581306 1473.7620746523094
2822.002221820582 1473.4760476181914
2823.0028119916738 1473.1493727667735
2824.0027772757276 1472.789503967184
2825.0019093770616 1472.4038950885495
2826.0 1472.0
2826.9970491445397 1471.587077960793
2827.9938899933995 1471.181609790714
2828.9915640249787 1470.8018816996791
2829.9911127176724 1470.4661798976044
2830.9935775498802 1470.1927905944058
2832.0 1470.0
2833.01058836371 1469.8988727637768
2834.0222182058183 1469.8715872930256
2835.030931908412 1469.893100434509
2836.032771853582 1469.9383690349905
2837.023780423415 1469.982349941233
2838.0 1470.0
2838.9605974006195 1469.974838391506
2839.917237183328 1469.9246336297756
2840.8847083413716 1469.875716562284
2841.8777998680007 1469.854418036507
2842.91130075646 1469.8870688999202
2844.0 1470.0
2845.1470220338115 1470.2110329294567
2846.3088330608716 1470.5039522619452
2847.430234726099 1470.854033316354
2848.4560286744168 1471.2365514115736
2849.3310165507432 1471.6267818664924
2850.0 1472.0
2850.423536686355 1472.329178038814
2850.625208350965 1472.578075840962
2850.6443527542306 1472.7081501722987
2850.5203076565567 1472.6808577986808
2850.2924108183447 1472.4576554859625
2850.0 1472.0
2849.6773497392865 1471.2870697301018
2849.33848168342 1470.3689295593929
2848.992354256979 1469.3133659944504
2848.647925884544 1468.1881655418522
2848.314154990691 1467.061114708176
2848.0 1466.0
2847.7096569490936 1465.0595800778146
2847.428272322765 1464.242502217763
2847.1362302178536 1463.5383858499001
2846.8139147311967 1462.9368504042814
2846.4417099596326 1462.427515310963
2846.0 1462.0
2845.474763205083 1461.6412766253054
2844.8743549514484 1461.3277282362221
2844.212724871609 1461.0330906059498
2843.5038225980793 1460.7310995076887
2842.7615977633714 1460.3954907146385
2842.0 1460.0
2841.2338828231686 1459.5234615691115
2840.481715278851 1458.9651033558678
2839.7628702957113 1458.329251726301
2839.096720802413 1457.6202330464457
2838.5026397276206 1456.842373682334
2838.0 1456.0
2837.5989647615006 1455.0982104315817
2837.272858007222 1454.1451916736416
2836.985793945548 1453.1499024888458
2836.7018867848624 1452.1213016398624
2836.3852507335514 1451.068347889358
2836.0 1450.0
2835.527665538235 1448.9262892971535
2835.0194452848546 1447.8615373569746
2834.5439539221 1446.821138318316
2834.169806132212 1445.820486320032
2833.965616597432 1444.874975500975
2834.0 1444.0
2834.318150863336 1443.205891639063
2834.871583075582 1442.482732972536
2835.588390366052 1441.8155442378911
2836.3966664640666 1441.1893456726045
2837.224505098943 1440.5891575141493
2838.0 1440.0
2838.66269397138 1439.4075515540007
2839.197926116523 1438.800123345476
2839.602484613692 1438.1666847301192
2839.873157641152 1437.4962050636252
2840.0067333771667 1436.777653701687
2840.0 1436.0
2839.855147325217 1435.1546428856743
2839.5959717175865 1434.242699571487
2839.2516711791795 1433.2677168416317
2838.851443712066 1432.2332414803031
2838.424487318316 1431.1428202716945
2838.0 1430.0
2837.6111611721967 1428.8164694958955
2837.3070759020197 1427.6364857759847
2837.140830669589 1426.5124479033536
2837.1655119550287 1425.4967549410885
2837.434206238458 1424.6418059522753
2838.0 1424.0
2838.885393171181 1423.597997649263
2839.9905394891507 1423.3595054727239
2841.1850061424625 1423.1824915449545
2842.338360319672 1422.9649239405287
2843.3201692093326 1422.6047707340192
2844.0 1422.0
2844.2917105875226 1421.0878362033484
2844.2863216969345 1419.9625293701586
2844.11914476056 1418.7575859168298
2843.925491210729 1417.6065122597615
2843.840672479766 1416.6428148153518
2844.0 1416.0
2844.503320034282 1415.772879759566
2845.3086181675576 1415.9014881577536
2846.3384148152977 1416.2871647877264
2847.5152303929713 1416.8312492426492
2848.7615853160487 1417.4350811156855
2850.0 1418.0
2851.1672314975713 1418.4502743880169
2852.2569834106134 1418.801888369198
2853.277195978251 1419.0937549322648
2854.2358094396104 1419.3647870659397
2855.1407640338184 1419.653897758944
2856.0 1420.0
2856.818494716173 1420.4352819476258
2857.589374115916 1420.9650324395293
2858.3028012717004 1421.5878154832142
2858.9489392559954 1422.3021950861848
2859.517951141272 1423.1067352559453
2860.0 1424.0
2860.392122971071 1424.975264488146
2860.718853459057 1426.0046485393518
2861.0115989349497 1427.0549831348787
2861.301766869743 1428.0930992559884
2861.6207647344286 1429.0858278839414
2862.0 1430.0
2862.4648652513956 1430.802548988679
2863.016693529339 1431.4608178475085
2863.6508029885017 1431.9422519772716
2864.3625117835522 1432.2142967787524
2865.1471380691614 1432.2443976527338
2866.0 1432.0
2866.9150826900136 1431.4719469645447
2867.881039090252 1430.744672663207
2868.8851891110435 1429.9260089560346
2869.9148526627146 1429.123787703077
2870.957349655591 1428.4458407643824
2872.0 1428.0
2873.032211395959 1427.8652187086961
2874.0517427022446 1428.004935944108
2875.0584405673235 1428.3537121985896
2876.052151639665 1428.846107964496
2877.0327225677343 1429.416683734181
2878.0 1430.0
2878.9560717261515 1430.5394004228924
2879.9119901007716 1431.0133613381395
2880.8810486196617 1431.4091422496074
2881.8765407786273 1431.7140026611623
2882.9117600734717 1431.915202076671
2884.0 1432.0
2885.143501699434 1431.9679203404753
2886.3002968946726 1431.8675446292611
2887.417364954031 1431.759718802982
2888.441685245828 1431.7052887982627
2889.320237138378 1431.7651005517273
2890.0 1432.0
2890.4514029575935 1432.450029326319
2890.7386741723926 1433.0720157003732
2890.949491564215 1433.8019825384654
2891.171533052879 1434.5759532568989
2891.492476558201 1435.3299512719761
2892.0 1436.0
2892.7545901738963 1436.5282586505466
2893.707969378721 1436.8814296062849
2894.7846687891097 1437.0323510431572
2895.909219579696 1436.9538611371058
2897.0061529251143 1436.6187980640725
2898.0 1436.0
2898.8357919023774 1435.094343478902
2899.540559423834 1433.9948584670797
2900.161833279347 1432.8186132889055
2900.7471441838943 1431.6826762687524
2901.3440228524523 1430.704115730993
2902.0 1430.0
2902.7448348091866 1429.6591822486603
2903.5372003333514 1429.6576550439154
2904.3179980935047 1429.943195801221
2905.0281296106564 1430.4635819360333
2905.608496405818 1431.1665908638076
2906.0 1432.0
2906.1663503423565 1432.9078164153466
2906.162491094613 1433.818965801705
2906.066174346637 1434.6586035062116
2905.9551521882972 1435.351884876005
2905.9071767094624 1435.823965258222
2906.0 1436.0
2906.2842082658317 1435.8299224603236
2906.7017241770864 1435.3627780455624
2907.167304519948 1434.672390173933
2907.5957060805995 1433.8325822636518
2907.901685645222 1432.9171777329352
2908.0 1432.0
2907.8264462239486 1431.1428641137295
2907.400982567413 1430.3595516456755
2906.764607573571 1429.6518357980565
2905.9583197856036 1429.021489773092
2905.0231177466867 1428.470286773
2904.0 1428.0
2902.928525356894 1427.607880344018
2901.842493701413 1427.27308944581
2900.7742651857675 1426.9702666338403
2899.7561999621744 1426.674051236573
2898.8206581828467 1426.3590825824715
2898.0 1426.0
2897.3113042003242 1425.5830219176069
2896.7105241084196 1425.1406831636777
2896.1383316833585 1424.7170976665825
2895.535398884219 1424.3563793546912
2894.842397670074 1424.1026421563736
2894.0 1424.0
2892.974405989955 1424.069291244814
2891.833928383429 1424.238251973554
2890.672408080797 1424.4113426998304
2889.583685982432 1424.493023937256
2888.661602988708 1424.3877561994418
2888.0 1424.0
2887.670701469486 1423.2694427327667
2887.6574660615684 1422.2766793124786
2887.9220359934543 1421.1375315340963
2888.42615348235 1419.9678211925816
2889.1315607454626 1418.8833700828957
2890.0 1418.0
2890.981677020989 1417.4084933796748
2891.9806518147416 1417.0994752209776
2892.889447945387 1417.038531163785
2893.600588977058 1417.1912468479734
2894.006598473885 1417.5232079134196
2894.0 1418.0
2893.513701557668 1418.5780652300155
2892.6421489016884 1419.1772716554638
2891.520172224998 1419.7083438107647
2890.2826017205302 1420.0820062303403
2889.0642675812187 1420.2089834486117
2888.0 1420.0
2887.194998229822 1419.3996160706336
2886.63593776369 1418.4877344534661
2886.279863154622 1417.3780935931584
2886.083818955639 1416.1844319343709
2886.0048497197586 1415.0204879217645
2886.0 1414.0
2886.0303795971186 1413.2031001170806
2886.073359302812 1412.5754942343776
2886.1103751565133 1412.029281816604
2886.1228631976564 1411.4765623284748
2886.092259465674 1410.8294352347016
2886.0 1410.0
2885.8408907891103 1408.9361316091927
2885.663217617655 1407.7288071275436
2885.5286362193247 1406.5047791404259
2885.49880232781 1405.3908002332137
2885.635371676805 1404.5136229912803
2886.0 1404.0
2886.6338350242163 1403.9320030757783
2887.4959924487903 1404.2129809591534
2888.52507996619 1404.701601621693
2889.6597052688803 1405.2565330349678
2890.8384760493286 1405.736443170547
2892.0 1406.0
2893.0959913362476 1405.9469671988045
2894.1305903649613 1405.641491258067
2895.1210439159167 1405.1888143728029
2896.084598818892 1404.694178738027
2897.0385019036607 1404.2628265487544
2898.0 1404.0
2898.9821996307955 1403.9838318327083
2899.9816460913667 1404.1840169715426
2900.990744370143 1404.543140887096
2902.001899455555 1405.0037890499614
2903.0075163360307 1405.5085469307317
2904.0 1406.0
2904.975210140572 1406.4325202851776
2905.9428252695743 1406.8076260409482
2906.915978603511 1407.1386220788138
2907.9078033588903 1407.4388132102765
2908.931432752218 1407.7215042468379
2910.0 1408.0
2911.116959806917 1408.2768277673224
2912.2470528303397 1408.511404790591
2913.3453412158137 1408.6523707976498
2914.3668871088853 1408.6483655163415
2915.2667526550986 1408.4480286745106
2916.0 1408.0
2916.5384321132433 1407.2749834603483
2916.920815260921 1406.3319399818738
2917.2026565332335 1405.2518947305887
2917.439463020384 1404.1158728725059
2917.686741812572 1403.0048995736388
2918.0 1402.0
2918.423756184555 1401.1695346875808
2918.9585750148667 1400.5312056522857
2919.5940326512514 1400.0900502799973
2920.319705254025 1399.8511059565983
2921.125168983502 1399.8194100679714
2922.0 1400.0
2922.9332098152045 1400.380211122662
2923.9115513462793 1400.876570742318
2924.921212861762 1401.3879041494238
2925.9483826301853 1401.8130366344355
2926.979248920087 1402.0507934878087
2928.0 1402.0
2929.0008119620366 1401.5966578588082
2929.987812192609 1400.9254743414062
2930.9711159017033 1400.1083331223087
2931.9608382993083 1399.2671178760315
2932.9670945954117 1398.52371227709
2934.0 1398.0
2935.06354233665 1397.7794537384011
2936.137199883287 1397.7919022624292
2937.194323531426 1397.9287633613433
2938.208264172582 1398.0814548244034
2939.152372698268 1398.1413944408691
2940.0 1398.0
2940.7357594321056 1397.581823483884
2941.3893142001707 1396.9439536459163
2942.001589972593 1396.1766134323204
2942.613512417773 1395.3700257893204
2943.266007204109 1394.614413663139
2944.0 1394.0
2944.84527178678 1393.5969560297679
2945.787024797514 1393.3952461168706
2946.7993165782027 1393.3647829093761
2947.8562046748466 1393.4754790553538
2948.9317466334455 1393.697247202872
2950.0 1394.0
2951.0405608281835 1394.3544264711188
2952.0551792023684 1394.7343211458622
2953.0511437145974 1395.1142549301758
2954.035742956916 1395.4687987300056
2955.016265521368 1395.7725234512986
2956.0 1396.0
2956.992484900485 1396.1334862339045
2957.9922583930147 1396.1859878182
2958.9961085634095 1396.1781973699212
2960.000823497491 1396.1308075061047
2961.003191281081 1396.0645108437857
2962.0 1396.0
2962.989499569877 1395.9542211858554
2963.975787225575 1395.9291349887465
2964.9644220317655 1395.92295559014
2965.960963053119 1395.9338971715024
2966.970969354307 1395.9601739143
2968.0 1396.0
2969.0495168200073 1396.0496290226736
2970.1045927046857 1396.0974722268143
2971.1462033095295 1396.1299802695191
2972.155324290034 1396.1336038078866
2973.1129313016922 1396.0947934990143
2974.0 1396.0
2974.8031738908358 1395.8380034641903
2975.53176788161 1395.6069020299226
2976.2007647301184 1395.3071233317837
2976.8251471941567 1394.9390950043594
2977.419898031518 1394.503244682236
2978.0 1394.0
2978.5803802092446 1393.4316904538994
2979.175743176285 1392.8082529868295
2979.8007377699996 1392.1415264033474
2980.4700128592704 1391.4433495080102
2981.1982173129772 1390.7255611053756
2982.0 1390.0
2982.8845645314454 1389.277827312805
2983.8393334873276 1388.5674934301674
2984.8462841898845 1387.8767710548273
2985.8873939613563 1387.2134328895256
2986.944640123981 1386.585251637003
2988.0 1386.0
2989.0387690723796 1385.4662595541397
2990.059515466999 1384.995847366576
2991.0641254704633 1384.601389377344
2992.054485369381 1384.2955115264801
2993.032481450358 1384.09083975402
2994.0 1384.0
2994.960359179037 1384.0238011373024
2995.9226046446797 1384.1157837701962
2996.8972139282637 1384.217671435797
2997.8946645611227 1384.271187671221
2998.9254340745897 1384.2180560135835
3000.0 1384.0
3001.1197942114754 1383.5866840447993
3002.2500659542848 1383.0595360711584
3003.3470188164843 1382.527924879468
3004.3668563861324 1382.1012192701178
3005.265782251285 1381.8887880434986
3006.0 1382.0
3006.5419454565454 1382.5090923131313
3006.9289833900366 1383.349775648875
3007.2147108058007 1384.4206290463324
3007.4527247091646 1385.6202315446046
3007.696622105456 1386.8471621827937
3008.0 1388.0
3008.406868406788 1388.9973170730461
3008.9228893744585 1389.8376576296384
3009.5441379603135 1390.5395589352029
3010.266689221654 1391.1215582551667
3011.086618215782 1391.602192854957
3012.0 1392.0
3012.99724758297 1392.3349727280172
3014.046125778797 1392.6329271659058
3015.1087373529476 1392.9211352128568
3016.1471850708876 1393.2268687680619
3017.1235716980823 1393.5773997307126
3018.0 1394.0
3018.75228940948 1394.5146438667373
3019.4111260288723 1395.1121151882214
3020.020912627897 1395.775900213371
3020.626051976278 1396.489485191105
3021.270946843738 1397.2363563703418
3022.0 1398.0
3022.845446630959 1398.763859212442
3023.790851587197 1399.5112046738025
3024.807612135466 1400.2252639336605
3025.86712554252 1400.8892645415935
3026.940789075114 1401.4864340471806
3028.0 1402.0
3029.0233314740913 1402.4206600242362
3030.018060214936 1402.768992042495
3030.9986388302414 1403.0730440519887
3031.979519927716 1403.3608640499297
3032.975156115066 1403.6605000335294
3034.0 1404.0
3035.0612274726764 1404.396093283207
3036.13690755306 1404.8202345636257
3037.197832543568 1405.2325598583855
3038.214794746617 1405.5932051846153
3039.1585864646217 1405.8623065594434
3040.0 1406.0
3040.7224993759446 1405.9764483244187
3041.3602354987497 1405.8019215548554
3041.9600309954867 1405.4967165144706
3042.568708493227 1405.0811300264256
3043.233090619041 1404.575458913882
3044.0 1404.0
3044.9006268753988 1403.3740393450453
3045.903631933424 1402.7128199576955
3046.9620434744857 1402.0305740837337
3048.0288897989963 1401.3415339689423
3049.0571992073637 1400.6599318591034
3050.0 1400.0
3050.823141270609 1399.3699868879944
3051.543755286075 1398.7542060217713
3052.19179510657 1398.1309871505953
3052.797213792272 1397.478660023732
3053.3899644033568 1396.775554390445
3054.0 1396.0
3054.649400634756 1395.1460131029776
3055.328754329688 1394.2703559552199
3056.020776099236 1393.445477313885
3056.708180957844 1392.743825936132
3057.373683919951 1392.237850579117
3058.0 1392.0
3058.569996931109 1392.082997737133
3059.0671533211034 1392.4606664536461
3059.4751004964864 1393.0871035938646
3059.777469783762 1393.916406602113
3059.957892509432 1394.9026729227164
3060.0 1396.0
3059.9039449741435 1397.16088483738
3059.7359657192337 1398.331422674641
3059.578821914818 1399.4561083106578
3059.515273240443 1400.479436544306
3059.6280793756546 1401.3459021744616
3060.0 1402.0
3060.6845935426895 1402.4123518022352
3061.6186134315926 1402.6580872922352
3062.709611844241 1402.8384631635056
3063.8651409581703 1403.0547361095526
3064.992752950912 1403.4081628238819
3066.0 1404.0
3066.8206438180623 1404.893411657382
3067.493284258103 1405.9991911193815
3068.082730708218 1407.1900390353205
3068.6537925565085 1408.3386560545216
3069.271279191069 1409.3177428263073
3070.0 1410.0
3070.884683036913 1410.301038605273
3071.88973101748 1410.3081111932026
3072.959465322886 1410.1513806952134
3074.038207334317 1409.9610100427326
3075.07027843296 1409.867162167186
3076.0 1410.0
3076.788772182434 1410.4487302178215
3077.466310190498 1411.1387344781806
3078.0794080002397 1411.954438183827
3078.6748595877057 1412.7802667375124
3079.2994589289437 1413.5006455419864
3080.0 1414.0
3080.8120800852043 1414.1910775604783
3081.7265097020113 1414.0999138570398
3082.7229026761574 1413.7808665694793
3083.7808728333803 1413.28829337759
3084.880033999415 1412.6765519611658
3086.0 1412.0
3087.1203148841564 1411.3147373180448
3088.2202435940508 1410.6838323158831
3089.278981295131 1410.1720955382566
3090.2757231528494 1409.8443375299064
3091.1896643326554 1409.7653688355738
3092.0 1410.0
3092.69740111891 1410.5870102043802
3093.3184418477144 1411.4610531757241
3093.9111721433196 1412.5307512774946
3094.523641962632 1413.7047268731553
3095.2039012625564 1414.8916023261693
3096.0 1416.0
3096.941932492057 1416.9575922348051
3097.987470496576 1417.7682512775175
3099.0763301315924 1418.4548993517658
3100.1482275151443 1419.0404586811771
3101.1428787652676 1419.5478514893791
3102.0 1420.0
3102.6830170610106 1420.4159541897336
3103.2501946845036 1420.7992750475396
3103.783507330312 1421.1496513154432
3104.364929458274 1421.466771735471
3105.0764355282245 1421.7503250496477
3106.0 1422.0
3107.1778511157518 1422.211924339594
3108.4932322468944 1422.367981865658
3109.78964054716 1422.4464953864613
3110.910573170279 1422.4257877102737
3111.6995272699814 1422.2841816453633
3112.0 1422.0
3111.716689587094 1421.5604225259651
3110.999098550142 1420.9880567490882
3110.0579304810494 1420.3143671387113
3109.103888971724 1419.5708181641764
3108.3476776140715 1418.7888742948253
3108.0 1418.0
3108.2146497951317 1417.2315707417313
3108.917780959947 1416.494605952805
3109.9786375286444 1415.796036058694
3111.2664635354213 1415.1427914848737
3112.6505030144735 1414.5418026568177
3114.0 1414.0
3115.2117482694193 1413.522553766369
3116.292740573036 1413.1075935137678
3117.277519404376 1412.751488626513
3118.200627256966 1412.4506084889224
3119.096606624332 1412.2013224853124
3120.0 1412.0
3120.9290978679337 1411.8356216002
3121.837182673838 1411.667612584717
3122.661284853855 1411.4480094352534
3123.338434844126 1411.1288486335113
3123.805663080794 1410.6621666611925
3124.0 1410.0
3123.8774158144033 1409.1164413143124
3123.469639842727 1408.0738079992157
3122.8273411802084 1406.9564736324735
3122.0011889220887 1405.8488117918482
3121.041852163606 1404.8351960551026
3120.0 1404.0
3118.922349985565 1403.4023168462545
3117.8398135108127 1403.0001183813831
3116.779350425313 1402.726096034854
3115.7679205786326 1402.512941236135
3114.8324838203384 1402.2933454146944
3114.0 1402.0
3113.2850360951898 1401.5798468562255
3112.652587595504 1401.0368295863636
3112.0552571185417 1400.3891422281117
3111.445647281903 1399.6549788191687
3110.7763607031893 1398.8525333972323
3110.0 1398.0
3109.094913041083 1397.1116290621776
3108.1424286997662 1396.1858966064974
3107.2496211005246 1395.2173350526996
3106.5235643678334 1394.2004768205243
3106.0713326261666 1393.129854329711
3106.0 1392.0
3106.381608036776 1390.8162294876574
3107.148067975804 1389.6269913950555
3108.1962584793623 1388.4915175610904
3109.4230582097302 1387.4690398246612
3110.725345829183 1386.618790024665
3112.0 1386.0
3113.1656918488516 1385.65123076497
3114.2282623599817 1385.5283600355046
3115.215344982025 1385.566594702939
3116.154573163619 1385.7011416586095
3117.0735803533985 1385.867207793851
3118.0 1386.0
3118.9556245678173 1386.0510696746844
3119.9388825842707 1386.037346240705
3120.9423615925384 1385.9921036271535
3121.958649135797 1385.9486157631238
3122.9803327572245 1385.9401565777082
3124.0 1386.0
3125.01180987988 1386.1537497955508
3126.0162073029373 1386.3963290757504
3127.0152086478256 1386.7149907884466
3128.0108302931967 1387.0969878814878
3129.0050886177037 1387.5295733027228
3130.0 1388.0
3130.9971359126644 1388.491338550519
3131.9962882039817 1388.9699300488865
3132.996803816163 1389.3979332190604
3133.998029691419 1389.7375067849985
3134.9993127719604 1389.950809470659
3136.0 1390.0
3136.9996464694627 1389.8623774838543
3137.9986398811366 1389.5758025805558
3138.9975760875245 1389.1932763353122
3139.997050941129 1388.767799793333
3140.997660294453 1388.3523739998259
3142.0 1388.0
3143.0042782094847 1387.753595958508
3144.009152271472 1387.61574851778
3145.0128918337396 1387.5789614396908
3146.013766544065 1387.6357384861149
3147.0100460502263 1387.778583418926
3148.0 1388.0
3148.983240692599 1388.2899053487808
3149.9647510329764 1388.6278700149915
3150.9508565775177 1388.9908779059256
3151.947882882611 1389.3559129288765
3152.9621555046424 1389.6999589911366
3154.0 1390.0
3155.0627590201175 1390.2441900537772
3156.1318435966227 1390.4653640148472
3157.183681856189 1390.7075269366076
3158.1947019254912 1391.0146838724554
3159.1413319312037 1391.4308398757871
3160.0 1392.0
3160.7564639676707 1392.75185295463
3161.4338005064596 1393.658822073768
3162.064415997727 1394.6790143476442
3162.680716822833 1395.770536766488
3163.3151093631377 1396.8914963205302
3164.0 1398.0
3164.7539777017946 1399.053953683259
3165.5403617849493 1400.0104588011923
3166.308654152905 1400.8264156728164
3167.0083567091046 1401.4587246171482
3167.5889713569886 1401.8642859532038
3168.0 1402.0
3168.209106706633 1401.83788786789
3168.2566042055964 1401.4104538325744
3168.2009673906527 1400.7653229610903
3168.1006711555638 1399.950120320475
3168.0141903940926 1399.0124709777658
3168.0 1398.0
3168.1040399161184 1396.955605956292
3168.322110281555 1395.9032814240657
3168.6374762844853 1394.8622924828223
3169.0334031130856 1393.851905212063
3169.4931559555316 1392.8913856912884
3170.0 1392.0
3170.54140029556 1391.1915401587933
3171.1216213348516 1390.4579019526436
3171.7491274714084 1389.7855071076199
3172.432383058763 1389.160777349792
3173.179852450449 1388.5701344052286
3174.0 1388.0
3174.8970255683084 1387.4449000752004
3175.8580710457063 1386.9317774320261
3176.8660138298833 1386.4956790866975
3177.903731318531 1386.1716520554367
3178.954100909339 1385.9947433544635
3180.0 1386.0
3181.027904838613 1386.2047854663306
3182.038687074917 1386.5557290599938
3183.0368172090593 1386.98177654559
3184.0267657411887 1387.4118736877224
3185.0130031714525 1387.7749662509916
3186.0 1388.0
3186.991355077239 1388.0415136150327
3187.987180654627 1387.9564174391119
3188.98671733388 1387.8272147309422
3189.989205716715 1387.7364087492301
3190.9938864048486 1387.7665027526807
3192.0 1388.0
3193.0066748524296 1388.4902711846496
3194.0125903065764 1389.174156739116
3195.0163134554236 1389.9593645306413
3196.0164113919545 1390.7536024264687
3197.0114512091523 1391.4645782938408
3198.0 1392.0
3198.981945513043 1392.2936979426656
3199.9624581190687 1392.3839926414632
3200.9480288444274 1392.3353271464937
3201.9451487154693 1392.212144507859
3202.960308758543 1392.0788877756604
3204.0 1392.0
3205.0655430954002 1392.0201222298726
3206.1375772171514 1392.104687509847
3207.191571166869 1392.1993268833849
3208.202993746171 1392.2496713939483
3209.147313756676 1392.2013520849994
3210.0 1392.0
3210.7466228460967 1391.6072946193253
3211.413158938255 1391.0491091710019
3212.0356864881 1390.3673653199685
3212.650283707256 1389.6039847311638
3213.2930288073476 1388.8008890695282
3214.0 1388.0
3214.7905581128066 1387.2451437372704
3215.617194437239 1386.5877646950357
3216.4156828807345 1386.0812118367433
3217.1217973507332 1385.7788341258413
3217.6713117546756 1385.7339805257775
3218.0 1386.0
3218.0726261841573 1386.606574876038
3217.9699151646437 1387.488720937746
3217.8015819889647 1388.5577873330599
3217.677341704626 1389.7251232099163
3217.706909359136 1390.902077716251
3218.0 1392.0
3218.6319001135253 1392.9396678696896
3219.5401819412245 1393.679573776204
3220.627989163409 1394.187638831018
3221.798465460391 1394.431784145606
3222.9547545124833 1394.3799308314415
3224.0 1394.0
3224.8627363247033 1393.2829017933523
3225.573060774164 1392.311502475957
3226.186461357402 1391.191657342869
3226.75842608344 1390.029221689143
3227.344442961299 1388.930050809835
3228.0 1388.0
3228.769006439513 1387.31761384579
3229.649056443604 1386.8521940977466
3230.626165406984 1386.5457317975076
3231.6863487243686 1386.3402179867114
3232.8156217904693 1386.177643706996
3234.0 1386.0
3235.2186453246513 1385.7707168975612
3236.423306044015 1385.5389803923165
3237.5588770146633 1385.3754154671017
3238.5702530931626 1385.3506471047533
3239.402329136085 1385.535300288107
3240.0 1386.0
3240.328634484106 1386.78470374915
3240.4354971581142 1387.8066991478029
3240.388326534366 1388.9526063340863
3240.2548611252046 1390.1090454461284
3240.102839442968 1391.162636622057
3240.0 1392.0
3240.003853775965 1392.5349125502837
3240.1310016198267 1392.7897785720288
3240.3878168478727 1392.8141591965536
3240.780672776392 1392.6576155551777
3241.3159427216715 1392.3697087792204
3242.0 1392.0
3242.8318763379625 1391.5941645682342
3243.781237103324 1391.182334712232
3244.810406074146 1390.7907568797002
3245.881707028492 1390.4456775183462
3246.9574637444225 1390.1733430758768
3248.0 1390.0
3248.983455687002 1389.9495402878906
3249.929235152066 1390.0364381345996
3250.8705588555445 1390.272813284646
3251.840647257791 1390.670785482549
3252.8727208191585 1391.242474472827
3254.0 1392.0
3255.234300914031 1392.9317483542768
3256.501822288414 1393.9311720086284
3257.7073585036774 1394.8679899817155
3258.755703940345 1395.6119212921994
3259.551652978944 1396.0326849587404
3260.0 1396.0
3260.033044360579 1395.434577406113
3259.693105323907 1394.461096053109
3259.050007129748 1393.2552267884917
3258.1735740178674 1391.9926404597657
3257.133630228029 1390.8490079144335
3256.0 1390.0
3254.8372253473563 1389.5706827620124
3253.688719378922 1389.483703038196
3252.5926129773334 1389.6111028643174
3251.587037025226 1389.8249242761465
3250.710122405236 1389.9972093094511
3250.0 1390.0
3249.4791653611073 1389.7363952495407
3249.1075727159623 1389.2337214237389
3248.829540960921 1388.5503617542386
3248.589388992343 1387.7446994726859
3248.331435706583 1386.8751178107248
3248.0 1386.0
3247.5516687637705 1385.16892142501
3246.992100868342 1384.3962260816652
3246.339223178983 1383.6874501187278
3245.6109625609615 1383.0481296849625
3244.8252458795446 1382.483800929132
3244.0 1382.0
3243.147492917147 1381.5971783096788
3242.2573571440057 1381.2554483236765
3241.3135663231487 1380.9498377708505
3240.3000940971474 1380.6553743800578
3239.2009141085737 1380.347085880155
3238.0 1380.0
3236.7009521602363 1379.590513484423
3235.3858779630445 1379.1004991421476
3234.1565115284243 1378.5131987978707
3233.1145869763773 1377.811854276289
3232.361838426902 1376.9797074020998
3232.0 1376.0
3232.085735478946 1374.8741010859628
3232.4954273001144 1373.6758884410672
3233.060387563155 1372.4973670376678
3233.6119283677167 1371.4305418481201
3233.981361813448 1370.5674178447791
3234.0 1370.0
3233.5486985165726 1369.7834525420965
3232.7064869105725 1369.8255767232145
3231.6019382189575 1369.9973330514592
3230.3636254786848 1370.1696820349352
3229.1201217267135 1370.2135841817471
3228.0 1370.0
3227.0991000843937 1369.4365331900965
3226.382328761301 1368.5773602216311
3225.781859561018 1367.5133007564962
3225.2298660138426 1366.3351744565846
3224.6585216500707 1365.1338009837882
3224.0 1364.0
3223.2030492940025 1363.0074517345552
3222.282716562746 1362.1612786865583
3221.2706235369737 1361.4494639225572
3220.19839194743 1360.8599905090985
3219.0976435248576 1360.3808415127303
3218.0 1360.0
3216.9312953321905 1359.70032653835
3215.894212395125 1359.4441916988033
3214.885646291088 1359.188843553277
3213.902492122365 1358.891530173689
3212.94164499124 1358.5094996319574
3212.0 1358.0
3211.081028636494 1357.3301310009338
3210.2145079308293 1356.5063989626742
3209.436791298676 1355.5451618643358
3208.7842321557055 1354.462777685034
3208.29318391759 1353.275604403884
3208.0 1352.0
3207.929775307018 1350.6643346431006
3208.0625706963756 1349.345027265316
3208.3671885142107 1348.13050898938
3208.8124311066663 1347.1092109380263
3209.367100819882 1346.3695642339883
3210.0 1346.0
3210.6813516169127 1346.0495674637014
3211.3870611355223 1346.409788272359
3212.094454644481 1346.9328021781444
3212.780858232445 1347.4707489332318
3213.423597988067 1347.8757682897926
3214.0 1348.0
3214.4929663734792 1347.739247353946
3214.9077032800565 1347.163967793398
3215.254992907864 1346.3882822980422
3215.545617445036 1345.5263118475666
3215.790359079703 1344.6921774216567
3216.0 1344.0
3216.1893754817647 1343.5304801575523
3216.3895331516615 1343.230636850347
3216.635573724063 1343.0140686296863
3216.962597913339 1342.7943740468736
3217.4057064338604 1342.4851516532106
3218.0 1342.0
3218.7680502179815 1341.286980163993
3219.6823122614464 1340.4320033237332
3220.702712195886 1339.555443183212
3221.789176086796 1338.7776734464217
3222.9016299996692 1338.2190678173533
3224.0 1338.0
3225.053238461123 1338.191969556846
3226.0664029877407 1338.670979484351
3227.0535774923947 1339.2641586374666
3228.028845887627 1339.7986358711448
3229.0062920859814 1340.1015400403385
3230.0 1340.0
3231.0097366782647 1339.3803267938074
3231.9780017135176 1338.3655602203453
3232.832977834537 1337.1379222669232
3233.5028477701044 1335.8796349208512
3233.915794248998 1334.77292016944
3234.0 1334.0
3233.713370381371 1333.6848714160722
3233.1327012693005 1333.7186314861208
3232.3645111694577 1333.9341522948423
3231.5153185875133 1334.1643059269322
3230.6916420291373 1334.241964467086
3230.0 1334.0
3229.51641142588 1333.3246319863492
3229.194896912986 1332.3154693907275
3228.9589774876335 1331.125468553708
3228.7321741761407 1329.907585815865
3228.438008004824 1328.8147775177713
3228.0 1328.0
3227.3691320632574 1327.5814154533464
3226.606229597277 1327.5380094694885
3225.7995788800085 1327.8139734903255
3225.0374661894048 1328.3534989577568
3224.4081778034183 1329.1007773136819
3224.0 1330.0
3223.868171432201 1330.9978543484135
3223.9357402534642 1332.051011249838
3224.0927069923337 1333.1186374849906
3224.229072177351 1334.1598998345899
3224.234836337059 1335.1339650793534
3224.0 1336.0
3223.445219244977 1336.7234634492952
3222.6137723518304 1337.2949825681972
3221.5795931506595 1337.7114765697124
3220.416615471565 1337.9698646668473
3219.1987731446443 1338.0670660726078
3218.0 1338.0
3216.8787293656687 1337.7749585210724
3215.8313925614375 1337.4357251440401
3214.8389204050304 1337.0354562361597
3213.882243714172 1336.6273081646884
3212.9422933065866 1336.2644372968828
3212.0 1336.0
3211.0398632923484 1335.8711469108596
3210.060657402422 1335.851005744532
3209.0647252292206 1335.896698485649
3208.054409671749 1335.9653471188444
3207.0320536290083 1336.0140736287506
3206.0 1336.0
3204.961817464939 1335.8886019836377
3203.9259778288792 1335.6787703963523
3202.902178678089 1335.3777498212448
3201.900117598834 1334.9927848414168
3200.929492177382 1334.531120039968
3200.0 1334.0
3199.112866847899 1333.4077784879241
3198.2354312820653 1332.767246003394
3197.3265600584277 1332.0923022293723
3196.345119932918 1331.3968468488235
3195.249977661465 1330.6947795447118
3194.0 1330.0
3192.5867151434663 1329.3228766572588
3191.1322970428632 1328.6596529974813
3189.7915810882027 1328.003041261267
3188.719402669497 1327.3457536892158
3188.070597176759 1326.6805025219269
3188.0 1326.0
3188.5958281337917 1325.3007148830413
3189.6798249909284 1324.5941420066824
3191.007115588764 1323.8955327255608
3192.332824944652 1323.2201383943143
3193.4120780759467 1322.5832103675816
3194.0 1322.0
3193.928120469518 1321.4742638105763
3193.333588178612 1320.9637789757905
3192.4299565567444 1320.4148278364914
3191.4307790333783 1319.7736927335275
3190.5496090379756 1318.9866560077473
3190.0 1318.0
3189.9324307288775 1316.7929706153946
3190.245081553885 1315.4766680160822
3190.7730581842607 1314.1951559284748
3191.351466329246 1313.092498078984
3191.8154116980786 1312.3127581940219
3192.0 1312.0
3191.7866010594175 1312.242742616735
3191.2416411614076 1312.9073267376593
3190.4778107062157 1313.8045484496108
3189.607800094087 1314.7452038394265
3188.7442997252665 1315.5400889939438
3188.0 1316.0
3187.458202070491 1315.9860589176667
3187.0846500967828 1315.5606916999486
3186.815698990878 1314.8366502730842
3186.587703664778 1313.9266865633122
3186.337019030484 1312.9435524968712
3186.0 1312.0
3185.5287388067663 1311.1833920829695
3184.9382769699796 1310.4795360921776
3184.2593933302737 1309.8488504580541
3183.522866728285 1309.2517536110302
3182.7594760046495 1308.6486639815353
3182.0 1308.0
3181.278694554296 1307.2803727504563
3180.6437235047833 1306.5211639313425
3180.146727688029 1305.7679478946995
3179.8393479406013 1305.066298992568
3179.773225099069 1304.461791576988
3180.0 1304.0
3180.5509274204946 1303.713635433725
3181.3757178997794 1303.583956330601
3182.4036959176124 1303.5793579631481
3183.5641859537545 1303.668235603884
3184.786512487964 1303.8189845253285
3186.0 1304.0
3187.147225393357 1304.1799003294598
3188.2237752664732 1304.3281959314386
3189.2384886415216 1304.414620252709
3190.2002045406766 1304.4089067400441
3191.1177619861114 1304.280788840217
3192.0 1304.0
3192.850911746819 1303.557503989177
3193.6551069602565 1303.029185869571
3194.392349516302 1302.5121610260164
3195.042403290948 1302.1035448433472
3195.585032160184 1301.9004527063971
3196.0 1302.0
3196.2732016934424 1302.469713343463
3196.415056151763 1303.2587642939816
3196.442113293271 1304.2867356432257
3196.370923036275 1305.4732101828642
3196.218035299082 1306.737770704566
3196.0 1308.0
3195.741466664601 1309.1932722666022
3195.4994832475095 1310.3061273248734
3195.3391973106145 1311.3408964010807
3195.3257564158052 1312.2999107214928
3195.524308124971 1313.1855015123765
3196.0 1314.0
3196.7887094259345 1314.7479383308698
3197.809233080424 1315.4426523324516
3198.9510974642726 1316.0996787524507
3200.103829078282 1316.7345543385718
3201.156954423257 1317.36281583852
3202.0 1318.0
3202.557399335367 1318.657567002511
3202.8932140604256 1319.3306707527274
3203.106412832297 1320.0103885891165
3203.295964308103 1320.6877978501464
3203.560837144963 1321.3539758742847
3204.0 1322.0
3204.685396936303 1322.612534399827
3205.5808736408376 1323.1605905825659
3206.6232512065394 1323.608766891085
3207.749350726344 1323.921661668252
3208.8959932931857 1324.0638732569344
3210.0 1324.0
3211.015827734237 1323.7163694722567
3211.9684765614097 1323.2862261762698
3212.9005823415446 1322.8045438465451
3213.85478093467 1322.3662962175881
3214.8737082008124 1322.0664570239046
3216.0 1322.0
3217.2512921267485 1322.225691414851
3218.545220113525 1322.6574676753194
3219.7744194272836 1323.173057722736
3220.8315255349785 1323.6501904984336
3221.609173903566 1323.9665949437442
3222.0 1324.0
3221.941966721732 1323.6679019053759
3221.554346688197 1323.0468660854172
3221.0017399493245 1322.253225262512
3220.4487465550474 1321.4033121590485
3220.0599665552954 1320.613459497415
3220.0 1320.0
3220.388248393732 1319.6489972599422
3221.1633190596167 1319.5254383533836
3222.21862077542 1319.564041227217
3223.4475623189082 1319.699523828336
3224.7435524678467 1319.8666041036322
3226.0 1320.0
3227.1346693329724 1320.0509238696704
3228.16274744371 1320.0365656862343
3229.1237769489976 1319.9906098286199
3230.0573004656185 1319.9467406757567
3231.0028606103583 1319.9386426065735
3232.0 1320.0
3233.0730742743813 1320.1473072613753
3234.185691165547 1320.3282989016798
3235.286271428594 1320.4735194583036
3236.32323581862 1320.5135134686382
3237.2450050907228 1320.3788254700733
3238.0 1320.0
3238.545255791726 1319.3320693070507
3238.8722656718833 1318.4280164848253
3238.98113733663 1317.3653123381655
3238.8719784821255 1316.2214276719137
3238.5448968045293 1315.0738332909111
3238.0 1314.0
3237.255161817975 1313.061452547459
3236.399320220997 1312.2559314553157
3235.5391792248893 1311.5652311890335
3234.781442845472 1310.9711462140779
3234.232815098569 1310.4554709959118
3234.0 1310.0
3234.14705989934 1309.58878716978
3234.567490481169 1309.2149243605797
3235.1121457638174 1308.8737629057002
3235.6318797656177 1308.5606541384434
3235.977546504901 1308.2709493921093
3236.0 1308.0
3235.5917837698507 1307.740806180829
3234.812199335812 1307.4769636949593
3233.762237719844 1307.1897171881662
3232.5428899439116 1306.8603113062252
3231.255147029976 1306.4699906949113
3230.0 1306.0
3228.8561753916265 1305.4479881069042
3227.8133418052157 1304.8772208595838
3226.8389033568074 1304.3673683416357
3225.900264162442 1303.9981006366577
3224.96482833816 1303.8490878282469
3224.0 1304.0
3222.9835146636433 1304.4950191693324
3221.934433443327 1305.2363750889288
3220.882148852927 1306.0908094452911
3219.8560534063213 1306.9250639249224
3218.8855396173863 1307.6058802143243
3218.0 1308.0
3217.228284472319 1308.0071204009516
3216.5970725696266 1307.6587602661837
3216.132501231485 1307.0193938772
3215.8607073974586 1306.1534955155055
3215.8078280071086 1305.125539462604
3216.0 1304.0
3216.4459400396727 1302.8376103379721
3217.084683685575 1301.684139401893
3217.8378462211326 1300.5816150459093
3218.6270429297724 1299.5720651241681
3219.373889094919 1298.697517490816
3220.0 1298.0
3220.4509183319537 1297.5035493582714
3220.7678963917792 1297.1602376818014
3221.016113883985 1296.9041459391635
3221.260750513083 1296.6693550989344
3221.5669859835843 1296.389946129688
3222.0 1296.0
3222.6114977436214 1295.4537477844972
3223.399286302865 1294.786020982014
3224.347698242928 1294.0518011974361
3225.4410661290067 1293.3060700356507
3226.6637225262984 1292.603809101543
3228.0 1292.0
3229.4179055083746 1291.542570614851
3230.8201435819456 1291.2512339456994
3232.093093144304 1291.1386492710917
3233.1231331190393 1291.2174758695749
3233.796642429741 1291.5003730196952
3234.0 1292.0
3233.6705839265846 1292.7093030894323
3232.949768998982 1293.5423765685225
3232.029929179857 1294.3936017181975
3231.1034384318746 1295.157359819384
3230.3626707177004 1295.728032153009
3230.0 1296.0
3230.159018044546 1295.9072540644572
3230.7881878295348 1295.5422227431745
3231.7871901362705 1295.0369438561197
3233.0557057460574 1294.5234552232607
3234.493415440199 1294.133794664565
3236.0 1294.0
3237.4803809322702 1294.207976949036
3238.8604426458446 1294.6591028291512
3240.0713102750633 1295.2086228573246
3241.0441089542683 1295.7117822505375
3241.7099638178 1296.0238262257692
3242.0 1296.0
3241.873161930079 1295.5386159171767
3241.3996712167204 1294.7102548291114
3240.677568763479 1293.6285647145824
3239.8048954739093 1292.4071935523682
3238.879692251565 1291.159789321248
3238.0 1290.0
3237.2491935696394 1289.0171890118872
3236.651983598388 1288.2035815581087
3236.2184146710224 1287.5271182843474
3235.9585313723187 1286.9557398362865
3235.8823782870522 1286.4573868596096
3236.0 1286.0
3236.3059897172916 1285.5500354426822
3236.7331351304697 1285.0680115310477
3237.1987725524327 1284.5129621480294
3237.620238296077 1283.8439211765601
3237.9148686743 1283.0199224995724
3238.0 1282.0
3237.813884598233 1280.7734099581246
3237.3784388426966 1279.4502982436272
3236.736495119248 1278.1710331235363
3235.9308858137447 1277.0759828648816
3235.0044433120424 1276.3055157346932
3234.0 1276.0
3232.9569904082946 1276.2452136137078
3231.9012576468917 1276.9085732722228
3230.855246970575 1277.802905357827
3229.8414036341305 1278.7410362528035
3228.882172892344 1279.5357923394336
3228.0 1280.0
3227.210005620439 1279.9957355870447
3226.498012051219 1279.5820753341495
3225.8425169984516 1278.8673454451557
3225.2220181682515 1277.9598721239054
3224.61501326673 1276.9679815742395
3224.0 1276.0
3223.3603945173572 1275.1422144084838
3222.6992867408276 1274.3927550208095
3222.0246850356184 1273.72771286155
3221.344597766939 1273.1231789552796
3220.6670332999965 1272.5552443265715
3220.0 1272.0
3219.3576755693916 1271.43540677902
3218.778915059547 1270.8469045826137
3218.3087428590757 1270.221803108645
3217.992183356588 1269.5474120549775
3217.8742609406927 1268.8110411194743
3218.0 1268.0
3218.394088390263 1267.106899216177
3218.999867835801 1266.1455525746624
3219.7403435280803 1265.1350747038716
3220.5385206585634 1264.0945802322206
3221.3174044187153 1263.0431837881245
3222.0 1262.0
3222.519674573263 1260.988848208124
3222.85124322688 1260.0523666002193
3222.9798830286054 1259.2378980758701
3222.8907710461963 1258.5927855346613
3222.5690843474094 1258.1643718761763
3222.0 1258.0
3221.184620724092 1258.1228931365126
3220.1877518492734 1258.4597958392762
3219.090124357499 1258.9133329926485
3217.972469230726 1259.386129480988
3216.9155174509074 1259.7808101886526
3216.0 1260.0
3215.2788795674073 1259.97328294953
3214.694045672325 1259.7380796723066
3214.1596195413986 1259.3587699535362
3213.589722401272 1258.8997335784243
3212.898475478591 1258.425350332177
3212.0 1258.0
3210.8480091544284 1257.6691602505532
3209.5545839799465 1257.4027002863127
3208.2713974769076 1257.1515871932072
3207.150122645668 1256.8667880571672
3206.34243248658 1256.4992699641216
3206.0 1256.0
3206.227231963027 1255.3408167889977
3206.939470259742 1254.5770451083692
3208.0047905509705 1253.784881273635
3209.2912684975395 1253.0405216003153
3210.6669797602735 1252.42016240393
3212.0 1252.0
3213.187507437908 1251.8286837045675
3214.243090536642 1251.8446748357667
3215.20944031921 1251.9588877122533
3216.1292478086207 1252.0822366526836
3217.0452040278806 1252.1256359757137
3218.0 1252.0
3219.0227382853413 1251.6500039482876
3220.0881675936907 1251.155366659676
3221.1574481721896 1250.629567877353
3222.1917402679805 1250.1860873445075
3223.152204128203 1249.938404804327
3224.0 1250.0
3224.712280161468 1250.450930131912
3225.330165014522 1251.2375622292343
3225.9107669920318 1252.2728407783356
3226.511198526868 1253.4697102655846
3227.188572051901 1254.7411151773497
3228.0 1256.0
3228.9799929206406 1257.1666458944358
3230.0726538297054 1258.1906807196847
3231.1994838596847 1259.029069009306
3232.2819841430687 1259.6387752968594
3233.241655812343 1259.9767641159042
3234.0 1260.0
3234.497377785603 1259.6880418459007
3234.7495900370295 1259.1108260031388
3234.791297569229 1258.3608831844408
3234.6571611971563 1257.530744102534
3234.381841735762 1256.7129394701446
3234.0 1256.0
3233.539755196206 1255.4608163515911
3233.003060096254 1255.0697189714645
3232.385325863399 1254.777398252931
3231.6819636609007 1254.5345445893022
3230.8883846520152 1254.291848373888
3230.0 1254.0
3229.019527355498 1253.616840895884
3227.9789103186986 1253.1288166295233
3226.917398977175 1252.5295238038361
3225.8742434185015 1251.8125590217412
3224.8886937302514 1250.971518886156
3224.0 1250.0
3223.233987233652 1248.9051533982072
3222.5627801104347 1247.7483478437773
3221.9450782279027 1246.6045065317257
3221.3395811836153 1245.5485526570685
3220.7049885751285 1244.6554094148212
3220.0 1244.0
3219.192671858041 1243.632915881658
3218.288487758084 1243.5074216249982
3217.3022881112147 1243.552450069262
3216.2489133285203 1243.6969340536896
3215.143203821086 1243.869806417522
3214.0 1244.0
3212.837917926775 1244.0354052973837
3211.690676264637 1243.9997434340082
3210.5957693272385 1243.9356931912275
3209.590691428231 1243.8859333503965
3208.7129368812666 1243.8931426928693
3208.0 1244.0
3207.4834342126346 1244.234722188067
3207.1710294055897 1244.5676787130442
3207.0646345798336 1244.9547771658285
3207.166098736336 1245.3519251373177
3207.4772708760684 1245.715030218409
3208.0 1246.0
3208.7190859634247 1246.1831133577552
3209.551132038931 1246.3221343064083
3210.39569235343 1246.4951981454587
3211.1523210338337 1246.7804401744072
3211.720572207053 1247.2559956927541
3212.0 1248.0
3211.917999711444 1249.05134289943
3211.5133313275765 1250.2919322094717
3210.852596006449 1251.564430252337
3210.0023949061106 1252.7114993502387
3209.029329184611 1253.5758018253887
3208.0 1254.0
3206.9700263019126 1253.880033563043
3205.95109820632 1253.3249516705207
3204.9439236207763 1252.4970808451938
3203.9492104528385 1251.558747609824
3202.9676666100618 1250.6722784871722
3202.0 1250.0
3201.0444876734996 1249.6600043298797
3200.0896832545545 1249.5934462936323
3199.121709510448 1249.6972463668885
3198.126689208464 1249.8683250252807
3197.0907451158873 1250.0036027444405
3196.0 1250.0
3194.8520230040913 1249.7762454137332
3193.690168775466 1249.3383001919879
3192.5692383374344 1248.7139336872522
3191.544032713306 1247.930915252016
3190.6693529263916 1247.0170142387685
3190.0 1246.0
3189.5659388286554 1244.9109399411116
3189.2977897917317 1243.7940936791576
3189.101337139816 1242.697018884103
3188.882365123498 1241.6672732259149
3188.546657993363 1240.7524143745582
3188.0 1240.0
3187.180517977585 1239.4503651921896
3186.155709094647 1239.114954721012
3185.0254131033016 1238.9979907763359
3183.889469755668 1239.1036955480295
3182.8477188038614 1239.4362912259612
3182.0 1240.0
3181.4156929647093 1240.7783400308701
3181.042336792646 1241.6720133627202
3180.797010446977 1242.5610180105539
3180.5967928908694 1243.3253519893756
3180.358763087488 1243.8450133141898
3180.0 1244.0
3179.4622657191358 1243.704793202848
3178.7860548458825 1243.0118066429225
3178.0365451087905 1242.007937181449
3177.278914236412 1240.7800816796534
3176.5783399572983 1239.415136998762
3176.0 1238.0
3175.5870960106013 1236.6154501207009
3175.2949253053093 1235.3177971026278
3175.056809117863 1234.1572332636508
3174.806068682003 1233.1839509216404
3174.476025231469 1232.4481423944665
3174.0 1232.0
3173.32823912735 1231.861184092126
3172.4786883773295 1231.9392271687889
3171.48621841976 1232.113129763948
3170.385699924466 1232.2618924115634
3169.2120035612716 1232.2645156455942
3168.0 1232.0
3166.785132665184 1231.3842579552402
3165.6051360001916 1230.4808497777733
3164.4983172031 1229.3902476805574
3163.5029834719867 1228.2129238765513
3162.6574420049274 1227.0493505787126
3162.0 1226.0
3161.549748730432 1225.1480803832098
3161.2489157700525 1224.5077440904895
3161.02051276784 1224.0758795138229
3160.7875513727745 1223.849375045196
3160.4730432338347 1223.8251190765934
3160.0 1224.0
3159.312168709384 1224.3567538452537
3158.4362379566355 1224.8215071936036
3157.419631725539 1225.3062342641513
3156.3097739998793 1225.7229092759987
3155.1540887634374 1225.9835064482477
3154.0 1226.0
3152.8867616172174 1225.711941272812
3151.8209472182198 1225.1691900980597
3150.800960330002 1224.4491834295723
3149.825204479562 1223.6293582211802
3148.892083193896 1222.7871514267126
3148.0 1222.0
3147.150044081003 1221.323258841275
3146.3540472445598 1220.7239546363799
3145.6265269544524 1220.1470320175595
3144.9820006744676 1219.5374356170594
3144.434985868388 1218.8401100671244
3144.0 1218.0
3143.6797287254344 1216.9857641028289
3143.429530470209 1215.8609172823476
3143.1929318521884 1214.7126885001896
3142.913459489237 1213.6283067179897
3142.534639999219 1212.6950008973818
3142.0 1212.0
3141.2699299061483 1211.6040551177796
3140.3722753190505 1211.4620058638602
3139.3517456367954 1211.502213981682
3138.253050257476 1211.6530412146856
3137.1208985791795 1211.8428493063113
3136.0 1212.0
3134.9257368351577 1212.0609783890154
3133.896183068406 1211.9947629659162
3132.90008560063 1211.7784555730827
3131.9261913327136 1211.3891580528982
3130.9632471655423 1210.8039722477433
3130.0 1210.0
3129.02712275322 1208.9761054002324
3128.042992407324 1207.818201531736
3127.0479119606835 1206.6339637259869
3126.0421844116695 1205.531067314463
3125.0261127586514 1204.6171876286414
3124.0 1204.0
3122.975031411223 1203.7568222322768
3122.005921376372 1203.8435420182532
3121.1582665566357 1204.1856895229712
3120.497663613203 1204.7087949114734
3120.089709207261 1205.3383883488023
3120.0 1206.0
3120.267196046333 1206.63549455955
3120.822210976078 1207.2520748396976
3121.5690218127747 1207.8732781821293
3122.4116055799664 1208.522641928533
3123.2539393011944 1209.2237034205941
3124.0 1210.0
3124.5765547738138 1210.8678661961912
3125.0015310156136 1211.814825289625
3125.3156461922663 1212.8211977485118
3125.5596177706375 1213.8673040410627
3125.774163217593 1214.9334646354882
3126.0 1216.0
3126.269177451005 1217.0504480630923
3126.579072368876 1218.0812165943958
3126.918393418162 1219.0919308238242
3127.275849263412 1220.082215981292
3127.640148569175 1221.0516972967123
3128.0 1222.0
3128.346735422168 1222.930341551439
3128.682179508885 1223.860308332792
3129.0107801350878 1224.811078956192
3129.336985175716 1225.8038320337714
3129.6652425057077 1226.859746177663
3130.0 1228.0
3130.334621601066 1229.228185731152
3130.6181355215144 1230.4775500744367
3130.7884860414883 1231.6637533514088
3130.7836174411314 1232.7024558836235
3130.5414740005876 1233.509317992636
3130.0 1234.0
3129.129592988385 1234.1291377461757
3128.030463590246 1234.0072691472399
3126.8352756989616 1233.783907638173
3125.676693207907 1233.6085666539568
3124.6873800104618 1233.6307596295721
3124.0 1234.0
3123.711821260211 1234.8108188397007
3123.7785286360213 1235.9378177810493
3124.1204111626685 1237.2006160958992
3124.657757875389 1238.418833056105
3125.3108578094198 1239.4120879335208
3126.0 1240.0
3126.6620108596603 1240.062772080207
3127.2998663101143 1239.7229412100457
3127.9330796503677 1239.1636279782301
3128.581164179429 1238.5679529734746
3129.2636331963035 1238.1190367844933
3130.0 1238.0
3130.797542708553 1238.345500246879
3131.6145987161144 1239.0963433046945
3132.3972702358606 1240.1448719911803
3133.0916594809714 1241.3834291240705
3133.643868664625 1242.704357521099
3134.0 1244.0
3134.1292997876067 1245.1848565619061
3134.093590677281 1246.2620559415466
3133.97783940619 1247.2568840570484
3133.867012711501 1248.19462682654
3133.846077330382 1249.1005701681477
3134.0 1250.0
3134.379702585465 1250.9058142462363
3134.899927463653 1251.7813588550453
3135.441372139381 1252.5775917806257
3135.88473411747 1253.2454709771785
3136.1107109027366 1253.735954398903
3136.0 1254.0
3135.472260240905 1254.0067012679624
3134.602995764407 1253.7976938234585
3133.5066720362856 1253.432748820449
3132.2977545223234 1252.9716374128952
3131.090708688301 1252.4741307547583
3130.0 1252.0
3129.1108860805443 1251.595158459691
3128.3917931824253 1251.2500880733435
3127.7819397154763 1250.9414129375787
3127.2205440895336 1250.6457571490187
3126.6468247144303 1250.339744804285
3126.0 1250.0
3125.2416028443263 1249.6126648932732
3124.422424098487 1249.2019538831685
3123.6155691018084 1248.8015994292373
3122.894143193617 1248.445333991031
3122.331251713238 1248.1668900281013
3122.0 1248.0
3121.950480319928 1247.9727004857343
3122.140732645849 1248.0902445421311
3122.5057838772905 1248.3521893454733
3122.9806609137777 1248.758092072044
3123.500390654839 1249.307509898125
3124.0 1250.0
3124.4286980981833 1250.8298664971235
3124.7924230958943 1251.770401281641
3125.111295389031 1252.7896431888698
3125.4054353734946 1253.8556310541273
3125.694963445184 1254.9364037127316
3126.0 1256.0
3126.3347272873375 1257.0226483405866
3126.6895749705754 1258.0133355164905
3127.049034566586 1258.9892378990482
3127.3975975922453 1259.967531859595
3127.7197555644248 1260.965393769467
3128.0 1262.0
3128.2231334932076 1263.0795401405305
3128.3752029477337 1264.1762566523971
3128.442566344627 1265.2534052149383
3128.4115816649364 1266.2742415074933
3128.2686068897106 1267.2020212094008
3128.0 1268.0
3127.5968128139066 1268.6406725787726
3127.068872497752 1269.1334897257732
3126.4307000549093 1269.4971412411987
3125.6968164887535 1269.7503169252473
3124.8817428026587 1269.911706578115
3124.0 1270.0
3123.0655411770917 1270.0336954703046
3122.090047802001 1270.0305251852508
3121.0846334357384 1270.0080298202658
3120.0604116393124 1269.9837500507776
3119.0284959737296 1269.9752265522134
3118.0 1270.0
3116.983615070322 1270.0671381326024
3115.978343701652 1270.151816940632
3114.9807662021376 1270.2207394777379
3113.9874628799257 1270.2406087975685
3112.9950140431642 1270.178127953773
3112.0 1270.0
3110.9999985416225 1269.6884927400276
3109.9965773913923 1269.2881329781483
3108.9923017557117 1268.859012268784
3107.9897368409843 1268.4612221663567
3106.991447853613 1268.1548542252879
3106.0 1268.0
3105.0163907631886 1268.0400020183993
3104.03534673278 1268.2512067023317
3103.0500267750153 1268.5932114471273
3102.0535897561367 1269.0256136481169
3101.0391945423844 1269.508010700631
3100.0 1270.0
3098.9344384056235 1270.4570547419312
3097.862035677488 1270.8181513236375
3096.8075911442265 1271.0181419427076
3095.7959041344698 1270.991878796732
3094.85177397685 1270.6742140832996
3094.0 1270.0
3093.255114873577 1268.9465938286912
3092.5905846313417 1267.6613731883056
3091.96960864808 1266.3342207820428
3091.355386298578 1265.155019313104
3090.711116957623 1264.3136514846897
3090.0 1264.0
3089.193250248217 1264.3399032766372
3088.2941443156647 1265.2030225898084
3087.3139742634553 1266.3949749291219
3086.2640321526997 1267.721377284186
3085.155610044511 1268.987846644609
3084.0 1270.0
3082.814476726148 1270.6104597314265
3081.6402455134084 1270.859869785795
3080.524494298101 1270.8358795014708
3079.51441101655 1270.6261382168195
3078.6571836050753 1270.3182952702073
3078.0 1270.0
3077.56736136571 1269.7367763161753
3077.293021778853 1269.5056464151612
3077.0880485441417 1269.2615070649965
3076.863508966287 1268.9592550337218
3076.5304703500024 1268.5537870893763
3076.0 1268.0
3075.212374107308 1267.2757683372051
3074.2247044082173 1266.4508778868947
3073.123311525335 1265.6180922385436
3071.9945160812667 1264.8701749816273
3070.9246386986188 1264.299889705621
3070.0 1264.0
3069.277586649502 1264.030520705374
3068.6970494771667 1264.3204716668902
3068.168705354521 1264.7661239808292
3067.602871153093 1265.2637487434733
3066.9098637444094 1265.7096170511031
3066.0 1266.0
3064.8254274428314 1266.0558525450022
3063.5056162016344 1265.896865075175
3062.2018670565817 1265.5674118381392
3061.0754807878443 1265.111867081517
3060.287758175593 1264.57460505293
3060.0 1264.0
3060.3095924680615 1263.421995040543
3061.0582634940733 1262.832808773152
3062.023826419153 1262.2142286666146
3062.984094584421 1261.5480421897187
3063.716881330997 1260.8160368112508
3064.0 1260.0
3063.686202684921 1259.0895006261594
3062.927996488741 1258.1052331655512
3061.952827266807 1257.0756734954027
3060.9881408744723 1256.0292974929428
3060.261383167086 1254.994581035399
3060.0 1254.0
3060.3622634589174 1253.071854306671
3061.229750550965 1252.2277400461253
3062.4148645136183 1251.4830773517745
3063.7300085843563 1250.8532863570294
3064.987586000657 1250.3537871953008
3066.0 1250.0
3066.633261997924 1249.8082673323427
3066.9678161222155 1249.798621464763
3067.1377146787217 1249.9920170975
3067.2770099732893 1250.4094089307926
3067.5197543117665 1251.0717516648797
3068.0 1252.0
3068.8083922530886 1253.1858171046995
3069.861947923137 1254.503700020749
3071.034276771497 1255.7988542582261
3072.198988559525 1256.9164853272086
3073.229693048574 1257.701798737774
3074.0 1258.0
3074.4202060267567 1257.7077235081192
3074.547355148202 1256.9273191929826
3074.475178235291 1255.8125658695965
3074.2974061589825 1254.5172423529666
3074.107769790233 1253.1951274580993
3074.0 1252.0
3074.047820676921 1251.048103677639
3074.2449277803553 1250.3055417258395
3074.565010287341 1249.7008822633886
3074.9817571749177 1249.1626934090737
3075.4688574201246 1248.619543281682
3076.0 1248.0
3076.555177932226 1247.2572691887326
3077.1396003970463 1246.4431064962525
3077.764780615347 1245.6339050768493
3078.4422318080155 1244.906058084813
3079.1834671959377 1244.3359586744332
3080.0 1244.0
3080.898134260844 1243.950597345208
3081.8633372981294 1244.144254511373
3082.875867251272 1244.5134974292143
3083.9159822596885 1244.9908520294523
3084.963940462792 1245.5088442428075
3086.0 1246.0
3087.009692431807 1246.4125636526567
3087.99964300303 1246.757653236034
3088.9817503795634 1247.0621052062938
3089.9679132273063 1247.3527560195998
3090.970030212153 1247.656442132114
3092.0 1248.0
3093.063096011928 1248.3991480441646
3094.138090689753 1248.8251325444921
3095.197131230472 1249.2380817456108
3096.212364831088 1249.5981238921495
3097.155938688597 1249.8653872287364
3098.0 1250.0
3098.7286642612216 1249.9723256521663
3099.3739201638873 1249.79366843785
3099.979724698547 1249.4855678112635
3100.5900348557525 1249.0695632266184
3101.248807626053 1248.5671941381263
3102.0 1248.0
3102.8740987950373 1247.3967345323551
3103.8477101361814 1246.815008518922
3104.8839699753403 1246.3196470093355
3105.9460142644234 1245.9754750532302
3106.99697895534 1245.84731770024
3108.0 1246.0
3108.923088706778 1246.4685139961916
3109.753757809909 1247.1685197086845
3110.4843954000953 1247.9858441513948
3111.1073895680383 1248.80631433824
3111.615128404439 1249.515757283136
3112.0 1250.0
3112.2576204519264 1250.1736539273234
3112.3965178834437 1250.0664682018964
3112.4284484242808 1249.736976385085
3112.3651682041664 1249.243712038255
3112.2184333528294 1248.6452087227715
3112.0 1248.0
3111.722355411441 1247.3553888130343
3111.400911397057 1246.7137556318792
3111.0518109027826 1246.0662503082654
3110.691196874557 1245.4040226939267
3110.335212258317 1244.718222640594
3110.0 1244.0
3109.6955504949 1243.247383413132
3109.4072439357374 1242.485916677996
3109.114307964589 1241.7480223818538
3108.7959702235316 1241.066123111966
3108.431458354643 1240.4726414555944
3108.0 1240.0
3107.4861833497 1239.6643367936974
3106.8960387859206 1239.416651730212
3106.2409572388624 1239.1916601643209
3105.532329638724 1238.9240774508032
3104.781546915703 1238.5486189444368
3104.0 1238.0
3103.2023086988943 1237.2341583009677
3102.416008327987 1236.2919208456024
3101.671863079962 1235.2353369608636
3101.0006371475006 1234.1264559737106
3100.4330947232856 1233.0273272111028
3100.0 1232.0
3099.7231003732422 1231.102733706136
3099.588076050278 1230.3786278503426
3099.5715904412896 1229.8669919922258
3099.6503069564596 1229.6071356913926
3099.8008890059687 1229.6383685074484
3100.0 1230.0
3100.220104622952 1230.7067587263407
3100.416872656086 1231.6750492345102
3100.54177515488 1232.796695070234
3100.5462831748114 1233.9635197792397
3100.381867771359 1235.0673469072528
3100.0 1236.0
3099.3687033571737 1236.6813424996126
3098.522211103159 1237.1433974338408
3097.5113089391944 1237.4462277268387
3096.38678256652 1237.6498963027616
3095.1994176863755 1237.8144660857633
3094.0 1238.0
3092.8328597261316 1238.2437972011346
3091.716505153503 1238.4921017708682
3090.6629890883446 1238.6683940224116
3089.684364336888 1238.6961542689744
3088.7926837053624 1238.498862823767
3088.0 1238.0
3087.3091169975582 1237.158283510664
3086.6858423569033 1236.0733806678713
3086.0867347074272 1234.8801961835154
3085.468352678523 1233.7136347694895
3084.787254899583 1232.7086011376866
3084.0 1232.0
3083.0788204317832 1231.6786243117658
3082.0586439374033 1231.6588200020915
3080.9900720819473 1231.8108212435272
3079.923706430504 1232.0048622086238
3078.9101485481588 1232.111177069931
3078.0 1232.0
3077.227453127163 1231.5809229459767
3076.561063374968 1230.920968953393
3075.9529769647843 1230.126518842376
3075.3553401179834 1229.303953433053
3074.7202990559317 1228.5596535455518
3074.0 1228.0
3073.1595152077175 1227.7013876080307
3072.215621081248 1227.6202671473
3071.198020058917 1227.6831033869698
3070.136414579049 1227.816361096202
3069.0605070799684 1227.9465050441577
3068.0 1228.0
3066.977078634563 1227.9190821774564
3065.9838597074504 1227.7090735685192
3065.00494279955 1227.3910676097464
3064.02492749175 1226.9861577376967
3063.028413364937 1226.5154373889284
3062.0 1226.0
3060.932170254032 1225.464876274737
3059.848940088952 1224.9508459860324
3058.782208742884 1224.5026261740463
3057.7638754539535 1224.1649338789389
3056.825839460283 1223.98248614087
3056.0 1224.0
3055.3127588678276 1224.249190501374
3054.768528084891 1224.7097647095748
3054.366222228915 1225.3484276940699
3054.1047558776245 1226.1318845243275
3053.983043608744 1227.0268402698148
3054.0 1228.0
3054.140868348733 1229.0198432012487
3054.3362068307456 1230.0619470275212
3054.5029023414586 1231.1036630496747
3054.5578417762927 1232.1223428385672
3054.4179120306662 1233.0953379650562
3054.0 1234.0
3053.2533973668733 1234.8195848417781
3052.2570149625 1235.560965698859
3051.122168405252 1236.2369201072315
3049.9601733135046 1236.860225602886
3048.8823453056293 1237.443659721812
3048.0 1238.0
3047.4010977393323 1238.5444100242303
3047.080177763704 1239.101597584451
3047.0084240375354 1239.6986565213995
3047.1570205252488 1240.3626806758148
3047.4971511912627 1241.1207638884355
3048.0 1242.0
3048.6329524165417 1243.0120343205595
3049.348199908615 1244.1067180374125
3050.0941354446077 1245.2184538071713
3050.8191519929105 1246.2816442864478
3051.471642521912 1247.2306921318534
3052.0 1248.0
3052.3726481500585 1248.5463415824222
3052.63813371295 1248.9159747103452
3052.8650341840325 1249.1775282499166
3053.1219270586635 1249.399631067284
3053.4773898322 1249.650912028596
3054.0 1250.0
3054.7283068350766 1250.4970437941965
3055.5807467210675 1251.1182720100965
3056.445727819262 1251.8214331931633
3057.211658290955 1252.5642758888607
3057.7669462974363 1253.3045486426518
3058.0 1254.0
3057.8437541392636 1254.622890648199
3057.4092497731535 1255.2035298418612
3056.852054538919 1255.7867389774296
3056.3277360738157 1256.4173394513473
3055.991862015091 1257.1401526600564
3056.0 1258.0
3056.4522321634236 1259.0206528722672
3057.2266986307664 1260.1416826965326
3058.1460540250605 1261.2816108971174
3059.032952969342 1262.3589588983432
3059.7100500866436 1263.29224812453
3060.0 1264.0
3059.7732431329673 1264.424127492362
3059.0913631111916 1264.6001097423787
3058.0637293608393 1264.5868174341
3056.7997113080783 1264.4431212515772
3055.408678379076 1264.2278918788602
3054.0 1264.0
3052.6677582676693 1263.8013556768028
3051.4448859615063 1263.6060264821008
3050.3490285315843 1263.3711193664815
3049.3978314279766 1263.0537412805331
3048.6089401007575 1262.6109991748433
3048.0 1262.0
3047.574242314875 1261.1945238745004
3047.277241190933 1260.2350435884775
3047.040156512826 1259.1787050999737
3046.7941481652024 1258.0826543670314
3046.47037603271 1257.0040373476927
3046.0 1256.0
3045.3315687691306 1255.1149932696405
3044.4831863118 1254.3426880528789
3043.4903454171144 1253.6640602336242
3042.3885388741814 1253.060085695787
3041.213259472107 1252.5117403232757
3040.0 1252.0
3038.7846677937882 1251.5029104543457
3037.604828376683 1250.9867967926011
3036.498461818718 1250.4150539655298
3035.5035481899276 1249.7510769238963
3034.6580675603436 1248.9582606184651
3034.0 1248.0
3033.5482785742365 1246.8641056537178
3033.245648329618 1245.6360507026445
3033.015807308014 1244.4257239042574
3032.782453551296 1243.3430140160358
3032.469285101334 1242.4978097954572
3032.0 1242.0
3031.318514205562 1241.920296560413
3030.449615341884 1242.172704100526
3029.4383089492267 1242.6320504174405
3028.3296005678526 1243.173163308257
3027.168495738023 1243.6708705700767
3026.0 1244.0
3024.8628497887003 1244.0658192157423
3023.770705117662 1243.8953551174743
3022.7309568950795 1243.5460744259808
3021.7509960291454 1243.075443862048
3020.8382134280546 1242.5409301464588
3020.0 1242.0
3019.248605158156 1241.5016117618036
3018.6157123356165 1241.0606902443922
3018.137863470457 1240.6836518786358
3017.8516005007505 1240.3769130954054
3017.7934653645734 1240.1468903255695
3018.0 1240.0
3018.4853221712697 1239.9462522555618
3019.1738529472805 1240.0100320531053
3019.967589223096 1240.2193180594752
3020.7685278937793 1240.6020889415174
3021.478665854392 1241.1863233660772
3022.0 1242.0
3022.2545506012098 1243.0467125492817
3022.2444314308173 1244.23251487652
3021.9917796371597 1245.439075883463
3021.518732368578 1246.5480644718584
3020.847426773412 1247.4411495434547
3020.0 1248.0
3019.005734683148 1248.1446753250887
3017.9224954035253 1247.9487973297034
3016.8152922282643 1247.524378406673
3015.749135224501 1246.9834309488265
3014.789034459368 1246.4379673489923
3014.0 1246.0
3013.426214369901 1245.7634750392522
3013.0285499180463 1245.7500735824442
3012.7470514497836 1245.9634104898455
3012.5217637704577 1246.4071006217255
3012.2927316854148 1247.0847588383538
3012.0 1248.0
3011.5949633928058 1249.1347578512373
3011.0744160354025 1250.384241673855
3010.4465019726044 1251.6219796339462
3009.7193652492274 1252.7214998976056
3008.901149910088 1253.5563306309255
3008.0 1254.0
3007.02726539221 1253.966012074318
3006.0071192736796 1253.527774536952
3004.966940659801 1252.798670974369
3003.934108565967 1251.8920849730378
3002.9360020075696 1250.9214001194255
3002.0 1250.0
3001.1478268902074 1249.2141568144539
3000.378588351362 1248.5416972153753
2999.685735388192 1247.9333364685774
2999.0627190054233 1247.3397898398737
2998.5029902077836 1246.7117725950766
2998.0 1246.0
2997.548093713629 1245.1681014086084
2997.1451939875396 1244.2313625274742
2996.790117787433 1243.217983151322
2996.481682079008 1242.1561630748758
2996.2187038279635 1241.0741020928604
2996.0 1240.0
2995.817205662687 1238.956030143706
2995.633228291073 1237.9402600821363
2995.403793462078 1236.944730926136
2995.0846267526213 1235.96148378655
2994.631453739622 1234.9825597742229
2994.0 1234.0
2993.164565117106 1233.0170372758273
2992.1737447000214 1232.0816712180554
2991.094708364256 1231.253093144135
2989.994625725323 1230.5904943715182
2988.9406663987334 1230.1530662176558
2988.0 1230.0
2987.2189783133317 1230.1610059381699
2986.5606817977314 1230.547869860458
2985.9673730808977 1231.0428964973244
2985.3813147905316 1231.5283905792298
2984.7447695543324 1231.8866568366348
2984.0 1232.0
2983.107669777714 1231.792642675197
2982.1020466275727 1231.356478969743
2981.035799312154 1230.8253208665676
2979.961596594033 1230.3329803485994
2978.9321072357893 1230.0132693987673
2978.0 1230.0
2977.211453686922 1230.390645583265
2976.5866872475335 1231.1373253716813
2976.1394296704893 1232.1558200364057
2975.8834099444484 1233.3619102485957
2975.8323570580656 1234.671376679408
2976.0 1236.0
2976.37984880793 1237.274404621373
2976.8845377156285 1238.4645899139027
2977.4064820058893 1239.55139898781
2977.838096961509 1240.5156749533153
2978.07179786528 1241.3382609206383
2978.0 1242.0
2977.5469288591353 1242.4932174127257
2976.7640507788433 1242.8561668245607
2975.7346423059535 1243.1385840123548
2974.5419799872966 1243.3902047529593
2973.269340369702 1243.660764823224
2972.0 1244.0
2970.8028061259006 1244.4379109129102
2969.6888887986306 1244.925557602671
2968.6549487702987 1245.3942649627713
2967.697686793011 1245.7753578867002
2966.8138036188757 1246.0001612679466
2966.0 1246.0
2965.2511058965238 1245.7366204171146
2964.554468100711 1245.2934546166075
2963.895562612856 1244.78435613656
2963.2598654332555 1244.3231785150556
2962.632852562205 1244.0237752901746
2962.0 1244.0
2961.359436954672 1244.3285703815939
2960.7599054651955 1244.9376609679366
2960.2628007782796 1245.718310490988
2959.929518140635 1246.561557682709
2959.8214527989717 1247.3584412750592
2960.0 1248.0
2960.5055907292326 1248.402801760214
2961.294798927397 1248.5855311412774
2962.303234274025 1248.5924018994886
2963.466506448647 1248.467627791147
2964.7202251307954 1248.2554225725507
2966.0 1248.0
2967.247829758028 1247.7454077627353
2968.431269195587 1247.5350292817698
2969.52426212562 1247.412081911058
2970.5007523610716 1247.4197830045557
2971.334683714884 1247.6013499162182
2972.0 1248.0
2972.484571720138 1248.6433449666222
2972.831976142108 1249.4965739538666
2973.0997172234943 1250.5092704562792
2973.3452989218827 1251.6310179684083
2973.626225194856 1252.8113999847992
2974.0 1254.0
2974.508327805866 1255.153434592998
2975.129715124872 1256.2564526805431
2975.8268689804017 1257.300836263825
2976.5624963958444 1258.2783673440351
2977.299304394581 1259.1808279223633
2978.0 1260.0
2978.6395244638074 1260.733657402127
2979.2417559510004 1261.4035412498888
2979.8428068548965 1262.0373844884211
2980.4787895688164 1262.6629200628602
2981.185816486078 1263.307880918341
2982.0 1264.0
2982.9335743389056 1264.7637876503463
2983.9032610711297 1265.610863801384
2984.801903600012 1266.549625782491
2985.5223453288913 1267.588470923044
2985.957429661108 1268.735796552421
2986.0 1270.0
2985.5798818842754 1271.368599403895
2984.774829394112 1272.7455961371675
2983.6995787450564 1274.0141123816159
2982.468866152655 1275.0572703190385
2981.197427832454 1275.7581921312337
2980.0 1276.0
2978.9691203462166 1275.7155184377777
2978.1085324635355 1275.0363812795763
2977.399781419764 1274.1439246910463
2976.8244122827127 1273.21948483784
2976.3639701201882 1272.4443978856073
2976.0 1272.0
2975.719562656785 1272.0193268449939
2975.5317814924892 1272.442212077861
2975.4512955758883 1273.1601888541984
2975.492743975756 1274.064790329603
2975.6707657608686 1275.0475496596712
2976.0 1276.0
2976.485962359978 1276.8368038118765
2977.097674899843 1277.5651407793507
2977.7950362766846 1278.21531989216
2978.537945147597 1278.8176501400455
2979.2863001696714 1279.4024405127454
2980.0 1280.0
2980.651402718118 1280.633457907499
2981.2627040933276 1281.2972248047377
2981.8685593173745 1281.9785315771612
2982.5036235820057 1282.6646091102157
2983.2025520789653 1283.3426882893466
2984.0 1284.0
2984.9176860268108 1284.6201052988677
2985.925582800923 1285.1718859276255
2986.9807264538167 1285.6205537991955
2988.040153116974 1285.9313208265
2989.060898921875 1286.0693989224606
2990.0 1286.0
2990.8260013227878 1285.7101949711046
2991.553483221501 1285.27449074402
2992.2085348673586 1284.789253226057
2992.817245431582 1284.3508483245257
2993.4057040853886 1284.0556419467366
2994.0 1284.0
2994.6209012746317 1284.2520777796772
2995.267891720483 1284.7671881333315
2995.93513407675 1285.4724332965766
2996.616791082628 1286.2949155050271
2997.3070254773124 1287.161736994297
2998.0 1288.0
2998.690393578687 1288.7537161324096
2999.37494989657 1289.4345345004333
3000.0509288256444 1290.0710135876375
3000.71559023791 1290.6917118775891
3001.366194005362 1291.3251878538545
3002.0 1292.0
3002.617524410623 1292.733057690685
3003.232308693243 1293.4946738649364
3003.8611506206753 1294.2435123528742
3004.520847965736 1294.9382369846176
3005.2281985012387 1295.5375115902862
3006.0 1296.0
3006.848768038082 1296.2955345863327
3007.7698894045357 1296.4386218916736
3008.7544686916567 1296.4549370008667
3009.793610491743 1296.3701549987566
3010.8784193970914 1296.2099509701864
3012.0 1296.0
3013.1448108444556 1295.7699891491704
3014.280726281209 1295.5656533831848
3015.3709746126997 1295.436739643659
3016.3787841413678 1295.4329948722088
3017.2673831696547 1295.6041660104506
3018.0 1296.0
3018.5442108063166 1296.652286594764
3018.8849832484075 1297.5209867978106
3019.011632857547 1298.5481044244982
3018.913475165009 1299.6756432901868
3018.5798257020683 1300.8456072102344
3018.0 1302.0
3017.1783459302774 1303.0930866939968
3016.1793407251625 1304.1281772033524
3015.0824939571166 1305.1208426583482
3013.9673151986 1306.0866541892672
3012.9133140220742 1307.0411829263903
3012.0 1308.0
3011.288701768872 1308.9753666292497
3010.768024221316 1309.9663043887815
3010.408391313991 1310.9685249421086
3010.180227003558 1311.9777399527452
3010.053955246674 1312.9896610842043
3010.0 1314.0
3009.9909210683095 1315.0054467890043
3010.0078216488355 1316.0066052415223
3010.033940786921 1317.005057573217
3010.0525175279136 1318.002385999753
3010.0467909171575 1319.0001727367924
3010.0 1320.0
3009.905021365296 1321.0028462147332
3009.793281775938 1322.0072746451299
3009.7058455383267 1323.0112447650226
3009.6837769588656 1324.0127160482436
3009.7681403439556 1325.0096479686251
3010.0 1326.0
3010.407511989026 1326.9831683520626
3010.967199395566 1327.9642961779582
3011.6426770597755 1328.9499633666921
3012.3975598218126 1329.946749807273
3013.195462521835 1330.9612353887067
3014.0 1332.0
3014.770486234156 1333.0644803770156
3015.449031752914 1334.1355406430384
3015.973446222575 1335.188901768208
3016.281539309442 1336.200284722665
3016.3111206798167 1337.145410476549
3016.0 1338.0
3015.3160986299063 1338.7403916213552
3014.347784703892 1339.3453931017398
3013.2135380499262 1339.7944295604748
3012.0318384959764 1340.0669261168823
3010.9211658700115 1340.1423078902833
3010.0 1340.0
3009.354008135109 1339.6406198042293
3008.937607209297 1339.1495536166692
3008.6724015777218 1338.633379989893
3008.4799955955427 1338.198677476474
3008.2819936179158 1337.9520246289849
3008.0 1338.0
3007.5734243852153 1338.4100921246907
3007.0128975700327 1339.093429468621
3006.3468556391867 1339.9220504799544
3005.60373467741 1340.7679936068535
3004.811970769436 1341.503297297481
3004.0 1342.0
3003.1948869166226 1342.1727154007124
3002.4182099179793 1342.1063581384767
3001.690175865532 1341.9284180902903
3001.0309916207448 1341.7663851331506
3000.4608640450797 1341.7477491440543
3000.0 1342.0
2999.656287207553 1342.6120092354226
2999.3883368321244 1343.5181750145096
2999.1424408986845 1344.6142771588854
2998.8648914322043 1345.7960954901757
2998.5019804576523 1346.9594098300054
2998.0 1348.0
2997.3281124013133 1348.8422106205603
2996.5469612720417 1349.5246455071901
2995.7400605397293 1350.114473274169
2994.990924131921 1350.6788625357774
2994.3830659761634 1351.2849819062944
2994.0 1352.0
2993.892374298305 1352.8710001341885
2993.9793736352663 1353.8647244382123
2994.1473169424003 1354.9278297444384
2994.2825231512224 1356.006972885234
2994.2713111932503 1357.0488106929654
2994.0 1358.0
2993.3894274425033 1358.8126777315751
2992.4985071498572 1359.460901184406
2991.420671690672 1359.9242077480785
2990.2493536335596 1360.1821348121778
2989.077985547132 1360.21421976629
2988.0 1360.0
2987.0869529687175 1359.5356963469194
2986.322894061602 1358.8842634167574
2985.6699962949124 1358.1253392632495
2985.09043268491 1357.3385619401308
2984.5463762478516 1356.6035695011358
2984.0 1356.0
2983.420168090034 1355.590833177045
2982.802509196329 1355.372415518936
2982.149343129678 1355.324435198925
2981.4629897008763 1355.4265803902642
2980.745768720719 1355.658539266205
2980.0 1356.0
2979.2323746711436 1356.425045018976
2978.4670691530814 1356.88533376676
2977.7326311863753 1357.3269199410522
2977.057608511586 1357.6958572395556
2976.470548869274 1357.9381993599707
2976.0 1358.0
2975.6595924846515 1357.84787563594
2975.403288265421 1357.5306938584708
2975.1701321248224 1357.1178850368667
2974.8991688453752 1356.6788795404036
2974.5294432095952 1356.2831077383562
2974.0 1356.0
2973.268144279138 1355.8778968817082
2972.3642222296826 1355.880779688247
2971.3368403143368 1355.9515399114812
2970.2346049958055 1356.0330690432747
2969.1061227367913 1356.068258575493
2968.0 1356.0
2966.9530155839802 1355.788684985376
2965.9546376306653 1355.4647059070608
2964.9825066178314 1355.0759553172097
2964.0142630232576 1354.6703257679792
2963.027547324721 1354.295709811524
2962.0 1354.0
2960.91979338494 1353.8192150286407
2959.8172272476577 1353.7418781649928
2958.7331332143376 1353.7446388196802
2957.7083429111653 1353.8041464033279
2956.7836879643237 1353.8970503265596
2956.0 1354.0
2955.3863293947775 1354.1011215667274
2954.9246015268513 1354.234448099635
2954.5849605248163 1354.4454894040693
2954.3375505172658 1354.7797552853772
2954.1525156327953 1355.282755548905
2954.0 1356.0
2953.849703850763 1356.9522246303752
2953.669551830121 1358.0610701772082
2953.427024686398 1359.2234035640427
2953.0896031679204 1360.3360917144237
2952.624768023012 1361.2960015518945
2952.0 1362.0
2951.1963366836526 1362.3677576895502
2950.24904300452 1362.4101600804227
2949.2069407295944 1362.16089633976
2948.1188516258703 1361.6536556347066
2947.033597460341 1360.9221271324052
2946.0 1360.0
2945.0593938590705 1358.9285964632759
2944.223165040691 1357.7797709825843
2943.4952123952266 1356.6330110769181
2942.8794347730454 1355.5678042652698
2942.3797310245145 1354.6636380666328
2942.0 1354.0
2941.7327545467315 1353.630819420309
2941.5249634993856 1353.507793026278
2941.312209689501 1353.5570593525688
2941.030075948616 1353.7047569338445
2940.6141451082694 1353.8770243047675
2940.0 1354.0
2939.1484768428927 1354.0110888184506
2938.121425406213 1353.8927606160082
2937.005948846772 1353.6387515128074
2935.8891503213817 1353.2427976289828
2934.858132986854 1352.6986350846685
2934.0 1352.0
2933.377041785403 1351.1488993799628
2932.952297838729 1350.1804237689491
2932.6639949234145 1349.1379345962027
2932.4503598028964 1348.0647932909667
2932.2496192406124 1347.0043612824845
2932.0 1346.0
2931.648911571052 1345.0877581061427
2931.1804943499856 1344.2744331970844
2930.5880714595737 1343.5595101023828
2929.86496602259 1342.9424736515966
2929.0045011618076 1342.4228086742828
2928.0 1342.0
2926.8606452637227 1341.6759941213932
2925.6590580946636 1341.4625841834552
2924.4837192382915 1341.3740249942666
2923.423109440077 1341.4245713619075
2922.56570944549 1341.6284780944588
2922.0 1342.0
2921.778877744428 1342.5415987416188
2921.8129029009924 1343.208563402429
2921.977051587262 1343.9443899205514
2922.1462999208075 1344.692574234107
2922.195624019197 1345.3966122812162
2922.0 1346.0
2921.477547462271 1346.4631664676874
2920.718959931001 1346.8142733179404
2919.8580744126625 1347.098415323528
2919.0287279137333 1347.3606872572207
2918.3647574406873 1347.646183891788
2918.0 1348.0
2918.033154628712 1348.4575872394832
2918.4223684861204 1349.0158248072917
2919.0906507620903 1349.6619487853368
2919.9610106464847 1350.3831952555292
2920.9564573291664 1351.16680029978
2922.0 1352.0
2923.0287229117716 1352.8638919817874
2924.0360105689624 1353.7150200454857
2925.0293225389764 1354.5037895351256
2926.0161183892187 1355.1806057947374
2927.0038576870916 1355.695874168352
2928.0 1356.0
2929.0093611316083 1356.0683263148494
2930.0261818306217 1355.9759468626185
2931.042059082002 1355.8228930741623
2932.0485898707166 1355.7091963803368
2933.0373711817274 1355.7348882119973
2934.0 1356.0
2934.9245733025346 1356.575765721778
2935.785188034479 1357.4182295410783
2936.5524411330134 1358.4546381682258
2937.1969295353238 1359.6122383135455
2937.6892501785915 1360.8182766873615
2938.0 1362.0
2938.1071604730673 1363.1008330202608
2938.0182512166516 1364.1289127508462
2937.748176385944 1365.1085542529347
2937.3118401361385 1366.0640725877047
2936.724146622426 1367.0197828163334
2936.0 1368.0
2935.1560440644553 1369.0116429379204
2934.215881172992 1369.9920453814634
2933.2048533232123 1370.8611448200356
2932.148302512719 1371.5388787430447
2931.0715707391137 1371.945184639897
2930.0 1372.0
2928.9538484542977 1371.6581507836138
2927.9330389061975 1371.0140168344124
2926.9324103212084 1370.196866466923
2925.9468016648407 1369.3359679956732
2924.9710519026007 1368.5605897351893
2924.0 1368.0
2923.0285621183552 1367.7539020757727
2922.051963202219 1367.8037391327396
2921.065505391954 1368.1013893122729
2920.0644908279214 1368.5987307557457
2919.0442216504825 1369.2476416045304
2918.0 1370.0
2916.9319030722827 1370.807722394777
2915.8591082849266 1371.6228784864823
2914.8055681109763 1372.3975762839864
2913.7952350234764 1373.08392379616
2912.8520614954687 1373.6340290318747
2912.0 1374.0
2911.262344111035 1374.154097234009
2910.6597518062254 1374.1491913657774
2910.2122221641434 1374.0583055517832
2909.9397542633633 1373.954462948504
2909.8623471824576 1373.910686712417
2910.0 1374.0
2910.361313076171 1374.2795923728916
2910.909291897581 1374.743319013372
2911.5955432324504 1375.369201508882
2912.3716738489975 1376.1352614468626
2913.189290515441 1377.019520414755
2914.0 1378.0
2914.755366547245 1379.0516073484994
2915.4067843071543 1380.136791839995
2915.905604906055 1381.2148884126902
2916.2031799702772 1382.2452320047876
2916.250861126149 1383.1871575544899
2916.0 1384.0
2915.422776290403 1384.652867122001
2914.574681984914 1385.1539580710937
2913.5320371433295 1385.5212448403588
2912.37116182545 1385.7726994228776
2911.1683760910737 1385.926293811731
2910.0 1386.0
2908.923898661511 1386.0128500894234
2907.9241173828204 1385.9881166163723
2906.966246520627 1385.9501322258754
2906.015876431628 1385.9232295629615
2905.038597472519 1385.93174127266
2904.0 1386.0
2902.881629063553 1386.1383251128984
2901.7288484838045 1386.3009828708257
2900.6029767741634 1386.4282262561405
2899.5653324480413 1386.4603082512024
2898.67723401885 1386.337481838369
2898.0 1386.0
2897.5773628620545 1385.4060716812057
2897.3827109041877 1384.5857296781037
2897.371846382722 1383.5869627495629
2897.5005715539864 1382.4577596544525
2897.7246886743037 1381.2461091516418
2898.0 1380.0
2898.2811417104504 1378.7651659400572
2898.518085677227 1377.5783206389833
2898.6596376949487 1376.4739227456098
2898.6546035582387 1375.4864309087675
2898.4517890617153 1374.6503037772868
2898.0 1374.0
2897.2702925183653 1373.551783077085
2896.3227241646846 1373.2491359141125
2895.2396028374824 1373.0173462679995
2894.103236435284 1372.7817018956648
2892.9959328566156 1372.4674905540255
2892.0 1372.0
2891.174725253127 1371.3332573071582
2890.4873139603346 1370.5362468156786
2889.881950955124 1369.7066921823923
2889.3028210709967 1368.94231706413
2888.694109141455 1368.3408451177222
2888.0 1368.0
2887.1789546172763 1367.985558064653
2886.246538512499 1368.2355064528035
2885.2325933420243 1368.6558850024321
2884.166960762212 1369.1527335515207
2883.0794824294176 1369.6320919380496
2882.0 1370.0
2880.9520488703615 1370.1874733971938
2879.9339393970804 1370.225431076813
2878.93767567678 1370.1697678078804
2877.9552618060848 1370.0763783594189
2876.9787018816164 1370.001157500451
2876.0 1370.0
2875.0128499012794 1370.1164001984246
2874.017703899182 1370.344250721428
2873.016703950857 1370.665043766048
2872.0119920134525 1371.0602715293244
2871.0057100441168 1371.5114262082952
2870.0 1372.0
2868.9965515245212 1372.5043332165153
2867.995245006193 1372.9901586300696
2866.9955085197935 1373.4200571279289
2865.996770140107 1373.7566095973593
2864.998457941915 1373.9623969256277
2864.0 1374.0
2863.000944000634 1373.8477484169957
2862.0013160760504 1373.546966610147
2861.001261969971 1373.1547277222373
2860.000927426121 1372.7281048960535
2859.000458188223 1372.3241712743793
2858.0 1372.0
2856.999672472943 1371.7991175599464
2855.9994906896095 1371.7108638182333
2854.9994436003235 1371.7110319831213
2853.9995201554107 1371.7754152628715
2852.9997093051943 1371.879806865744
2852.0 1372.0
2851.000366107595 1372.113188750626
2850.0007211655147 1372.202170709513
2849.0009636287364 1372.2511443452772
2848.000991952239 1372.2443081265353
2847.0007045910006 1372.165860521904
2846.0 1372.0
2844.998863096679 1371.7388681782902
2843.9976246483357 1371.4063792696418
2842.9967018847333 1371.0343906357712
2841.996512035635 1370.6547596383957
2840.997472330803 1370.299343639233
2840.0 1370.0
2839.0041815056907 1369.7831903880653
2838.008780241145 1369.653793693403
2837.012228832332 1369.6112931116395
2836.0129599052225 1369.6551718384007
2835.0094060857887 1369.784913069312
2834.0 1370.0
2832.9844108805582 1370.295036936116
2831.9672543870875 1370.6451126234133
2830.9543827859416 1371.0204369176713
2829.951648343475 1371.391219674669
2828.9649033260434 1371.7276707501856
2828.0 1372.0
2827.0581749720764 1372.1848100156196
2826.1222022105076 1372.284274331463
2825.170240023904 1372.306959217676
2824.1804467208776 1372.2614309444057
2823.1309806100385 1372.156255781798
2822.0 1372.0
2820.7828892311363 1371.7990563347394
2819.5439367708836 1371.5511233840696
2818.3646571184436 1371.2517262116253
2817.3265647730154 1370.8963898810423
2816.5111742338 1370.4806394559555
2816.0 1370.0
2815.8380458811557 1369.4522979787569
2815.9242729281796 1368.8445654655936
2816.1211315023234 1368.186135935823
2816.29107196484 1367.4863428647586
2816.296544676981 1366.754519727713
2816.0 1366.0
2815.318630947943 1365.2343443428254
2814.388601146027 1364.478022160964
2813.4008168722635 1363.7537300450833
2812.546184404664 1363.0841645858509
2812.015610021239 1362.4920223739339
2812.0 1362.0
2812.618911808555 1361.6195839092009
2813.7065076728986 1361.3174199646248
2815.0256010086227 1361.0489438838445
2816.33900523132 1360.7695913844316
2817.409533756582 1360.4347981839592
2818.0 1360.0
2817.93720329932 1359.435468168519
2817.303886680899 1358.7708164990554
2816.2467790932456 1358.0504944195402
2814.9126094848716 1357.3189513579048
2813.448106804286 1356.6206367420807
2812.0 1356.0
2810.6878305497207 1355.4903952685743
2809.522390047953 1355.0807955206358
2808.487282618395 1354.7490784379963
2807.56611238475 1354.4731217024694
2806.7424834707176 1354.2308029958663
2806.0 1354.0
2805.3207337610547 1353.7696174238513
2804.680627201366 1353.5726680850698
2804.0540904331756 1353.4531918284754
2803.4155335687237 1353.4552284988865
2802.7393667202514 1353.6228179411219
2802.0 1354.0
2801.177382554208 1354.6070609619485
2800.2736196651026 1355.369272879827
2799.2963556489053 1356.188154248103
2798.25323482184 1356.9652235612452
2797.151901500131 1357.6019993137215
2796.0 1358.0
2794.812328614705 1358.0891757653926
2793.6323015456333 1357.9132033585868
2792.5104869712054 1357.5441911791133
2791.4974530698437 1357.0542476265039
2790.6437680199683 1356.5154811002888
2790.0 1356.0
2789.6010807647513 1355.573273013518
2789.4193963745897 1355.2742099821232
2789.4116964662753 1355.135081035444
2789.534730676566 1355.1881563031109
2789.7452486422217 1355.465705914753
2790.0 1356.0
2790.264829807773 1356.80291736572
2790.541964807861 1357.8047715277366
2790.8427271636956 1358.9154846791107
2791.178439038709 1360.044979012905
2791.560422596333 1361.1031767221807
2792.0 1362.0
2792.506266670823 1362.6687612273051
2793.079411060635 1363.136333536561
2793.717394878945 1363.4529802481131
2794.4181798352683 1363.6689646823068
2795.1797276391153 1363.834550159487
2796.0 1364.0
2796.876770175601 1364.2072229102444
2797.80705761627 1364.4647091408342
2798.7876933205257 1364.772594328437
2799.815508286887 1365.1310141097208
2800.887333513872 1365.5401041213524
2802.0 1366.0
2803.14406003418 1366.5116063909766
2804.2849510668784 1367.0789039741767
2805.3818318389517 1367.706642438139
2806.393861091259 1368.3995714714038
2807.2801975646557 1369.1624407625109
2808.0 1370.0
2808.528471169162 1370.913018192516
2808.9049899680704 1371.8863416291272
2809.1849793236656 1372.9008359190077
2809.4238621628915 1373.9373666713304
2809.677061412689 1374.97679949527
2810.0 1376.0
2810.427240474358 1376.9937282463668
2810.9099038756576 1377.9683221019072
2811.378250866385 1378.9400138858311
2811.7625421090274 1379.9250359173482
2811.99303826607 1380.939620515668
2812.0 1382.0
2811.744048414889 1383.1120688220171
2811.3072463811536 1384.2403699632443
2810.802017210795 1385.3391085376682
2810.3407842158153 1386.3624896592773
2810.035970708216 1387.2647184420587
2810.0 1388.0
2810.3095288290497 1388.539477947046
2810.898147636767 1388.9220498969682
2811.663680290437 1389.2035519634958
2812.5039506573435 1389.4398202603581
2813.3167826047697 1389.6866909012829
2814.0 1390.0
2814.480799231878 1390.4244638342436
2814.8038667754845 1390.9603193377718
2815.043261627459 1391.596683608348
2815.273042784443 1392.3226737437362
2815.5672692430767 1393.1274068416985
2816.0 1394.0
2816.6191260952924 1394.929333382646
2817.36786674278 1395.9033394186108
2818.1632731997292 1396.9097136031119
2818.9223967234047 1397.936151431366
2819.5622885710736 1398.9703483985893
2820.0 1400.0
2820.1815852758446 1401.0156100425804
2820.1691106978437 1402.018915580378
2820.053645573627 1403.0144619792054
2819.9262592108275 1404.0067946048762
2819.8780209170745 1405.0004588232034
2820.0 1406.0
2820.348977245775 1407.0082264470323
2820.844579354737 1408.020998259878
2821.3721445057627 1409.0324384800672
2821.81701087773 1410.0366701491303
2822.064516649516 1411.0278163085977
2822.0 1412.0
2821.542876111425 1412.9422249100305
2820.7488681795057 1413.8230173060365
2819.707776403322 1414.6057841005263
2818.509400981957 1415.2539322060104
2817.2435421144887 1415.7308685349985
2816.0 1416.0
2814.8498886788952 1416.0376887276595
2813.789577556871 1415.8721177011623
2812.796749880949 1415.5444251178276
2811.8490888981487 1415.095749174976
2810.924277855492 1414.5672280699264
2810.0 1414.0
2809.057569172995 1413.434797957109
2808.092821593011 1412.910734111538
2807.1052240728845 1412.4665154281638
2806.09424342545 1412.1408488718648
2805.059346463543 1411.9724414075176
2804.0 1412.0
2802.919834629124 1412.2416379624237
2801.839136071083 1412.6330940008356
2800.7823538275143 1413.0895131695179
2799.7739374000535 1413.5260405227516
2798.8383362903364 1413.8578211148183
2798.0 1414.0
2797.2723515697694 1413.8949464894936
2796.6247081967313 1413.5939269221578
2796.0153606170593 1413.1754318937662
2795.40259956693 1412.7179520000934
2794.7447157825186 1412.2999778369133
2794.0 1412.0
2793.138907239946 1411.8730205240468
2792.1805496605125 1411.8800871994233
2791.1562037042495 1411.9587592554183
2790.0971458137087 1412.0465959213204
2789.034652431442 1412.081156426418
2788.0 1412.0
2787.0146120630384 1411.761119562467
2786.060500568629 1411.4042427986674
2785.109824565944 1410.9895310845607
2784.1347431041618 1410.5771457961073
2783.107415232455 1410.227248309267
2782.0 1410.0
2780.8026445078995 1409.943612337196
2779.5774480649748 1410.0584971614635
2778.4044980319727 1410.3331164063397
2777.363881769644 1410.7559320053626
2776.535686638737 1411.31540589207
2776.0 1412.0
2775.8118469423994 1412.7977644220816
2775.92600346777 1413.6951018888126
2776.272183306164 1414.678003290081
2776.7801001876323 1415.7324595157759
2777.379467842227 1416.844461455786
2778.0 1418.0
2778.5888566113913 1419.1801447892913
2779.162982508389 1420.3462804684716
2779.7567687433725 1421.4548704333365
2780.4046063687174 1422.4623780796821
2781.1408864368004 1423.3252668033047
2782.0 1424.0
2782.9993932787024 1424.4631379022342
2784.0887331653385 1424.7716280891536
2785.200741720346 1425.0025149765734
2786.268141004166 1425.2328429803108
2787.223653077237 1425.5396565161807
2788.0 1426.0
2788.5431999034276 1426.6710073054753
2788.8524552006284 1427.530170137878
2788.9402643752437 1428.5350696603693
2788.8191259109167 1429.6432870361125
2788.5015382912875 1430.8124034282685
2788.0 1432.0
2787.337066366847 1433.1676476906791
2786.5755201062248 1434.2928765445208
2785.7882007786807 1435.3572063819486
2785.0479479447636 1436.342157023388
2784.4276011650204 1437.2292482892635
2784.0 1438.0
2783.8214975921496 1438.6398834132892
2783.882501411514 1439.1501755358925
2784.1569325100363 1439.536104811837
2784.6187119396627 1439.8028996851513
2785.2417607523353 1439.955788599863
2786.0 1440.0
2786.8676840052967 1439.9487445820896
2787.820400173649 1439.847162052652
2788.8340691811754 1439.7483743707048
2789.8846117039966 1439.7055034952682
2790.9479484182316 1439.7716713853602
2792.0 1440.0
2793.0225812014796 1440.4262493694641
2794.0210830790784 1441.016731809058
2795.0067907652633 1441.720397705345
2795.990989392501 1442.4861974448888
2796.9849640932575 1443.2630814142526
2798.0 1444.0
2799.041991188786 1444.6610727548698
2800.09526751004 1445.271095896303
2801.1387677577727 1445.870034807916
2802.1514307260018 1446.4978548733257
2803.112195208739 1447.194521476148
2804.0 1448.0
2804.7909355248576 1448.9387188703165
2805.449698732618 1449.972958679805
2805.9381382036468 1451.0494630629917
2806.21810251831 1452.114975654402
2806.251440256972 1453.116240088563
2806.0 1454.0
2805.4424148599323 1454.722940652754
2804.6244560780087 1455.281513828923
2803.6086794276416 1455.6821129401192
2802.4576406822425 1455.9311313979556
2801.233895615224 1456.034962614045
2800.0 1456.0
2798.8097754057817 1455.8454444445945
2797.6821065849763 1455.6417267452462
2796.6271440857895 1455.4720851765333
2795.655038456427 1455.4197580130358
2794.7759402450947 1455.5679835293315
2794.0 1456.0
2793.3370020354587 1456.7656519392397
2792.7952657302344 1457.7812088197245
2792.3827442292018 1458.9295463537487
2792.1073906772363 1460.093540253607
2791.9771582192107 1461.1560662315926
2792.0 1462.0
2792.175549785717 1462.5456515021522
2792.47016382742 1462.8630676054877
2792.841878997404 1463.0597294084728
2793.248732167965 1463.2431180095753
2793.6487602113984 1463.5207145072618
2794.0 1464.0
2794.2756136364883 1464.7554457558556
2794.5092641452734 1465.7294837212896
2794.749739781185 1466.8315360123613
2795.045828799055 1467.9710247451303
2795.446319453716 1469.0573720356567
2796.0 1470.0
2796.740514186846 1470.7288617707216
2797.640927739637 1471.2560345463924
2798.659161877859 1471.6141265420836
2799.753137821 1471.8357459728668
2800.880776788551 1471.9535010538152
2802.0 1472.0
2803.077144430937 1472.0050330871827
2804.1122100813636 1471.987118833882
2805.1136127073805 1471.9619578193056
2806.0897680650905 1471.9452506226612
2807.0490919105964 1471.9526978231565
2808.0 1472.0
2808.950908089403 1472.1028577323987
2809.9102319349095 1472.276971599561
2810.88638729262 1472.5380421806944
2811.8877899186364 1472.9017700550066
2812.9228555690624 1473.383855801706
