485 273
2775.8801119498476 1203.8308946112431
3260.3168383569255 1476.0
1.0 1.0
2814.0 1474.0
2815.0000000000273 1473.9816197865118
2816.0 1474.0
2816.9999999999727 1474.0183802134884
2818.0 1474.0
2819.000000000082 1473.9448593595343
2820.0 1474.0
2820.999999999699 1474.2021823483738
2822.0 1474.0
2823.0000000011228 1472.9964112469697
2824.0 1472.0
2824.9999999958104 1471.8121726637455
2826.0 1472.0
2827.000000015636 1472.0048980980478
2828.0 1472.0
2828.999999941645 1472.1682349440637
2830.0 1472.0
2831.0000002177835 1471.0721621256973
2832.0 1470.0
2832.99999918722 1469.543116553147
2834.0 1470.0
2835.000003033334 1471.255371661715
2836.0 1472.0
2836.999988679443 1471.1853967999937
2838.0 1470.0
2839.000042248893 1469.7530411383104
2840.0 1470.0
2840.9998423249845 1470.0524386467644
2842.0 1470.0
2843.0005884511684 1470.037204274632
2844.0 1470.0
2844.997803870342 1469.7987442547083
2846.0 1470.0
2847.0081960674624 1471.0178187065355
2848.0 1472.0
2848.969411859808 1472.1299809191496
2850.0 1472.0
2851.1141564933064 1472.2122576168663
2852.0 1472.0
2852.323962166968 1470.7709886133848
2852.0 1470.0
2851.0899948388223 1470.9537879295938
2850.0 1472.0
2849.0660584777424 1471.4138596682408
2848.0 1470.0
2846.645771250208 1468.8907733974431
2846.0 1468.0
2846.8508565214265 1467.0230467419874
2848.0 1466.0
2848.2008026640865 1465.0170396346082
2848.0 1464.0
2848.095932822228 1462.9087947195806
2848.0 1462.0
2847.1654660470035 1461.5977814870703
2846.0 1462.0
2844.99220298976 1463.200079332139
2844.0 1464.0
2842.8657219939587 1463.351901184375
2842.0 1462.0
2841.794909034406 1460.892315930363
2842.0 1460.0
2842.2046418684176 1459.0788350941743
2842.0 1458.0
2841.136523491926 1456.7923436929404
2840.0 1456.0
2838.9992641638814 1456.0017901340643
2838.0 1456.0
2836.866419852549 1455.2004957708018
2836.0 1454.0
2835.7850564259247 1452.946226782728
2836.0 1452.0
2836.243354443755 1451.014597098286
2836.0 1450.0
2834.991525799055 1448.995384824128
2834.0 1448.0
2833.790542360023 1447.0038636052027
2834.0 1446.0
2834.096304760853 1444.9891607550612
2834.0 1444.0
2833.8242385965677 1443.0394933745524
2834.0 1442.0
2834.8567408528793 1440.85286574673
2836.0 1440.0
2836.998797991917 1439.7990436385282
2838.0 1440.0
2839.148067179454 1440.2009596991568
2840.0 1440.0
2840.158933290267 1439.147117564844
2840.0 1438.0
2839.966199659477 1436.960570041467
2840.0 1436.0
2839.9762680718245 1435.010602269288
2840.0 1434.0
2840.128728053225 1432.9970208813818
2840.0 1432.0
2839.258819715275 1431.0013142051855
2838.0 1430.0
2836.5859930856755 1428.9977222978769
2836.0 1428.0
2836.897207942024 1427.0077966033077
2838.0 1426.0
2838.0751751462294 1424.9710912888927
2838.0 1424.0
2838.8020914730578 1423.107838241123
2840.0 1422.0
2840.9664589615386 1420.5975557466159
2842.0 1420.0
2843.3320726807888 1421.0019387724137
2844.0 1422.0
2843.2052503153072 1421.3946891637302
2842.0 1420.0
2841.5969260579827 1418.9193045726663
2842.0 1418.0
2842.9070454527628 1416.928092545605
2844.0 1416.0
2845.0248921309676 1415.618325244914
2846.0 1416.0
2846.9933860233673 1417.09860647474
2848.0 1418.0
2849.001563775566 1417.9872488561264
2850.0 1418.0
2851.000358874372 1418.9523981007553
2852.0 1420.0
2852.9970007269476 1420.2031587408537
2854.0 1420.0
2855.01163821784 1419.9849669358312
2856.0 1420.0
2856.9564464016953 1419.8569735158226
2858.0 1420.0
2859.1625761753803 1420.837139000879
2860.0 1422.0
2860.1432488967853 1423.0444704806619
2860.0 1424.0
2860.0144282374786 1424.984979076474
2860.0 1426.0
2859.7990381532995 1427.0156132134437
2860.0 1428.0
2861.039419149323 1428.9525680697534
2862.0 1430.0
2862.043285249409 1431.174114507544
2862.0 1432.0
2862.7874398530416 1432.1009739000715
2864.0 1432.0
2865.056955338425 1432.1719898921701
2866.0 1432.0
2866.984738793259 1430.9610665312491
2868.0 1430.0
2869.0040894885396 1429.9837439828339
2870.0 1430.0
2870.998903252581 1429.1039575374161
2872.0 1428.0
2873.0002975011353 1427.6004258675027
2874.0 1428.0
2874.9999067428776 1428.9943389925731
2876.0 1430.0
2877.0000755273554 1430.4222181622047
2878.0 1430.0
2878.9997911477026 1428.8167883586084
2880.0 1428.0
2881.000759881835 1428.5606284033622
2882.0 1430.0
2882.9971693249568 1431.4406980279439
2884.0 1432.0
2885.010562818338 1431.1765794848639
2886.0 1430.0
2886.9605794016934 1429.602984032602
2888.0 1430.0
2889.14711957489 1430.9114843847287
2890.0 1432.0
2890.200942298747 1433.001078428484
2890.0 1434.0
2889.7991112301224 1435.084201901335
2890.0 1436.0
2890.8526127807636 1436.4121139661752
2892.0 1436.0
2893.0404376468223 1434.767342233964
2894.0 1434.0
2894.9856366319473 1434.768517097969
2896.0 1436.0
2897.0170158253886 1436.408589374161
2898.0 1436.0
2898.946300066497 1435.0971254053882
2900.0 1434.0
2901.197783908627 1432.9529090042868
2902.0 1432.0
2902.0125642989974 1431.0912385774645
2902.0 1430.0
2902.7519588953837 1428.6821366858549
2904.0 1428.0
2905.229600119469 1428.6802146791174
2906.0 1430.0
2906.0796406267414 1431.0970045976774
2906.0 1432.0
2906.2018373735664 1432.9317669301745
2906.0 1434.0
2904.8630098789927 1435.175927681625
2904.0 1436.0
2904.596123110464 1436.114522343326
2906.0 1436.0
2907.252497679153 1436.115982945072
2908.0 1436.0
2908.1438861729234 1435.1715458763879
2908.0 1434.0
2907.921957629152 1432.9478335493768
2908.0 1432.0
2908.1682833104683 1431.037119926105
2908.0 1430.0
2907.1549091289758 1428.9036867462032
2906.0 1428.0
2904.9620801736305 1427.5981330890827
2904.0 1428.0
2902.9967701765017 1429.203780897466
2902.0 1430.0
2901.050839120361 1429.3367433210535
2900.0 1428.0
2898.799873342055 1426.9492458183204
2898.0 1426.0
2897.99966751142 1424.8662734056652
2898.0 1424.0
2897.2014566122652 1423.8356605590193
2896.0 1424.0
2894.94450603952 1424.0410843582574
2894.0 1424.0
2893.020519229657 1424.000002007951
2892.0 1424.0
2890.973417041853 1423.9589076099387
2890.0 1424.0
2889.0858126029343 1424.1643675522946
2888.0 1424.0
2886.6833325464136 1423.1336221808842
2886.0 1422.0
2886.680857211413 1421.0511437241705
2888.0 1420.0
2889.093238607936 1418.6618029224355
2890.0 1418.0
2890.9461883568442 1418.8016445860892
2892.0 1420.0
2893.1220079646896 1420.3816187332088
2894.0 1420.0
2894.315779784399 1419.1718804810753
2894.0 1418.0
2893.1148728977155 1416.680859342489
2892.0 1416.0
2890.97472862474 1416.6046821489685
2890.0 1418.0
2888.9862126033254 1419.4004120616376
2888.0 1420.0
2887.0804209619587 1419.2936696044817
2886.0 1418.0
2884.6921035488404 1416.924909520437
2884.0 1416.0
2884.6511648426804 1415.006692313771
2886.0 1414.0
2887.20323708044 1413.0483212244785
2888.0 1412.0
2888.2858868355615 1410.8000227883144
2888.0 1410.0
2887.1532155773148 1410.0015876222637
2886.0 1410.0
2884.851250855179 1409.193626722631
2884.0 1408.0
2883.691781001971 1406.973905487213
2884.0 1406.0
2884.881625136941 1404.9107513285176
2886.0 1404.0
2887.0317184502687 1403.6330891987168
2888.0 1404.0
2888.991501061985 1405.056891876616
2890.0 1406.0
2891.0022773017895 1406.1393432948207
2892.0 1406.0
2892.999389730856 1406.135734944103
2894.0 1406.0
2895.000163774788 1405.0677169287678
2896.0 1404.0
2896.9999551699957 1403.5933973408262
2898.0 1404.0
2899.0000155452312 1405.0586937079286
2900.0 1406.0
2900.999982649079 1406.1718278274593
2902.0 1406.0
2903.0000538584522 1406.0039949822333
2904.0 1406.0
2904.9998019171135 1405.8121922436085
2906.0 1406.0
2907.0007384730957 1406.9972360433335
2908.0 1408.0
2908.9972441905034 1408.198863583059
2910.0 1408.0
2911.010284764892 1407.9573096244324
2912.0 1408.0
2912.961616749933 1407.971897919214
2914.0 1408.0
2915.143248235377 1408.1550986987138
2916.0 1408.0
2916.2153903085605 1407.1577072859322
2916.0 1406.0
2915.7451905303824 1404.964072157558
2916.0 1404.0
2917.0538475699123 1402.986004083836
2918.0 1402.0
2918.039419189971 1401.0919115070992
2918.0 1400.0
2918.788475670205 1398.6463498877672
2920.0 1398.0
2921.0566781292105 1398.8226889418327
2922.0 1400.0
2922.984811812956 1400.3128943449033
2924.0 1400.0
2925.004074618968 1399.6757336785543
2926.0 1400.0
2926.9988897111725 1401.2341709408795
2928.0 1402.0
2929.0003665363406 1401.1375825579275
2930.0 1400.0
2930.9996441434646 1399.9654988274099
2932.0 1400.0
2933.001056889801 1399.0004221324332
2934.0 1398.0
2934.996128297331 1398.0328126428587
2936.0 1398.0
2937.014429920876 1396.8683272961334
2938.0 1396.0
2938.9461520191694 1396.743878172609
2940.0 1398.0
2941.2009620024487 1398.4061600134319
2942.0 1398.0
2941.9999999710376 1397.1314817736634
2942.0 1396.0
2942.7990381134027 1394.8179128919146
2944.0 1394.0
2945.0538475753524 1393.846866658679
2946.0 1394.0
2946.9855715851877 1394.04462047337
2948.0 1394.0
2949.0038660838964 1393.9746514478416
2950.0 1394.0
2950.9989640792282 1394.056773735264
2952.0 1394.0
2953.000277599193 1393.798253611103
2954.0 1394.0
2954.9999255240027 1395.0002118203242
2956.0 1396.0
2957.0000203048 1396.2008991076002
2958.0 1396.0
2958.9999932568016 1395.9461917492763
2960.0 1396.0
2961.000006667997 1396.0143338952964
2962.0 1396.0
2962.999980071212 1395.9964726695384
2964.0 1396.0
2965.0000730471547 1395.9997754265503
2966.0 1396.0
2966.99972774017 1396.0044256242618
2968.0 1396.0
2969.0010159921662 1395.9825220764035
2970.0 1396.0
2970.9962082911657 1396.0654860701247
2972.0 1396.0
2973.0141508431707 1395.7555336430987
2974.0 1396.0
2974.9471883361516 1397.1623793574815
2976.0 1398.0
2977.197095812224 1397.3449489269756
2978.0 1396.0
2978.0144284149546 1394.9578249346164
2978.0 1394.0
2978.7451905279604 1392.8237513345593
2980.0 1392.0
2981.2548094732047 1391.9971697271465
2982.0 1392.0
2981.9855715792214 1391.1875697568553
2982.0 1390.0
2982.802904209911 1389.0025512454326
2984.0 1388.0
2985.052811581137 1386.8022252614144
2986.0 1386.0
2986.985849465543 1386.0385477089105
2988.0 1386.0
2989.0037905566924 1385.043583902944
2990.0 1384.0
2990.998988307688 1383.7871166793132
2992.0 1384.0
2993.0002562125583 1384.0579493798036
2994.0 1384.0
2994.9999868420796 1383.9810858014725
2996.0 1384.0
2996.9997964191243 1384.0177074143062
2998.0 1384.0
2999.000827481422 1383.948084541303
3000.0 1384.0
3000.996893655186 1384.1899544204832
3002.0 1384.0
3003.0115978978356 1383.042097776765
3004.0 1382.0
3004.9567147534735 1381.6416544724573
3006.0 1382.0
3007.161543088272 1382.8912843334062
3008.0 1384.0
3008.1471128934413 1385.043208193918
3008.0 1386.0
3008.000005337965 1386.9358828909217
3008.0 1388.0
3007.852865754699 1389.2132602423958
3008.0 1390.0
3008.83853164324 1389.9610761394958
3010.0 1390.0
3011.043007672343 1390.9424351996217
3012.0 1392.0
3012.98943766739 1392.2691830620176
3014.0 1392.0
3014.999241658099 1391.7308325523084
3016.0 1392.0
3017.0135957002153 1393.057486728749
3018.0 1394.0
3018.9463755410393 1394.039220532696
3020.0 1394.0
3021.200902135629 1394.785631140469
3022.0 1396.0
3022.000015916447 1397.06825490543
3022.0 1398.0
3022.799034198583 1398.9413492378117
3024.0 1400.0
3025.05384728922 1401.1663481433252
3026.0 1402.0
3026.985576644536 1402.143258188889
3028.0 1402.0
3029.0038461326344 1402.0106191011193
3030.0 1402.0
3030.9990388249253 1401.8142654066332
3032.0 1402.0
3032.9999985676627 1402.9823192723481
3034.0 1404.0
3035.000966904423 1404.2564575039753
3036.0 1404.0
3036.996133814645 1403.7418507117522
3038.0 1404.0
3039.014497836997 1405.0261396490164
3040.0 1406.0
3040.945874837368 1406.1535906921824
3042.0 1406.0
3043.2020028135325 1406.1094975822539
3044.0 1406.0
3043.9961139085035 1405.1584189788025
3044.0 1404.0
3044.8135415524566 1403.006826502537
3046.0 1402.0
3046.999719881672 1400.8142750110505
3048.0 1400.0
3049.18757892086 1399.9860734532622
3050.0 1400.0
3049.999964434892 1399.241431175901
3050.0 1398.0
3050.812563339572 1396.7982018431344
3052.0 1396.0
3052.99978220682 1395.8157614515615
3054.0 1396.0
3055.188307833149 1396.188752350619
3056.0 1396.0
3055.996986460585 1395.1792291459624
3056.0 1394.0
3056.8237463245096 1392.844331065532
3058.0 1392.0
3058.958028241377 1391.693446591909
3060.0 1392.0
3061.344140709982 1392.881882566831
3062.0 1394.0
3061.165408918692 1395.0290231407662
3060.0 1396.0
3059.7442236152497 1397.0020248701044
3060.0 1398.0
3060.107696620311 1398.9628773788165
3060.0 1400.0
3059.824989903508 1401.14646561463
3060.0 1402.0
3060.842343765658 1402.2012601626639
3062.0 1402.0
3063.055635033861 1401.7984937347153
3064.0 1402.0
3064.9351160988995 1402.8547648984757
3066.0 1404.0
3067.203900570542 1405.032446671383
3068.0 1406.0
3067.9992816189324 1407.0154484159928
3068.0 1408.0
3068.798972953729 1408.9057596646467
3070.0 1410.0
3071.054826566154 1411.3615129254204
3072.0 1412.0
3072.981720781656 1411.1481886336726
3074.0 1410.0
3075.018290307221 1409.79573253989
3076.0 1410.0
3076.945117989461 1409.9188812067687
3078.0 1410.0
3079.2012377349347 1410.778742633036
3080.0 1412.0
3079.9999310708017 1413.2161482610873
3080.0 1414.0
3080.7990379818602 1414.1066643226147
3082.0 1414.0
3083.0539170017582 1414.1071944484545
3084.0 1414.0
3084.985294011109 1413.214557883568
3086.0 1412.0
3087.0049069538077 1410.7845740172738
3088.0 1410.0
3088.9950781736648 1409.8971460473367
3090.0 1410.0
3091.0147803515365 1409.8768417933793
3092.0 1410.0
3092.9458004201915 1410.845486779147
3094.0 1412.0
3095.2020179676983 1412.9912110900327
3096.0 1414.0
3095.996127709016 1415.1896688607226
3096.0 1416.0
3096.813471196239 1416.0001134670777
3098.0 1416.0
3098.9999875060316 1416.8098772709666
3100.0 1418.0
3101.186578779638 1419.0103774490553
3102.0 1420.0
3102.003697375419 1421.1486129328118
3102.0 1422.0
3102.798631718688 1422.1451708196976
3104.0 1422.0
3105.0517757498314 1422.0207037883986
3106.0 1422.0
3106.9942652819896 1421.7720140267086
3108.0 1422.0
3108.971163122213 1423.1412401047673
3110.0 1424.0
3111.1210822291605 1423.4130255542225
3112.0 1422.0
3112.2945079611463 1420.7066576783434
3112.0 1420.0
3111.2008859262532 1420.010343732406
3110.0 1420.0
3108.65194833384 1419.2519673920349
3108.0 1418.0
3108.6913207383864 1416.731786699455
3110.0 1416.0
3111.0827687126157 1416.0708858101452
3112.0 1416.0
3112.9776044111527 1414.9846700599644
3114.0 1414.0
3115.006813642776 1413.9904339499983
3116.0 1414.0
3116.9951410177446 1413.0535941400433
3118.0 1412.0
3119.012622286246 1411.7951894898288
3120.0 1412.0
3120.954369837273 1412.0156479006416
3122.0 1412.0
3123.169898364663 1412.1422189076047
3124.0 1412.0
3124.1160367040766 1411.1654764689401
3124.0 1410.0
3124.1159548190344 1408.9458752166356
3124.0 1408.0
3123.1701440197903 1407.0510226645185
3122.0 1406.0
3120.9534691018052 1404.8500341252914
3120.0 1404.0
3119.0159795729887 1403.7988408343163
3118.0 1404.0
3116.9826126062403 1404.2046025374439
3116.0 1404.0
3115.0535700020514 1403.1327490159083
3114.0 1402.0
3112.8031073855554 1401.014401398923
3112.0 1400.0
3111.9840004557277 1398.8096453884007
3112.0 1398.0
3111.260890791534 1397.9970170474767
3110.0 1398.0
3108.722436378137 1397.2022864216945
3108.0 1396.0
3108.09936369592 1394.943837265746
3108.0 1394.0
3106.8801088381847 1393.022364515322
3106.0 1392.0
3106.6302009513415 1390.9667046729674
3108.0 1390.0
3109.09908735645 1389.1108167928098
3110.0 1388.0
3110.9734496228593 1386.5900281557942
3112.0 1386.0
3113.007114152114 1387.0290705840137
3114.0 1388.0
3114.998093768687 1387.2936895081518
3116.0 1386.0
3117.0005107731413 1385.54617138338
3118.0 1386.0
3118.999863138749 1387.0216249583289
3120.0 1388.0
3121.0000366718623 1388.3673287833046
3122.0 1388.0
3122.999990173802 1387.0090599084526
3124.0 1386.0
3125.0000026329317 1385.5964315828846
3126.0 1386.0
3126.9999992944736 1387.1052137600086
3128.0 1388.0
3129.000000189174 1387.9827133770823
3130.0 1388.0
3130.99999994883 1388.9639327316625
3132.0 1390.0
3133.000000015508 1390.1615556962684
3134.0 1390.0
3134.9999999891415 1390.1398444832648
3136.0 1390.0
3137.0000000279288 1389.0290663706728
3138.0 1388.0
3138.9999998991434 1387.7438900340449
3140.0 1388.0
3141.000000375497 1388.2453734931476
3142.0 1388.0
3142.999998598869 1387.024615993364
3144.0 1386.0
3145.0000052290284 1385.6561625333964
3146.0 1386.0
3146.9999804850186 1386.8507338730508
3148.0 1388.0
3149.0000728308974 1389.1909019744003
3150.0 1390.0
3150.9997281913948 1390.1356582293486
3152.0 1390.0
3153.001014403525 1390.016465108206
3154.0 1390.0
3154.996214194505 1389.7984813378284
3156.0 1390.0
3157.014128818457 1391.0396095404817
3158.0 1392.0
3158.9472705316703 1392.0430805002457
3160.0 1392.0
3161.1967890548635 1392.7880684585361
3162.0 1394.0
3162.015573248876 1395.0546456656098
3162.0 1396.0
3162.7409179496312 1396.9933488790252
3164.0 1398.0
3165.270754952598 1398.9719588182893
3166.0 1400.0
3165.9260622399765 1401.1188158478174
3166.0 1402.0
3167.024996087496 1402.3027777904415
3168.0 1402.0
3167.973953410041 1401.1700729904169
3168.0 1400.0
3169.0791902723417 1398.7669302478912
3170.0 1398.0
3169.4592855005917 1398.0122060180179
3168.0 1398.0
3166.583667725291 1397.184245680037
3166.0 1396.0
3166.7060435982444 1395.0008112618345
3168.0 1394.0
3169.092157881732 1392.8125092726243
3170.0 1392.0
3170.9253248748273 1391.999151647667
3172.0 1392.0
3173.206542618958 1391.1908841367072
3174.0 1390.0
3173.9985046493416 1388.987311805504
3174.0 1388.0
3174.799438783676 1386.8598686412768
3176.0 1386.0
3177.053740215954 1385.823213629389
3178.0 1386.0
3178.9856003525083 1386.097276841167
3180.0 1386.0
3181.0038583740134 1385.7876790059436
3182.0 1386.0
3182.998966151437 1387.0020071350593
3184.0 1388.0
3185.0002770202386 1388.2042924538196
3186.0 1388.0
3186.999925767611 1387.9308230496624
3188.0 1388.0
3189.000019909319 1388.0724153475312
3190.0 1388.0
3190.999994595116 1387.7795155602141
3192.0 1388.0
3193.000001710219 1389.0595224116134
3194.0 1390.0
3194.9999985640106 1389.9823947933326
3196.0 1390.0
3197.0000040337413 1391.0108984150565
3198.0 1392.0
3198.999985301028 1391.9740115464415
3200.0 1392.0
3201.0000547621494 1393.0930553991766
3202.0 1394.0
3202.9997956503767 1393.4037668568528
3204.0 1392.0
3205.000762636344 1390.7918771734126
3206.0 1390.0
3206.9971538042464 1389.678724449497
3208.0 1390.0
3209.0106221466704 1390.9932250285997
3210.0 1392.0
3210.9603576090726 1392.3483754361055
3212.0 1392.0
3213.147947417043 1391.1132732269798
3214.0 1390.0
3214.1978527227598 1388.948531655977
3214.0 1388.0
3213.8106416919204 1387.0926001491127
3214.0 1386.0
3214.809580509561 1384.6810677475723
3216.0 1384.0
3217.201036269839 1384.6831288605981
3218.0 1386.0
3218.1362744110875 1387.0864168100356
3218.0 1388.0
3218.0038660858145 1388.9712038992595
3218.0 1390.0
3217.848261245658 1391.0287675929262
3218.0 1392.0
3218.8530889315575 1392.9137257290354
3220.0 1394.0
3220.9893830281144 1395.3163294909318
3222.0 1396.0
3223.1893789559863 1395.3209563072369
3224.0 1394.0
3224.0031011479414 1392.8998452801209
3224.0 1392.0
3224.7982164522496 1391.0796625722817
3226.0 1390.0
3227.0540330430617 1388.7815044307538
3228.0 1388.0
3228.985651375505 1388.0443197047036
3230.0 1388.0
3231.0033614549225 1387.0412167504328
3232.0 1386.0
3233.0009028048066 1385.7908132935654
3234.0 1386.0
3234.993027325852 1386.0455300753058
3236.0 1386.0
3237.0269878917857 1386.0270664052111
3238.0 1386.0
3238.8990211070054 1385.846204303849
3240.0 1386.0
3241.3769276801936 1386.8381163793936
3242.0 1388.0
3241.093268172221 1389.0513301785782
3240.0 1390.0
3239.9999996309234 1390.9565629062954
3240.0 1392.0
3238.9067333040866 1393.1224181962414
3238.0 1394.0
3238.623067152732 1394.303764308739
3240.0 1394.0
3241.1009980849867 1393.1625245688037
3242.0 1392.0
3242.9729405073217 1390.7961374160466
3244.0 1390.0
3245.0072398857274 1389.9029257670106
3246.0 1390.0
3246.9980999497693 1389.8421595159116
3248.0 1390.0
3249.0003603151968 1390.9784361693441
3250.0 1392.0
3251.000458789445 1392.244095806713
3252.0 1392.0
3252.997804527024 1391.7951806038047
3254.0 1392.0
3255.0083231024596 1392.8251817780686
3256.0 1394.0
3256.9689030631394 1395.154092283922
3258.0 1396.0
3259.1160646449844 1396.3084490862443
3260.0 1396.0
3260.3168383569255 1395.112111371102
3260.0 1394.0
3259.116581927316 1392.993105429349
3258.0 1392.0
3256.9668339338123 1390.9154669115032
3256.0 1390.0
3255.0160823374345 1389.5950269246384
3254.0 1390.0
3252.9688367164513 1391.204425389943
3252.0 1392.0
3251.1085707967627 1391.3372715155895
3250.0 1390.0
3248.5968800964997 1388.9464885477
3248.0 1388.0
3249.0039088172393 1386.876774293612
3250.0 1386.0
3249.387484634545 1385.796414277853
3248.0 1386.0
3246.946152644584 1386.1875685949765
3246.0 1386.0
3244.827904787121 1385.203311342242
3244.0 1384.0
3243.992228206935 1382.749186036057
3244.0 1382.0
3243.2031823851407 1382.0499445135304
3242.0 1382.0
3240.9450422525033 1381.0510359098218
3240.0 1380.0
3239.016648604849 1379.7459118471832
3238.0 1380.0
3236.9883633281042 1380.2153167014465
3236.0 1380.0
3235.0298980827365 1379.1428213470315
3234.0 1378.0
3232.8920443409525 1376.9633979104283
3232.0 1376.0
3231.6519245534564 1375.003587011256
3232.0 1374.0
3233.000257445224 1373.0222540445484
3234.0 1372.0
3234.347045665646 1370.9073968105508
3234.0 1370.0
3233.11155989219 1369.5981587132485
3232.0 1370.0
3230.956714765593 1371.199968336455
3230.0 1372.0
3229.0615810454374 1371.351967940932
3228.0 1370.0
3226.7969610526575 1368.8921598998177
3226.0 1368.0
3226.000574743933 1367.0793924597988
3226.0 1366.0
3225.2007399716113 1364.7902702609877
3224.0 1364.0
3222.946465369623 1364.00952649625
3222.0 1364.0
3221.013398549896 1363.171623754013
3220.0 1362.0
3218.999940430793 1361.0539784876992
3218.0 1360.0
3216.9868397269333 1358.6124622951909
3216.0 1358.0
3215.0527006614757 1358.9961723315375
3214.0 1360.0
3212.8023576271653 1359.40284837866
3212.0 1358.0
3211.987868829863 1356.892434153823
3212.0 1356.0
3211.246167053385 1355.0274150060486
3210.0 1354.0
3208.777462956601 1352.9979058219828
3208.0 1352.0
3207.893981120212 1350.98096170602
3208.0 1350.0
3207.8966125625516 1349.0782473539377
3208.0 1348.0
3208.7695686295815 1346.7060488782297
3210.0 1346.0
3211.2751129191233 1346.5975571331433
3212.0 1348.0
3211.879979693926 1349.4037225891977
3212.0 1350.0
3213.2049683051746 1349.287552510065
3214.0 1348.0
3213.050147085377 1346.946067370542
3212.0 1346.0
3212.594443353318 1344.9281780077677
3214.0 1344.0
3215.0720795013503 1343.5912205983875
3216.0 1344.0
3217.1172386412813 1345.2069395986816
3218.0 1346.0
3218.208965933525 1345.3310210068864
3218.0 1344.0
3217.7968976246184 1342.9689763737738
3218.0 1342.0
3218.853443568002 1340.7930734980198
3220.0 1340.0
3221.039328103374 1340.1087296341473
3222.0 1340.0
3222.989244018503 1338.7720079653916
3224.0 1338.0
3225.003695822616 1339.0532385042868
3226.0 1340.0
3226.9959726910347 1339.0150380174614
3228.0 1338.0
3229.0124134132457 1338.8866094258674
3230.0 1340.0
3230.954373655985 1339.4385242790688
3232.0 1338.0
3233.1700919628165 1336.8592934578576
3234.0 1336.0
3234.1152584927495 1335.1243018895009
3234.0 1334.0
3234.118874066186 1332.6434989841396
3234.0 1332.0
3233.159245242506 1332.801702173942
3232.0 1334.0
3230.99414496379 1334.3996923200928
3230.0 1334.0
3228.864174902334 1333.0995285456872
3228.0 1332.0
3227.7991554268733 1330.9521934971583
3228.0 1330.0
3228.189203390173 1329.0916974656798
3228.0 1328.0
3227.194031012437 1326.6810166401233
3226.0 1326.0
3224.7846725600807 1326.6842359738278
3224.0 1328.0
3223.917278747241 1329.0820394645666
3224.0 1330.0
3223.796212450957 1330.9876061679063
3224.0 1332.0
3225.1478714489344 1332.9675358638085
3226.0 1334.0
3225.3623017533064 1335.1422503768606
3224.0 1336.0
3222.9029215378414 1336.2134626287495
3222.0 1336.0
3221.026012095329 1335.7538991081415
3220.0 1336.0
3218.993030080844 1337.0209409386846
3218.0 1338.0
3217.0018675812944 1338.1623371371204
3216.0 1338.0
3214.9994995939765 1338.0797105128333
3214.0 1338.0
3213.0001340428007 1337.2688208115464
3212.0 1336.0
3210.9999642348216 1334.5950062409815
3210.0 1334.0
3209.0000090179115 1334.851154224527
3208.0 1336.0
3206.9999996935326 1336.2503768609097
3206.0 1336.0
3204.999992207958 1335.8973383318341
3204.0 1336.0
3203.0000314746367 1336.1602698117547
3202.0 1336.0
3200.999881893498 1335.2115824211483
3200.0 1334.0
3199.000440951373 1332.743400503653
3198.0 1332.0
3196.9983543010117 1332.06481556424
3196.0 1332.0
3195.0061418445835 1330.9973372393886
3194.0 1330.0
3192.9770783206573 1329.945835478206
3192.0 1330.0
3191.085544872789 1329.2193208477875
3190.0 1328.0
3188.680742188188 1326.9268811306445
3188.0 1326.0
3188.691486374459 1325.0731546296354
3190.0 1324.0
3191.0533123139767 1322.7805003508136
3192.0 1322.0
3193.0952643696355 1322.0548439671109
3194.0 1322.0
3194.3156302074817 1321.0001237807446
3194.0 1320.0
3193.1422148004376 1319.9446609099123
3192.0 1320.0
3190.8655105907696 1319.2212325796067
3190.0 1318.0
3189.6457428364834 1316.9204087716603
3190.0 1316.0
3191.051518063297 1315.0971323337524
3192.0 1314.0
3192.14818491033 1312.691061893331
3192.0 1312.0
3192.1057422953827 1312.6386200929246
3192.0 1314.0
3191.1788459081404 1315.2544577349722
3190.0 1316.0
3188.928874072058 1316.0935489671867
3188.0 1316.0
3187.105657803631 1316.121346396281
3186.0 1316.0
3184.648494713419 1315.1710654476897
3184.0 1314.0
3184.8003633426933 1312.9443918129602
3186.0 1312.0
3186.400051915808 1311.0513673004696
3186.0 1310.0
3185.099428994074 1308.8501389851622
3184.0 1308.0
3182.9522321078966 1307.7980767588822
3182.0 1308.0
3181.0916425743417 1308.207553979309
3180.0 1308.0
3178.6811975947385 1307.121707323881
3178.0 1306.0
3178.6835670467062 1305.055616725167
3180.0 1304.0
3181.084534218438 1302.655825775452
3182.0 1302.0
3182.9782960795446 1302.821080173026
3184.0 1304.0
3185.0022814633853 1304.3098535324448
3186.0 1304.0
3187.0125780669136 1303.6895056971941
3188.0 1304.0
3188.947406268963 1305.1821236787787
3190.0 1306.0
3191.197796857237 1305.3319995876927
3192.0 1304.0
3192.0114063020883 1302.989877970451
3192.0 1302.0
3192.756577934409 1300.708488530504
3194.0 1300.0
3195.2122819602755 1300.6761679075337
3196.0 1302.0
3196.144294224489 1303.0868398393618
3196.0 1304.0
3195.96054114177 1304.97647273502
3196.0 1306.0
3196.0135412084314 1307.0072692205586
3196.0 1308.0
3195.985294024503 1308.9944503827458
3196.0 1310.0
3196.045282693554 1311.0149292484587
3196.0 1312.0
3195.8335752012813 1312.94583262342
3196.0 1314.0
3196.8704165013232 1315.201740257861
3198.0 1316.0
3198.934758793427 1315.9972063451362
3200.0 1316.0
3201.390548324969 1316.8094343615944
3202.0 1318.0
3201.0030479067 1319.0150562084864
3200.0 1320.0
3200.597260048233 1321.1303408044607
3202.0 1322.0
3203.1079119003716 1322.213580573672
3204.0 1322.0
3204.971092350284 1321.765336900851
3206.0 1322.0
3207.007718698495 1322.975071822924
3208.0 1324.0
3208.998032855738 1324.3343758074539
3210.0 1324.0
3211.0001498785555 1323.1874249472621
3212.0 1322.0
3213.0013676300414 1320.6659244034988
3214.0 1320.0
3214.994379601281 1320.6488774387433
3216.0 1322.0
3217.0211139648377 1323.2385658415285
3218.0 1324.0
3218.921164539368 1324.146859195143
3220.0 1324.0
3221.294227877689 1323.9239973779
3222.0 1324.0
3221.401923949876 1324.1571512932578
3220.0 1324.0
3218.5980763228085 1323.1973974490688
3218.0 1322.0
3218.7057707588915 1320.8032589104664
3220.0 1320.0
3221.078840641627 1319.8395669090655
3222.0 1320.0
3222.9788666746026 1320.0884734532715
3224.0 1320.0
3225.005692659965 1319.8065392778494
3226.0 1320.0
3226.998362685538 1320.935369435331
3228.0 1322.0
3229.000856597886 1322.4519829808262
3230.0 1322.0
3230.998210922919 1320.7566986413644
3232.0 1320.0
3233.006299710438 1320.7712224537156
3234.0 1322.0
3234.976590235332 1322.4084115437727
3236.0 1322.0
3237.0873393482384 1321.0951313711935
3238.0 1320.0
3238.424052371718 1318.9610629714537
3238.0 1318.0
3236.7164511648916 1317.0606167429933
3236.0 1316.0
3236.9601429687186 1314.7964700565733
3238.0 1314.0
3237.442976960237 1314.003503030713
3236.0 1314.0
3234.7679491903345 1313.1895178205748
3234.0 1312.0
3233.735226278425 1310.9884256869889
3234.0 1310.0
3234.791145695965 1308.8567794314697
3236.0 1308.0
3237.3501909377146 1307.834456587132
3238.0 1308.0
3237.308090553178 1308.0553942200027
3236.0 1308.0
3234.9174468495753 1307.9439665328578
3234.0 1308.0
3233.022122048523 1308.1687396485672
3232.0 1308.0
3230.9940649563346 1307.1310748728731
3230.0 1306.0
3229.0016181261426 1305.05696085994
3228.0 1304.0
3226.999462539098 1302.641081687368
3226.0 1302.0
3225.0005317174655 1302.87871239059
3224.0 1304.0
3222.99841059104 1304.094068750273
3222.0 1304.0
3221.0058259183784 1304.7450126083183
3220.0 1306.0
3218.9782857354508 1307.175880816455
3218.0 1308.0
3217.081031139821 1308.3014641258612
3216.0 1308.0
3214.6975897052666 1307.1182626801003
3214.0 1306.0
3214.6286100391126 1304.9754851537382
3216.0 1304.0
3217.287970138285 1302.9797967049474
3218.0 1302.0
3217.9695094077492 1301.1053280264732
3218.0 1300.0
3218.8339922307196 1298.5988911891602
3220.0 1298.0
3220.9445216693734 1298.9991072168864
3222.0 1300.0
3223.387921091788 1299.4046799432942
3224.0 1298.0
3223.003793963476 1296.8821730099373
3222.0 1296.0
3222.5969030543097 1295.0666280169573
3224.0 1294.0
3225.1085938192873 1292.8513149222335
3226.0 1292.0
3226.9687216685425 1291.778112294109
3228.0 1292.0
3229.0165195065465 1292.2862359013309
3230.0 1292.0
3230.965200305275 1290.8269441005682
3232.0 1290.0
3233.1226792723546 1290.6559876963968
3234.0 1292.0
3234.294082605308 1293.0491051138454
3234.0 1294.0
3233.200990306416 1295.1475918482222
3232.0 1296.0
3230.651956169031 1296.1105274932665
3230.0 1296.0
3230.6911850174606 1296.1602981787123
3232.0 1296.0
3233.083303761127 1294.9982797918854
3234.0 1294.0
3234.9755999380322 1293.846582653747
3236.0 1294.0
3237.014296486744 1293.865389593128
3238.0 1294.0
3238.9672141149917 1294.941858973742
3240.0 1296.0
3241.1168470532907 1296.3671745119054
3242.0 1296.0
3242.315397671848 1295.0894429786374
3242.0 1294.0
3241.1215622593177 1293.0250535735456
3240.0 1292.0
3238.9483532908785 1290.8103427271806
3238.0 1290.0
3237.0850245771658 1289.983575517732
3236.0 1290.0
3234.711548400459 1289.2553552018912
3234.0 1288.0
3234.568781820998 1286.745003674703
3236.0 1286.0
3237.5133243155487 1286.0146300992972
3238.0 1286.0
3236.87792091681 1285.1964759281093
3236.0 1284.0
3236.974992017214 1282.9494661882663
3238.0 1282.0
3237.2221110143373 1281.0056593188256
3236.0 1280.0
3235.8865639254373 1279.0278965364325
3236.0 1278.0
3235.2316332839146 1276.8827545354457
3234.0 1276.0
3232.9369029389068 1275.6910853217857
3232.0 1276.0
3231.02075496046 1276.8529041774125
3230.0 1278.0
3228.9800772192525 1279.1472979685652
3228.0 1280.0
3227.058936162529 1280.3079039483257
3226.0 1280.0
3224.7841781306324 1279.1210862381317
3224.0 1278.0
3224.054351314943 1276.957751099148
3224.0 1276.0
3222.9984166095983 1275.0479093652766
3222.0 1274.0
3221.951982246665 1272.850611439746
3222.0 1272.0
3221.1936544037417 1271.7996448757397
3220.0 1272.0
3219.0234001383706 1272.2008090572958
3218.0 1272.0
3216.712745042778 1271.147118895077
3216.0 1270.0
3216.625619690519 1268.9607153623956
3218.0 1268.0
3219.2847761951493 1267.0100196553415
3220.0 1266.0
3219.985275528887 1264.9992060162397
3220.0 1264.0
3220.7741216893046 1262.9931562797005
3222.0 1262.0
3223.1682377138955 1261.0281688649588
3224.0 1260.0
3224.3029274551145 1258.8941682604652
3224.0 1258.0
3223.120052465646 1257.6451580931819
3222.0 1258.0
3220.966862682301 1259.025199366808
3220.0 1260.0
3219.0124968051528 1260.254044439587
3218.0 1260.0
3216.9831500970904 1259.7086228748449
3216.0 1260.0
3215.0549028064884 1261.1614640610346
3214.0 1262.0
3212.797238676959 1261.3955208810169
3212.0 1260.0
3212.006142485679 1258.7564524148981
3212.0 1258.0
3211.1781913803275 1257.8286694593912
3210.0 1258.0
3209.031091993015 1258.178869747538
3208.0 1258.0
3206.697440647616 1257.2058515504568
3206.0 1256.0
3206.6791454165214 1254.7477240506353
3208.0 1254.0
3209.0859776862994 1254.053252247003
3210.0 1254.0
3210.9769438382828 1253.039266961353
3212.0 1252.0
3213.0062469605705 1251.7896799075852
3214.0 1252.0
3214.998068319435 1252.0520134083065
3216.0 1252.0
3217.00147976169 1252.0022664591881
3218.0 1252.0
3218.9960126338074 1251.938920754941
3220.0 1252.0
3221.014469703084 1252.242050521049
3222.0 1252.0
3222.9461085538587 1250.8428771608649
3224.0 1250.0
3225.2010960814837 1250.636440835492
3226.0 1252.0
3225.999507120208 1253.1113594971669
3226.0 1254.0
3226.8008754376856 1254.9181211758414
3228.0 1256.0
3229.04699112905 1257.2161557994675
3230.0 1258.0
3231.011160046114 1257.9672556262888
3232.0 1258.0
3232.908368686494 1258.9148216953777
3234.0 1260.0
3235.355365207909 1260.3734575922012
3236.0 1260.0
3235.170170481868 1259.0913479358185
3234.0 1258.0
3233.7139528646203 1257.0111506645255
3234.0 1256.0
3234.224018059653 1254.8640494060808
3234.0 1254.0
3233.1399748967683 1253.7826517111525
3232.0 1254.0
3230.9660823532736 1254.25534374931
3230.0 1254.0
3228.9956956901383 1252.945973291608
3228.0 1252.0
3227.051134886174 1251.9607630842584
3226.0 1252.0
3224.799764765165 1251.2109743713588
3224.0 1250.0
3223.9998060531657 1248.945339430307
3224.0 1248.0
3223.201011022173 1247.0076679074132
3222.0 1246.0
3220.9461498581427 1245.02398894004
3220.0 1244.0
3219.014389545258 1242.8963763324273
3218.0 1242.0
3216.996291960829 1241.6405057302513
3216.0 1242.0
3215.0004426114274 1243.041600746568
3214.0 1244.0
3213.001937593463 1244.1930912834769
3212.0 1244.0
3210.991807014723 1243.9360341195245
3210.0 1244.0
3209.030834347647 1244.0627722384247
3208.0 1244.0
3206.8848555946875 1243.812876926777
3206.0 1244.0
3205.679743273602 1244.9357200544684
3206.0 1246.0
3206.8961713109047 1246.4442428553511
3208.0 1246.0
3208.985571482781 1244.787308524129
3210.0 1244.0
3211.1615427579723 1244.656523048134
3212.0 1246.0
3212.118257485331 1247.086599283336
3212.0 1248.0
3212.1154273007032 1248.9970798185218
3212.0 1250.0
3211.1700333118542 1250.925081442577
3210.0 1252.0
3208.9544394518794 1253.302594411171
3208.0 1254.0
3207.0122088806306 1253.3645409127403
3206.0 1252.0
3204.9967250256013 1250.739241937868
3204.0 1250.0
3203.0008910169668 1249.9284913357876
3202.0 1250.0
3200.999710906533 1249.796792718982
3200.0 1250.0
3199.0002653569018 1251.134337788286
3198.0 1252.0
3196.9992276658595 1251.4158561278753
3196.0 1250.0
3195.00282397966 1248.7022377002138
3194.0 1248.0
3192.9894764154997 1248.0251930712702
3192.0 1248.0
3191.039270358341 1247.1969900147067
3190.0 1246.0
3188.853442151137 1244.9368468699035
3188.0 1244.0
3187.796961037112 1243.0556225056791
3188.0 1242.0
3188.208713700415 1240.8406631073806
3188.0 1240.0
3187.118184161229 1239.8317250647997
3186.0 1240.0
3185.0685496546703 1240.0824366334211
3184.0 1240.0
3182.6076172200906 1239.8385284015158
3182.0 1240.0
3183.0009814649675 1240.8134497605172
3184.0 1242.0
3183.3884569200404 1243.1576725564166
3182.0 1244.0
3180.9451908548726 1244.3058600138168
3180.0 1244.0
3178.8307796604704 1243.1188873883157
3178.0 1242.0
3177.981690503246 1240.9685904329197
3178.0 1240.0
3177.2424583265442 1239.006750880005
3176.0 1238.0
3174.7984761905764 1237.0044060470602
3174.0 1236.0
3173.8136369111517 1234.975624931755
3174.0 1234.0
3174.196976164819 1233.093094225921
3174.0 1232.0
3173.148458429575 1230.6519981645615
3172.0 1230.0
3170.959190116882 1230.798913115833
3170.0 1232.0
3169.014781102898 1232.4023493721063
3168.0 1232.0
3166.9816854715264 1231.0916893957417
3166.0 1230.0
3165.0584770109967 1228.9808930449274
3164.0 1228.0
3162.784406484489 1226.9847384245506
3162.0 1226.0
3162.0538970510493 1225.0801532568717
3162.0 1224.0
3161.0000053113154 1222.6946485479637
3160.0 1222.0
3159.946081703689 1222.6412525512737
3160.0 1224.0
3159.2156678739284 1225.240341246941
3158.0 1226.0
3156.941246800597 1226.147382460963
3156.0 1226.0
3155.019344923683 1225.9201289092077
3154.0 1226.0
3152.9813735046705 1226.1721019022068
3152.0 1226.0
3151.055161057635 1225.1414634819641
3150.0 1224.0
3148.7979822647903 1223.0120441699357
3148.0 1222.0
3148.0029098832056 1220.8103598382922
3148.0 1220.0
3147.1903782023905 1219.9965164768948
3146.0 1220.0
3144.985577307235 1219.2035742541286
3144.0 1218.0
3142.867312568671 1216.9391865065909
3142.0 1216.0
3141.7951724180816 1215.039679719508
3142.0 1214.0
3142.201997759003 1212.902094615377
3142.0 1212.0
3141.146836545906 1211.601941818983
3140.0 1212.0
3138.9606560573748 1213.1901381086916
3138.0 1214.0
3137.0105392245973 1213.3875057462524
3136.0 1212.0
3134.9971870442355 1210.7598389063007
3134.0 1210.0
3133.000712598461 1209.8231386285458
3132.0 1210.0
3130.9999625619216 1210.1976065795163
3130.0 1210.0
3128.9994371538537 1209.1364350533893
3128.0 1208.0
3127.0022888226667 1207.0066532069272
3126.0 1206.0
3124.991407555483 1204.8369521189024
3124.0 1204.0
3123.0320809554037 1203.8955383174637
3122.0 1204.0
3120.880268622906 1203.8308946112431
3120.0 1204.0
3119.6968445529747 1205.0308832375645
3120.0 1206.0
3120.8323531651977 1206.0455724385001
3122.0 1206.0
3123.223742786235 1206.786827008436
3124.0 1208.0
3124.02267568986 1209.057119527757
3124.0 1210.0
3124.6855544543228 1210.984694880537
3126.0 1212.0
3127.485106492848 1213.004100950095
3128.0 1214.0
3126.874019574286 1214.9989013190827
3126.0 1216.0
3127.018815210009 1217.0002937735742
3128.0 1218.0
3127.0507195856785 1218.9999235866203
3126.0 1220.0
3126.7783064472774 1221.0000118799444
3128.0 1222.0
3128.086054625212 1223.0000288936023
3128.0 1224.0
3128.877475051877 1224.9998725456471
3130.0 1226.0
3130.4040451672836 1227.0004809238098
3130.0 1228.0
3129.0063442789915 1228.9982037591133
3128.0 1230.0
3127.5705777167523 1231.0067040397366
3128.0 1232.0
3129.211344854001 1232.9749800819397
3130.0 1234.0
3129.3340428672473 1235.0933756325046
3128.0 1236.0
3126.9524836770115 1236.401517388042
3126.0 1236.0
3124.8560224247076 1234.8005548153276
3124.0 1234.0
3123.873426624159 1234.6462633506478
3124.0 1236.0
3123.9002710786576 1237.1143917820805
3124.0 1238.0
3124.7754890612127 1238.8961695210296
3126.0 1240.0
3127.2477726764923 1241.300930133801
3128.0 1242.0
3127.983420232818 1241.4001099437667
3128.0 1240.0
3128.8185463922373 1238.5986300911322
3130.0 1238.0
3130.992394198233 1238.7053696917044
3132.0 1240.0
3133.2118768148316 1241.0798911420504
3134.0 1242.0
3133.9100985424407 1242.9750657400941
3134.0 1244.0
3135.147729015405 1245.0198458975733
3136.0 1246.0
3135.2489853959396 1246.945550669613
3134.0 1248.0
3133.6063294008395 1249.1979514239745
3134.0 1250.0
3134.8256970007046 1250.01264363449
3136.0 1250.0
3137.3408825963434 1250.7514740380666
3138.0 1252.0
3137.3107726139224 1253.231460213245
3136.0 1254.0
3134.9160269479676 1254.0726851089537
3134.0 1254.0
3133.0251195942064 1254.2277993509404
3132.0 1254.0
3130.9834946752057 1252.7661174872858
3130.0 1252.0
3129.0409017049724 1252.9577306999172
3128.0 1254.0
3126.8528985049056 1253.402959713046
3126.0 1252.0
3125.797504275404 1250.9304304479
3126.0 1250.0
3126.207084393478 1248.8753184953546
3126.0 1248.0
3125.1241581506847 1247.8182955706832
3124.0 1248.0
3123.0462830037836 1248.1014992219136
3122.0 1248.0
3120.690709834182 1247.7757075416632
3120.0 1248.0
3120.6908776594864 1249.0456706114344
3122.0 1250.0
3123.0457795278708 1250.0416100125992
3124.0 1250.0
3125.1260042290314 1250.7878893381678
3126.0 1252.0
3126.200203556006 1253.0568326347293
3126.0 1254.0
3125.823181546946 1254.9847801229166
3126.0 1256.0
3126.757070256211 1257.004046873606
3128.0 1258.0
3129.398537428211 1258.9990323826603
3130.0 1260.0
3129.148780030946 1260.9998235957526
3128.0 1262.0
3127.7563424480063 1263.001673234329
3128.0 1264.0
3128.075850177029 1264.993483466932
3128.0 1266.0
3127.940256843879 1267.0243928979435
3128.0 1268.0
3128.1631224474563 1268.9089449412945
3128.0 1270.0
3127.157253366295 1271.3398273368796
3126.0 1272.0
3124.957864087363 1271.2317457111885
3124.0 1270.0
3123.0112902842557 1269.4831898183672
3122.0 1270.0
3120.996974775617 1271.3354950153428
3120.0 1272.0
3119.000810613277 1270.924830120262
3118.0 1270.0
3116.999782771276 1270.9651845036099
3116.0 1272.0
3115.000058301619 1271.2144318652986
3114.0 1270.0
3112.999984022248 1269.9270880351962
3112.0 1270.0
3111.000005609391 1269.0772159939177
3110.0 1268.0
3108.99999354019 1267.7640479891343
3108.0 1268.0
3107.0000202298493 1268.1165920495457
3106.0 1268.0
3104.999925540413 1267.7695838126835
3104.0 1268.0
3103.000277608497 1269.0550726997212
3102.0 1270.0
3100.9989640255976 1270.0101253884325
3100.0 1270.0
3099.0038662891134 1270.904425746549
3098.0 1272.0
3096.9855708179502 1272.3721716253717
3096.0 1272.0
3095.053850439088 1271.1068877519651
3094.0 1270.0
3092.7990274257 1268.9502773667687
3092.0 1268.0
3092.000039858115 1267.0920027809614
3092.0 1266.0
3091.2008131418415 1264.681711509387
3090.0 1264.0
3088.94670757452 1264.6811511814915
3088.0 1266.0
3087.0123565600807 1267.0936837646475
3086.0 1268.0
3085.00386618516 1268.9441137599179
3084.0 1270.0
3082.972178699278 1271.1298611956806
3082.0 1272.0
3081.1074190177274 1272.28644145736
3080.0 1272.0
3078.5981452298142 1271.224372974879
3078.0 1270.0
3079.0000000630166 1268.566066643123
3080.0 1268.0
3079.4018545181193 1269.01136045263
3078.0 1270.0
3076.892581864507 1269.3884915463584
3076.0 1268.0
3075.0278180238533 1266.9346733619373
3074.0 1266.0
3072.9961460400787 1264.8728150058926
3072.0 1264.0
3070.987597815832 1263.8240666144927
3070.0 1264.0
3069.0534626965928 1264.0809185361368
3068.0 1264.0
3066.798551397796 1263.8522592409613
3066.0 1264.0
3066.002331712225 1264.7600445000185
3066.0 1266.0
3065.1921217533068 1267.3575627589648
3064.0 1268.0
3062.9791812745484 1267.3097044641218
3062.0 1266.0
3060.8911531485005 1264.9036193845482
3060.0 1264.0
3059.7062061314496 1263.0758179976876
3060.0 1262.0
3060.7840223257012 1260.7931086247029
3062.0 1260.0
3063.4077045657446 1260.0017475035015
3064.0 1260.0
3063.0851594113196 1259.1999013612922
3062.0 1258.0
3062.0016577889774 1256.94864705133
3062.0 1256.0
3060.9082094327723 1255.0055104333876
3060.0 1254.0
3060.6155044799343 1253.029311215121
3062.0 1252.0
3063.129772647492 1250.87724470613
3064.0 1250.0
3064.865404930101 1249.7117099603588
3066.0 1250.0
3067.4086076321055 1250.7759154524344
3068.0 1252.0
3067.0001645414804 1253.434628229904
3066.0 1254.0
3066.5907342019746 1252.9855716279508
3068.0 1252.0
3069.1368986506213 1252.6230852582935
3070.0 1254.0
3070.861671195541 1255.022087338876
3072.0 1256.0
3073.4164165672178 1257.2885653862033
3074.0 1258.0
3072.9726625355884 1257.3236511163118
3072.0 1256.0
3072.692933290428 1254.9168301485504
3074.0 1254.0
3074.5056043027007 1253.0090282894876
3074.0 1252.0
3072.784649498771 1251.0470566935
3072.0 1250.0
3072.6057977022156 1248.8027449365134
3074.0 1248.0
3075.292159692366 1247.9919635604479
3076.0 1248.0
3075.9755635283195 1247.2294008216963
3076.0 1246.0
3076.8055861943567 1244.840433152767
3078.0 1244.0
3079.052091694256 1243.6588665672364
3080.0 1244.0
3080.986047028621 1245.0241005782896
3082.0 1246.0
3083.003720191261 1246.244731119607
3084.0 1246.0
3084.9990722063376 1245.7469749432837
3086.0 1246.0
3086.999990983391 1247.0173691072587
3088.0 1248.0
3089.0009638601005 1248.1835486276818
3090.0 1248.0
3090.9961535762086 1247.9984363820156
3092.0 1248.0
3093.0144218350656 1247.8227058442574
3094.0 1248.0
3094.9461590835303 1248.9607402409554
3096.0 1250.0
3097.200941830815 1250.3343331919202
3098.0 1250.0
3098.0000735932113 1249.2019269913633
3098.0 1248.0
3098.7987637963415 1246.6079588426269
3100.0 1246.0
3101.0548712214263 1246.8662376381296
3102.0 1248.0
3102.981751317958 1248.1770906048553
3104.0 1248.0
3105.018123506745 1248.1753999424504
3106.0 1248.0
3106.945754655064 1246.8713096253439
3108.0 1246.0
3109.198857873 1246.5893615561745
3110.0 1248.0
3110.008813852938 1249.2712441499584
3110.0 1250.0
3110.765886715249 1250.0756618439923
3112.0 1250.0
3113.1776392860656 1250.1761084740722
3114.0 1250.0
3114.2735561404884 1248.969904259718
3114.0 1248.0
3113.2281361519813 1247.9442744870555
3112.0 1248.0
3110.5638992515887 1247.2529977920608
3110.0 1246.0
3111.016266841665 1244.7937343447022
3112.0 1244.0
3111.3710333817535 1243.8220648291306
3110.0 1244.0
3108.9995996313255 1244.1680063387766
3108.0 1244.0
3106.6305680929477 1243.2559098157633
3106.0 1242.0
3106.978127996886 1240.5583543981695
3108.0 1240.0
3107.4569199195093 1241.010672591559
3106.0 1242.0
3104.694192325077 1241.3989552355965
3104.0 1240.0
3104.016310780183 1238.8935064660564
3104.0 1238.0
3103.2405645541908 1237.0270189001792
3102.0 1236.0
3100.771431003055 1234.9984179332282
3100.0 1234.0
3099.92371143359 1232.9793093669098
3100.0 1232.0
3099.7837232625843 1231.0843445991347
3100.0 1230.0
3101.191395516072 1228.6833122365524
3102.0 1228.0
3101.2006946731285 1228.6824064546565
3100.0 1230.0
3099.755825791415 1231.0870619448222
3100.0 1232.0
3100.0260021612103 1232.969345766055
3100.0 1234.0
3100.1401655637437 1235.035554990958
3100.0 1236.0
3099.1633355838158 1236.888434270113
3098.0 1238.0
3096.9564921009933 1239.4107079285911
3096.0 1240.0
3095.010696012212 1238.9687340155247
3094.0 1238.0
3093.0007238501603 1238.7143560093116
3092.0 1240.0
3090.986408587147 1240.4238419472297
3090.0 1240.0
3089.053641801251 1239.0902762017704
3088.0 1238.0
3086.7990242078477 1236.9650532456892
3086.0 1236.0
3086.000261367359 1235.0495108154737
3086.0 1234.0
3085.199930322717 1232.8369034924176
3084.0 1232.0
3082.950017341774 1231.8528752148577
3082.0 1232.0
3081.000000310187 1232.0015956481518
3080.0 1232.0
3079.0499814174786 1232.1407421925355
3078.0 1232.0
3076.8000740198986 1231.1854355817075
3076.0 1230.0
3075.9997225029274 1228.8675154806353
3076.0 1228.0
3075.201035968395 1227.5945024957512
3074.0 1228.0
3072.9461336234963 1229.2544745363602
3072.0 1230.0
3071.014429537622 1229.1375993588088
3070.0 1228.0
3068.996148226016 1227.9451280284059
3068.0 1228.0
3067.000977558315 1227.0818885275685
3066.0 1226.0
3064.999941540728 1225.7273178613207
3064.0 1226.0
3062.999256278776 1226.258840027149
3062.0 1226.0
3061.003033344168 1224.9873220300833
3060.0 1224.0
3058.9886103445547 1223.7918718525186
3058.0 1224.0
3057.0425252776163 1224.0951905598426
3056.0 1224.0
3054.841288544981 1223.8273659081108
3054.0 1224.0
3053.842320542461 1224.8453458077145
3054.0 1226.0
3054.039429285175 1227.0412508610307
3054.0 1228.0
3053.999962316839 1228.9896507481624
3054.0 1230.0
3053.960721447469 1231.0001461463198
3054.0 1232.0
3054.1571518932847 1233.0097646665586
3054.0 1234.0
3053.1606709793937 1234.9607951874457
3052.0 1236.0
3050.950164189144 1237.1470545836587
3050.0 1238.0
3049.038672264032 1238.2009864779202
3048.0 1238.0
3046.8951467547295 1237.798999504661
3046.0 1238.0
3045.630740717051 1238.8530155034364
3046.0 1240.0
3047.081890377068 1241.038938481593
3048.0 1242.0
3048.0416977746772 1242.9912305701914
3048.0 1244.0
3048.7513185242224 1244.9961392376422
3050.0 1246.0
3051.2030281284337 1247.024212479241
3052.0 1248.0
3052.186568962044 1248.9070108453946
3052.0 1250.0
3051.8006960233915 1251.3477441391817
3052.0 1252.0
3052.860646944391 1251.2020125978793
3054.0 1250.0
3055.006716199044 1249.594205469302
3056.0 1250.0
3057.112488259431 1250.9211655249128
3058.0 1252.0
3058.293330763233 1252.9711324310474
3058.0 1254.0
3057.214188687641 1255.1943047508987
3056.0 1256.0
3054.599914486204 1256.0016485653587
3054.0 1256.0
3054.886153367543 1256.7991009876673
3056.0 1258.0
3056.105472043624 1259.051947483972
3056.0 1260.0
3056.6919584579628 1260.9931090764453
3058.0 1262.0
3059.376694124527 1262.9756162102483
3060.0 1264.0
3059.3012650439305 1265.1044260825627
3058.0 1266.0
3056.9182456997523 1266.356679459502
3056.0 1266.0
3055.02575215706 1264.9688560794298
3054.0 1264.0
3052.9787456720073 1263.767896222779
3052.0 1264.0
3051.0592651549105 1264.2095590294546
3050.0 1264.0
3048.7841937083504 1263.1438676594034
3048.0 1262.0
3048.053960011687 1260.9649703329337
3048.0 1260.0
3046.9999662449018 1258.996251008864
3046.0 1258.0
3045.9461750087066 1257.0500256316116
3046.0 1256.0
3045.215333720272 1254.8036464646898
3044.0 1254.0
3042.942490110205 1253.985388509629
3042.0 1254.0
3041.0147058389084 1253.2547994967942
3040.0 1252.0
3038.998686534164 1250.7454135031949
3038.0 1250.0
3036.9905480244392 1250.0135464904265
3036.0 1250.0
3035.039121368081 1249.2004005350989
3034.0 1248.0
3032.8529665032383 1246.9348513691775
3032.0 1246.0
3031.7990126189675 1245.0601939881917
3032.0 1244.0
3032.200983020892 1242.8243726780563
3032.0 1242.0
3031.147055297464 1241.892315299583
3030.0 1242.0
3028.960795789256 1241.8563661236108
3028.0 1242.0
3027.0097615455143 1242.932220205974
3026.0 1244.0
3025.000158028688 1244.4147530524933
3024.0 1244.0
3022.9896063397337 1242.9087675840535
3022.0 1242.0
3021.0414166123755 1241.950176611294
3020.0 1242.0
3018.8447272107646 1241.2905259707713
3018.0 1240.0
3017.8296745445655 1238.6377195056207
3018.0 1238.0
3018.086574610972 1238.6585960067462
3018.0 1240.0
3017.8240270115466 1241.2278964673953
3018.0 1242.0
3018.867317342842 1242.1798181236736
3020.0 1242.0
3020.956703617086 1241.8028310379111
3022.0 1242.0
3023.305868188815 1242.8588577246824
3024.0 1244.0
3023.319823627655 1245.0117380633599
3022.0 1246.0
3020.9148373005687 1247.0941900218788
3020.0 1248.0
3019.0208271700735 1248.3615018491255
3018.0 1248.0
3017.001854019139 1246.9598025816188
3016.0 1246.0
3014.971756753372 1245.7992878243995
3014.0 1246.0
3013.111118967374 1246.0930461207847
3012.0 1246.0
3010.583767377134 1245.8285276924635
3010.0 1246.0
3011.053811524093 1246.842843109363
3012.0 1248.0
3011.2009865264954 1249.0500998700857
3010.0 1250.0
3009.8922423699264 1250.956757410295
3010.0 1252.0
3009.2300439938003 1253.1228704887353
3008.0 1254.0
3006.9375816548722 1254.301760634765
3006.0 1254.0
3005.0196293867093 1253.170086972205
3004.0 1252.0
3002.983900798289 1250.7678914764153
3002.0 1250.0
3001.044767420134 1250.0083471221337
3000.0 1250.0
2998.837029521175 1249.1987200350497
2998.0 1248.0
2997.857114495167 1246.9467727376677
2998.0 1246.0
2997.9845124981593 1245.0141890142793
2998.0 1244.0
2998.2048355121965 1242.9964712052156
2998.0 1242.0
2996.9461454530547 1240.9999261648584
2996.0 1240.0
2996.010582675585 1239.0038241353525
2996.0 1238.0
2995.0115238446056 1236.9847772937335
2994.0 1236.0
2993.9433219459934 1235.057066689714
2994.0 1234.0
2993.2151883714237 1232.7869559474104
2992.0 1232.0
2990.945924568313 1232.0451095206452
2990.0 1232.0
2989.0011133553267 1231.0326059700099
2988.0 1230.0
2987.049622010383 1229.8244665993159
2986.0 1230.0
2984.8003986031435 1229.9195276327266
2984.0 1230.0
2983.998783577043 1230.7474228697781
2984.0 1232.0
2983.204467088683 1233.3407808881618
2982.0 1234.0
2980.9333480682267 1233.3894535775758
2980.0 1232.0
2979.062140638414 1230.6014048015359
2978.0 1230.0
2976.8180893781196 1230.7049272162812
2976.0 1232.0
2975.9155018491106 1233.0788863333394
2976.0 1234.0
2975.769903225438 1234.9795274503626
2976.0 1236.0
2977.254885249136 1237.0030038652105
2978.0 1238.0
2976.9605557780187 1239.0084570887948
2976.0 1240.0
2976.9028916387906 1240.9631677796096
2978.0 1242.0
2977.42787766682 1243.1388717927666
2976.0 1244.0
2974.8855976939285 1244.2313450493245
2974.0 1244.0
2973.0297315574685 1243.6857480099354
2972.0 1244.0
2970.9954760761993 1245.2756629109335
2970.0 1246.0
2968.988364137735 1244.961600346331
2968.0 1244.0
2967.0510673728604 1244.8779357037429
2966.0 1246.0
2964.807366370824 1245.5266568386976
2964.0 1244.0
2963.969467143845 1242.5154369414677
2964.0 1242.0
2963.3147650537953 1242.9115953954333
2962.0 1244.0
2960.5214726409736 1244.0881814768002
2960.0 1244.0
2961.099344382312 1244.7356786973662
2962.0 1246.0
2961.0811498297785 1247.2191037337357
2960.0 1248.0
2960.576056298576 1248.137906367693
2962.0 1248.0
2963.1146249759186 1247.9792707954944
2964.0 1248.0
2964.9654437977497 1247.9450104503308
2966.0 1248.0
2967.023599833084 1248.2406874031835
2968.0 1248.0
2968.940156869917 1246.8422399369354
2970.0 1246.0
2971.2157726872497 1246.640352849075
2972.0 1248.0
2971.946752381085 1249.0963486667647
2972.0 1250.0
2972.997217788409 1250.974252483867
2974.0 1252.0
2974.064376465278 1253.0066413977684
2974.0 1254.0
2974.7452763504803 1254.9991819250604
2976.0 1256.0
2977.2045181328026 1256.9966309019908
2978.0 1258.0
2978.186651118311 1259.0142944669767
2978.0 1260.0
2977.7988773939546 1260.9461912301024
2978.0 1262.0
2978.8678393058703 1263.2009406126147
2980.0 1264.0
2980.979765382562 1264.0000463194401
2982.0 1264.0
2983.2130991638815 1264.7988741096249
2984.0 1266.0
2983.9178379619143 1267.0544572420604
2984.0 1268.0
2985.1155489884636 1268.9832969221336
2986.0 1270.0
2985.36996608423 1271.0123550694052
2984.0 1272.0
2982.904586674618 1272.9672828002463
2982.0 1274.0
2981.0116872173007 1275.118513729611
2980.0 1276.0
2979.0486644561806 1276.3086622813103
2978.0 1276.0
2976.793654957979 1275.146837145148
2976.0 1274.0
2976.026715711905 1272.8539891380976
2976.0 1272.0
2975.099482194401 1271.6872063024625
2974.0 1272.0
2973.5753555104916 1272.8971856520525
2974.0 1274.0
2975.099095763635 1274.9740510893273
2976.0 1276.0
2976.0282614349703 1277.2066099906383
2976.0 1278.0
2976.787858496483 1277.9495089481195
2978.0 1278.0
2979.0703045790997 1278.9953542168846
2980.0 1280.0
2980.930923187121 1280.0690741843437
2982.0 1280.0
2983.206002672417 1280.7283490457414
2984.0 1282.0
2983.9950661232115 1283.2675296326904
2984.0 1284.0
2984.81373283474 1283.9515324234972
2986.0 1284.0
2987.000002537831 1284.9263406733212
2988.0 1286.0
2989.1862570139365 1286.343104883218
2990.0 1286.0
2990.004969406424 1285.201239793807
2990.0 1284.0
2990.793865360369 1282.6019359415543
2992.0 1282.0
2993.0695691521014 1282.891016439977
2994.0 1284.0
2994.9278580312293 1284.0839982985397
2996.0 1284.0
2997.218998722983 1284.772990365866
2998.0 1286.0
2997.9461470768397 1287.0740402379984
2998.0 1288.0
2998.99641296966 1288.9308486821417
3000.0 1290.0
3000.068201044521 1291.202565033435
3000.0 1292.0
3000.730782852256 1292.0088911841187
3002.0 1292.0
3003.2586675464554 1292.7618702300906
3004.0 1294.0
3003.984546961923 1295.1936278955193
3004.0 1296.0
3004.803144605852 1296.2136181878327
3006.0 1296.0
3007.0528746146683 1295.7018993531503
3008.0 1296.0
3008.985356935476 1297.2287843995668
3010.0 1298.0
3011.0056976434307 1297.1329630485827
3012.0 1296.0
3012.9918524908035 1295.9893634061023
3014.0 1296.0
3015.0268923933586 1294.9095833270087
3016.0 1294.0
3016.900577935766 1294.622303285864
3018.0 1296.0
3019.370795863579 1297.101203529537
3020.0 1298.0
3019.1162386099186 1298.9728825959903
3018.0 1300.0
3017.9142496967493 1301.0072660865035
3018.0 1302.0
3017.226762603087 1302.9980530579974
3016.0 1304.0
3014.9286998909038 1305.0005216815082
3014.0 1306.0
3013.0584378333 1306.9998602159712
3012.0 1308.0
3010.8375487759 1309.0000374546066
3010.0 1310.0
3009.841367063104 1310.9999899656016
3010.0 1312.0
3010.046982971688 1313.0000026829873
3010.0 1314.0
3009.970701050147 1314.9999993024505
3010.0 1316.0
3010.0702128277253 1317.0000001072117
3010.0 1318.0
3009.7484476389523 1319.0000002687018
3010.0 1320.0
3011.1859966164684 1320.999998817981
3012.0 1322.0
3011.2575658951746 1323.0000044593746
3010.0 1324.0
3009.5337398028346 1324.9999833445208
3010.0 1326.0
3011.107474893489 1327.0000621625431
3012.0 1328.0
3012.0363606232127 1328.9997680053073
3012.0 1330.0
3012.7470826136637 1331.0008658162271
3014.0 1332.0
3015.2253089221335 1332.996768729784
3016.0 1334.0
3016.101681697802 1335.0120592646383
3016.0 1336.0
3016.1179642866573 1336.9549942116637
3016.0 1338.0
3015.176461155568 1339.1679638887085
3014.0 1340.0
3012.9261910910714 1340.1231502335029
3012.0 1340.0
3011.1187744801473 1340.0894351772797
3010.0 1340.0
3008.598710988341 1339.2691090573774
3008.0 1338.0
3008.9863815664926 1336.5841285932104
3010.0 1336.0
3009.4557627456907 1336.8943765697813
3008.0 1338.0
3006.6905674507466 1338.0883651276647
3006.0 1338.0
3006.0319674513225 1338.752162919561
3006.0 1340.0
3005.1815627439637 1341.1529831940923
3004.0 1342.0
3002.9917815728245 1342.3859043040713
3002.0 1342.0
3000.8513109647397 1340.8033995896235
3000.0 1340.0
2999.852974568217 1340.6504973374356
3000.0 1342.0
2999.9867907623902 1343.094611060635
3000.0 1344.0
3000.199862382222 1344.9710584200245
3000.0 1346.0
2998.963759708724 1347.0211552592668
2998.0 1348.0
2997.945098782886 1348.9443205429084
2998.0 1350.0
2997.255845159735 1351.2015625691004
2996.0 1352.0
2994.7815205781753 1351.999429180691
2994.0 1352.0
2993.868072527566 1352.800720708136
2994.0 1354.0
2993.9961893115637 1355.0476879867651
2994.0 1356.0
2994.1471702261806 1357.0085273448033
2994.0 1358.0
2993.1651297837157 1358.9182026340216
2992.0 1360.0
2990.942310638958 1361.3186621191103
2990.0 1362.0
2989.0656276604536 1361.3071488895366
2988.0 1360.0
2986.7951787192287 1358.9527423227428
2986.0 1358.0
2986.0036574626342 1356.8818818194923
2986.0 1356.0
2985.1901914302366 1355.7697303992882
2984.0 1356.0
2982.9855768164207 1356.289196583355
2982.0 1356.0
2980.8675013040806 1354.8234832672913
2980.0 1354.0
2979.7944179672577 1354.6668703474802
2980.0 1356.0
2980.204826826891 1357.009035342789
2980.0 1358.0
2979.1362747251815 1359.2969882813647
2978.0 1360.0
2977.000074272387 1359.3030115317536
2976.0 1358.0
2974.8634281852733 1356.9909655916217
2974.0 1356.0
2973.7962129865205 1354.7331261017603
2974.0 1354.0
2974.2017198686476 1354.5765300013377
2974.0 1356.0
2973.1469075388914 1357.4607538928892
2972.0 1358.0
2970.960649975789 1357.0804544271052
2970.0 1356.0
2969.010492557955 1355.9674283986906
2968.0 1356.0
2966.9973797923926 1355.0498319781327
2966.0 1354.0
2964.999988272474 1353.8332436887783
2964.0 1354.0
2963.002667117711 1353.8671932667546
2962.0 1354.0
2960.989343256682 1354.9479832442041
2960.0 1356.0
2959.0399598555637 1356.3408737564305
2958.0 1356.0
2956.8508173210666 1355.188521730075
2956.0 1354.0
2955.806770860171 1352.6550393232696
2956.0 1352.0
2956.172099238248 1352.6913209768459
2956.0 1354.0
2955.254832186837 1355.0796767693464
2954.0 1356.0
2952.5585720144045 1356.9899719457703
2952.0 1358.0
2953.010879755545 1358.960435447575
2954.0 1360.0
2953.397908963416 1361.1682862639318
2952.0 1362.0
2950.897484390792 1362.1164194966989
2950.0 1362.0
2949.012153473417 1362.116035749274
2948.0 1362.0
2947.053901715543 1361.1694375062064
2946.0 1360.0
2944.7722396644135 1358.9562142259006
2944.0 1358.0
2944.107139626804 1357.0057055901918
2944.0 1356.0
2942.7992018283717 1355.0209634133332
2942.0 1354.0
2942.9460530597103 1352.9104407564757
2944.0 1352.0
2943.4165859327886 1351.5872735607647
2942.0 1352.0
2940.8876032091384 1353.2404650004653
2940.0 1354.0
2939.0330012306617 1353.2008664373734
2938.0 1352.0
2936.980391868218 1351.7060692500409
2936.0 1352.0
2935.0454312964694 1352.2248565624634
2934.0 1352.0
2932.837882945906 1351.1445045001055
2932.0 1350.0
2931.853036919908 1348.9471254371144
2932.0 1348.0
2931.9999693744635 1347.0669937514372
2932.0 1346.0
2932.1470855822395 1344.784899557137
2932.0 1344.0
2931.16168829658 1344.0434080200162
2930.0 1344.0
2928.9561612314405 1343.0414683628005
2928.0 1342.0
2927.013666777657 1341.7907185287827
2926.0 1342.0
2924.989171657931 1342.0456575220685
2924.0 1342.0
2923.0296465906204 1342.0266513829433
2922.0 1342.0
2920.8922419795886 1341.847736946159
2920.0 1342.0
2919.651385491026 1342.8324008324207
2920.0 1344.0
2921.0022160563085 1345.0726597241583
2922.0 1346.0
2922.339750283741 1346.876960270947
2922.0 1348.0
2921.1387828087272 1349.4194991920556
2920.0 1350.0
2918.855118481351 1348.945042960832
2918.0 1348.0
2917.6907432658713 1348.800328964616
2918.0 1350.0
2918.881908455165 1350.1036411807038
2920.0 1350.0
2921.031622913469 1350.7851063125697
2922.0 1352.0
2922.991599890959 1353.005933569018
2924.0 1354.0
2925.0019775226956 1355.191159411358
2926.0 1356.0
2927.000490018262 1355.9794287855482
2928.0 1356.0
2928.9960624042596 1356.8911254464483
2930.0 1358.0
2931.015260364704 1358.456069428658
2932.0 1358.0
2932.942896136927 1356.7845968389192
2934.0 1356.0
2935.213155087588 1356.6555432156665
2936.0 1358.0
2935.9544835127226 1359.0932302984163
2936.0 1360.0
2936.9689108615235 1360.9715355906692
2938.0 1362.0
2938.169873041186 1363.0206273389085
2938.0 1364.0
2938.1015969737327 1364.9459550536976
2938.0 1366.0
2937.1737390638827 1367.1955524463017
2936.0 1368.0
2934.953446770735 1368.0218351610959
2934.0 1368.0
2933.0124738531767 1368.7171069093154
2932.0 1370.0
2930.996657816558 1371.3597372016434
2930.0 1372.0
2929.000894880593 1371.3439442841127
2928.0 1370.0
2926.9997626610693 1368.7644856619079
2926.0 1368.0
2925.0000544751297 1367.8481130682565
2924.0 1368.0
2923.000019438413 1368.0930620650663
2922.0 1368.0
2920.999867771219 1367.7796386714792
2920.0 1368.0
2919.0005094767116 1369.0383832490184
2918.0 1370.0
2916.998094321936 1370.0668283324483
2916.0 1370.0
2915.0071132355447 1370.6943034211893
2914.0 1372.0
2912.973452735887 1373.405957982797
2912.0 1374.0
2911.099075820909 1373.1818646476247
2910.0 1372.0
2908.630243980478 1371.6165834267044
2908.0 1372.0
2908.879948257179 1372.8518016455575
2910.0 1374.0
2910.0999629908074 1375.2262099910658
2910.0 1376.0
2910.7201997795946 1375.9933583901807
2912.0 1376.0
2913.2692378908164 1376.8003564482133
2914.0 1378.0
2913.952848657143 1379.055215816968
2914.0 1380.0
2914.919367480616 1380.9787802839169
2916.0 1382.0
2916.369681420396 1383.0296630473656
2916.0 1384.0
2915.1019068378005 1384.9025675266216
2914.0 1386.0
2912.972691228402 1387.3600668461486
2912.0 1388.0
2911.007328248594 1387.1571650887847
2910.0 1386.0
2908.9979957772243 1385.7612727987125
2908.0 1386.0
2907.000688642508 1386.0477437163652
2906.0 1386.0
2904.999249652743 1386.0477523358268
2904.0 1386.0
2903.00231274652 1385.761246940328
2902.0 1386.0
2900.9914993611765 1387.157259902862
2900.0 1388.0
2899.0316898087744 1387.3597134482243
2898.0 1386.0
2896.8817414037253 1384.9038863042413
2896.0 1384.0
2895.6913445763253 1383.024741334811
2896.0 1382.0
2896.852880290975 1380.997148356515
2898.0 1380.0
2899.1471342597765 1378.9866652391295
2900.0 1378.0
2900.3085826699216 1377.0561906869682
2900.0 1376.0
2899.1185350605388 1374.7885720129989
2898.0 1374.0
2896.9672770879242 1374.0395212610363
2896.0 1374.0
2895.012356587765 1373.053342942856
2894.0 1372.0
2892.9832965610153 1371.7471069675398
2892.0 1372.0
2891.054457168173 1372.208229186985
2890.0 1372.0
2888.798874766293 1371.1699762845203
2888.0 1370.0
2888.0000437666563 1368.8618656749334
2888.0 1368.0
2887.200950167083 1367.6325610157464
2886.0 1368.0
2884.9461555650114 1369.1078902620814
2884.0 1370.0
2883.0144275728726 1369.9358779359281
2882.0 1370.0
2880.9961341435005 1371.148597994206
2880.0 1372.0
2879.001035853127 1371.2197300872485
2878.0 1370.0
2876.9997224439912 1369.722481656801
2876.0 1370.0
2875.000074370909 1370.1403432855489
2874.0 1370.0
2872.999980072375 1369.7161452010043
2872.0 1370.0
2871.000005339591 1371.2450759104347
2870.0 1372.0
2868.999998569261 1371.0535511572564
2868.0 1370.0
2867.000000383366 1370.5407194605393
2866.0 1372.0
2864.9999998972776 1373.283571000588
2864.0 1374.0
2863.0000000275245 1374.0749965371103
2862.0 1374.0
2860.9999999926254 1374.1664428509716
2860.0 1374.0
2859.000000001977 1373.0092320590047
2858.0 1372.0
2856.99999999947 1371.7966289130104
2856.0 1372.0
2855.000000000143 1372.0542522889536
2854.0 1372.0
2852.9999999999573 1371.986361931175
2852.0 1372.0
2851.000000000028 1372.0002999863466
2850.0 1372.0
2848.999999999932 1372.0124381234398
2848.0 1372.0
2847.000000000246 1371.9499475198952
2846.0 1372.0
2844.9999999990846 1372.1877717969808
2844.0 1372.0
2843.0000000034174 1371.0489652921835
2842.0 1370.0
2840.9999999872466 1369.6163670342874
2840.0 1370.0
2839.000000047596 1370.9855665706684
2838.0 1372.0
2836.9999998223707 1372.441366683039
2836.0 1372.0
2835.0000006629225 1370.7489666971758
2834.0 1370.0
2832.999997525941 1370.8127665282586
2832.0 1372.0
2831.0000092333144 1372.2499671897901
2830.0 1372.0
2828.9999655408024 1371.937364712581
2828.0 1372.0
2827.0001286034776 1372.000573959885
2826.0 1372.0
2824.9995200452868 1372.060339447878
2824.0 1372.0
2823.0017912153735 1371.7580682486025
2822.0 1372.0
2820.9933150932193 1373.157387557713
2820.0 1374.0
2819.02494841175 1373.3623815205465
2818.0 1372.0
2816.9068912597813 1370.8930863601024
2816.0 1370.0
2815.5974865491253 1369.0652730390448
2816.0 1368.0
2817.2031625437194 1366.845821483719
2818.0 1366.0
2817.339863275998 1365.8014410260796
2816.0 1366.0
2814.9373843522885 1366.198414411963
2814.0 1366.0
2812.9105993148482 1365.1549013260683
2812.0 1364.0
2811.6702183883212 1362.9319802837626
2812.0 1362.0
2812.9085271318686 1361.1171775388814
2814.0 1360.0
2814.945673084207 1358.5993095607123
2816.0 1358.0
2817.308780531305 1358.9855842182699
2818.0 1360.0
2817.3192047905764 1359.4583535662096
2816.0 1358.0
2814.9144003063925 1356.681001516893
2814.0 1356.0
2813.0231939838563 1356.067640366219
2812.0 1356.0
2810.992823758183 1355.0484370182323
2810.0 1354.0
2809.0055109834116 1353.7386115608529
2808.0 1354.0
2806.98513230817 1354.247116738357
2806.0 1354.0
2805.05395978391 1353.0229214857186
2804.0 1352.0
2802.7990285561905 1351.6611973187687
2802.0 1352.0
2801.99992599133 1352.8322892392066
2802.0 1354.0
2801.2012674784914 1355.2596457244051
2800.0 1356.0
2798.9450040947077 1355.879127863173
2798.0 1356.0
2797.0187161426807 1357.2238428229034
2796.0 1358.0
2794.980131334571 1356.9755008452141
2794.0 1356.0
2793.0607585190373 1356.874153796242
2792.0 1358.0
2790.776834589283 1357.5278839698194
2790.0 1356.0
2790.081903123831 1354.514310324481
2790.0 1354.0
2788.8955529153927 1354.9148747322579
2788.0 1356.0
2788.5858852146007 1356.076190746489
2790.0 1356.0
2791.2609062262054 1356.7803622817873
2792.0 1358.0
2792.1204898805786 1359.0523601263624
2792.0 1360.0
2792.0071342514802 1361.0101972127636
2792.0 1362.0
2791.8509731134995 1362.9068510225845
2792.0 1364.0
2792.8389732945216 1365.3623986968994
2794.0 1366.0
2795.043133708415 1365.1435541898188
2796.0 1364.0
2796.988491871819 1363.8133845438258
2798.0 1364.0
2799.002898804311 1363.8529076348782
2800.0 1364.0
2800.9999129109383 1365.0249849166612
2802.0 1366.0
2802.9974495519373 1366.047152698477
2804.0 1366.0
2805.010288881313 1366.7864042894307
2806.0 1368.0
2806.961394922811 1369.0572301437999
2808.0 1370.0
2809.144131427444 1370.98467513537
2810.0 1372.0
2810.212079367415 1373.0040693147212
2810.0 1374.0
2809.757551102898 1374.999047605746
2810.0 1376.0
2811.007716220997 1376.999740262295
2812.0 1378.0
2812.211584013118 1379.0019913450747
2812.0 1380.0
2811.8959477265307 1380.992294357407
2812.0 1382.0
2812.204625080757 1383.0288312252983
2812.0 1384.0
2811.035551950442 1384.8923807414008
2810.0 1386.0
2809.6531671174757 1387.401645809099
2810.0 1388.0
2810.8517795796542 1387.001036022204
2812.0 1386.0
2813.1897145639064 1386.5942101020853
2814.0 1388.0
2814.1393621647203 1389.1221235694554
2814.0 1390.0
2814.002836777215 1390.9172956200937
2814.0 1392.0
2813.8492907264226 1393.2086939501705
2814.0 1394.0
2814.850000317097 1393.9979285792258
2816.0 1394.0
2817.0007080051896 1394.7995917329265
2818.0 1396.0
2819.1471676621454 1397.0537044890684
2820.0 1398.0
2820.1606213462305 1398.9855903108016
2820.0 1400.0
2819.9603469529357 1401.003934267727
2820.0 1402.0
2819.997990842029 1402.9986726182917
2820.0 1404.0
2820.0476896789487 1405.0013752591065
2820.0 1406.0
2819.811250442176 1406.995826345283
2820.0 1408.0
2820.9573085523452 1409.015319359763
2822.0 1410.0
2822.3595153484416 1410.9428962156658
2822.0 1412.0
2821.1046300538883 1413.2130957775748
2820.0 1414.0
2818.9719644360066 1413.9547206740353
2818.0 1414.0
2817.007512202084 1414.9680215262833
2816.0 1416.0
2814.9979867556563 1416.1731932208313
2814.0 1416.0
2813.0005407752924 1416.0892055903917
2812.0 1416.0
2810.999850143174 1415.2199844176027
2810.0 1414.0
2809.0000586520105 1412.7808567391974
2808.0 1412.0
2806.999915248784 1411.9065886256083
2806.0 1412.0
2805.0002803528555 1411.8427887583696
2804.0 1412.0
2802.9989633397954 1412.9722563409127
2802.0 1414.0
2801.0038662879615 1414.2681858779792
2800.0 1414.0
2798.9855715083586 1413.705000147172
2798.0 1414.0
2797.053847678603 1415.161813533334
2796.0 1416.0
2794.7990377772303 1415.3977457194917
2794.0 1414.0
2794.0000012124774 1412.747203588698
2794.0 1412.0
2793.2009573728615 1411.863439925716
2792.0 1412.0
2790.946169296078 1412.0490367084383
2790.0 1412.0
2789.014365442826 1411.9404132405316
2788.0 1412.0
2786.9963689326205 1412.1893103294353
2786.0 1412.0
2785.000158826694 1411.0523454417264
2784.0 1410.0
2783.0029957606043 1409.6013079036597
2782.0 1410.0
2780.987858130891 1411.042422943635
2780.0 1412.0
2779.045571715836 1412.2290003218009
2778.0 1412.0
2776.829855005767 1411.791575769162
2776.0 1412.0
2775.8850082610966 1412.8546966015524
2776.0 1414.0
2775.8801119498476 1415.0396378246287
2776.0 1416.0
2776.8445439395155 1416.9867520999333
2778.0 1418.0
2778.9917122920924 1419.0133537756394
2780.0 1420.0
2781.188606892116 1420.95983279751
2782.0 1422.0
2782.0038601394444 1423.1473150343213
2782.0 1424.0
2782.7959525501083 1424.200907065205
2784.0 1424.0
2785.0623296601248 1423.7990567048598
2786.0 1424.0
2786.9547288093954 1424.8528661153566
2788.0 1426.0
2789.1187551022945 1427.0394788337144
2790.0 1428.0
2790.3202507814285 1428.9892185497872
2790.0 1430.0
2789.1002417719938 1431.0036469671381
2788.0 1432.0
2787.028782130598 1432.9961935816611
2786.0 1434.0
2784.7846297056158 1435.0115787062177
2784.0 1436.0
2784.082699046941 1436.9574915934684
2784.0 1438.0
2782.8845741066225 1439.1584549199097
2782.0 1440.0
2782.62900452657 1440.1586887268938
2784.0 1440.0
2785.0994077870982 1439.9567901725156
2786.0 1440.0
2786.973364325038 1440.0141505830438
2788.0 1440.0
2789.0071349127516 1439.9866074953088
2790.0 1440.0
2790.9980960239577 1440.0394194357211
2792.0 1440.0
2793.0004809914185 1439.8557147618076
2794.0 1440.0
2794.99998001037 1440.7877215170504
2796.0 1442.0
2796.999598967103 1443.2433991699925
2798.0 1444.0
2799.001624121219 1443.9886818029806
2800.0 1444.0
2800.9939045480246 1444.8018736180857
2802.0 1446.0
2803.0227576866832 1447.0538237246778
2804.0 1448.0
2804.915064705243 1448.9828314832039
2806.0 1450.0
2807.3169834923456 1451.0148503425073
2808.0 1452.0
2807.317001325375 1452.9577671467669
2806.0 1454.0
2804.9150112061566 1455.1540810704253
2804.0 1456.0
2803.0229538500002 1456.1759085715319
2802.0 1456.0
2800.993173393841 1455.8922846434466
2800.0 1456.0
2799.004352574633 1456.2549528546829
2798.0 1456.0
2796.989416307628 1454.8379039378226
2796.0 1454.0
2795.0379821948563 1454.643431394027
2794.0 1456.0
2792.858654912948 1457.088370486071
2792.0 1458.0
2791.7773981533533 1459.00308666169
2792.0 1460.0
2792.28175247364 1460.8992828671699
2792.0 1462.0
2790.845591952088 1463.399781869631
2790.0 1464.0
2790.585879718011 1463.0015896543064
2792.0 1462.0
2793.3108891758707 1462.5938595131438
2794.0 1464.0
2793.9205635785074 1465.122972293119
2794.0 1466.0
2795.0068565101005 1466.9142513143806
2796.0 1468.0
2796.0520103810904 1469.2200224493583
2796.0 1470.0
2796.78510196554 1469.9556588881862
2798.0 1470.0
2799.05758175675 1470.9573419978972
2800.0 1472.0
2800.984571007459 1472.2149731202257
2802.0 1472.0
2803.004134213413 1471.9327655212005
2804.0 1472.0
2804.99889213889 1472.0539647949724
2806.0 1472.0
2807.00029723103 1471.8513752989097
2808.0 1472.0
2808.999918936992 1472.790534009388
2810.0 1474.0
2811.000027021003 1475.236488663537
2812.0 1476.0
2812.9999729789974 1475.763511336463
2814.0 1474.0
2814.0 1474.0
