3268.0 2500.0
3269.5559301583016 2498.4198094712096
3270.950948991286 2497.3305597467815
3272.075055834097 2496.59734179709
3272.0 2496.0
3273.5711191634578 2495.9477035558025
3273.973368457143 2495.905634431151
3274.165291374918 2495.9682994151226
3276.0 2496.0
3273.978743697009 2496.156534042826
3273.6305659084574 2496.1564548535007
3273.132647358263 2496.0098121066862
3272.0 2496.0
3271.7481735872125 2495.0450086400347
3270.891911173488 2494.218021280471
3269.9464936123877 2493.226817083963
3268.0 2492.0
3267.848778662323 2490.9677492873243
3266.726774080492 2489.8078812407957
3265.57619996555 2488.699787464528
3264.0 2488.0
3263.247809773984 2486.8428195838687
3262.0875726447944 2486.129375556406
3260.9339238773628 2485.5385659530602
3260.0 2484.0
3258.6561216032474 2484.6505792192324
3257.5368331842974 2484.3162666890044
3256.433863302578 2484.030317783402
3256.0 2484.0
3254.2866093263015 2483.5292400465855
3253.2471903194796 2483.2769758156255
3252.2338200253585 2482.998804409801
3252.0 2484.0
3250.294955750694 2482.2904692740635
3249.3743268578855 2481.8231701444056
3248.4894768532495 2481.2556930403907
3248.0 2480.0
3246.8359653923994 2479.7523563837913
3246.06689927449 2478.8178950754013
3245.332802721367 2477.7860522810474
3244.0 2476.0
3243.9581694872354 2475.510086010719
3243.311958395103 2474.3058944228824
3242.689368045511 2473.0841851253567
3240.0 2472.0
3241.5037007517035 2470.6680771775104
3240.9349493963646 2469.5136104153275
3240.378469961322 2468.42148971973
3240.0 2468.0
3239.290978029875 2466.504150304566
3238.754291122349 2465.718863473138
3238.2185273128716 2465.075786484569
3240.0 2464.0
3237.1385128094917 2464.2848802045382
3236.589143566486 2464.109509154709
3236.030460323326 2464.0212644310095
3236.0 2464.0
3234.8760264623847 2463.9161231522567
3234.2757131575213 2463.804211192334
3233.6569604783426 2463.589394748802
3232.0 2464.0
3232.3550116228785 2462.6763624825708
3231.6672527595124 2461.9752005434075
3230.9519291476695 2461.165241887706
3228.0 2460.0
3229.4294623043925 2459.3971807705693
3228.617756385878 2458.5282014810755
3227.7693603447246 2457.7286718189252
3228.0 2456.0
3225.9555896158927 2456.5039886157815
3224.998954814423 2456.0946436181925
3224.023109662734 2455.7863653347563
3224.0 2456.0
3222.057873227701 2455.3579967400774
3221.0905244038554 2455.1804003437032
3220.148050148791 2454.9888584912164
3220.0 2456.0
3218.3818102640043 2454.4489262476454
3217.5800870937824 2454.0430297714292
3216.84732341134 2453.508175668837
3216.0 2452.0
3215.631287356887 2451.947134561034
3215.161225012909 2450.9267543513233
3214.7865422127816 2449.7890301062353
3212.0 2448.0
3214.332070437212 2447.2997888621935
3214.256659058339 2446.0173915393693
3214.285382416454 2444.755889533432
3216.0 2444.0
3214.656407107905 2442.4277767633243
3214.9575974645372 2441.3940813083864
3215.2807006047474 2440.4471117887965
3216.0 2440.0
3215.8194461359517 2438.8067724403227
3215.9484889769674 2438.1101135537715
3215.9262455016074 2437.49360248723
3216.0 2436.0
3215.2674430706247 2436.494445698842
3214.6207399779482 2436.108510919326
3213.802462294786 2435.7961458444834
3212.0 2436.0
3211.7838057087424 2435.385546693481
3210.6497380817286 2435.2840235596523
3209.476718415966 2435.2494920151594
3208.0 2436.0
3207.140645713453 2435.374255949738
3206.0091051137038 2435.526844596508
3204.901637349209 2435.7330111680108
3204.0 2436.0
3202.7523475222556 2436.285828871343
3201.7072390579324 2436.622355396238
3200.6796306251354 2436.992210631997
3200.0 2436.0
3198.6703410503897 2437.8116580222313
3197.6853735065783 2438.251125569773
3196.7113331905625 2438.7036726143083
3196.0 2440.0
3194.7894614381958 2439.627755980489
3193.83834359998 2440.0891676952
3192.8915801858325 2440.543409693034
3192.0 2440.0
3191.0045438260154 2441.4093706442013
3190.060984478481 2441.806376910579
3189.1152067512867 2442.166788086172
3188.0 2444.0
3187.2104233541886 2442.7392236310548
3186.248131282421 2442.9319472333705
3185.2770480272648 2443.0494742109536
3184.0 2444.0
3183.301935163057 2443.0231834389892
3182.2946191521423 2442.877145008561
3181.2719391541086 2442.6514685916395
3180.0 2440.0
3179.1739143929613 2441.9909206087473
3178.0952832279827 2441.5709084479886
3176.994715272159 2441.1009771111662
3176.0 2440.0
3174.725943438301 2440.040163732052
3173.582936682754 2439.4586691687678
3172.4683873813356 2438.846030387432
3172.0 2440.0
3170.4320224345543 2437.5351512762054
3169.5638874360307 2436.8408264991162
3168.831571185308 2436.1231886095748
3168.0 2436.0
3167.881756220949 2434.625804598735
3167.7179381541478 2433.8499740302373
3167.7973001288256 2433.058661454888
3168.0 2432.0
3168.77881264886 2431.4374213892324
3169.6499667564694 2430.6114094517266
3170.7023080300633 2429.7777466129664
3172.0 2428.0
3173.11920503054 2428.095299337291
3174.3680872350906 2427.250430453174
3175.5668095609635 2426.405741773404
3176.0 2424.0
3177.5822997726455 2424.724606030429
3178.282627579954 2423.8912939075776
3178.6999153515803 2423.064431869776
3180.0 2424.0
3178.4843378973933 2421.4347667051347
3177.9345483105963 2420.6343179061982
3177.2678699661474 2419.8450278481214
3176.0 2420.0
3176.1361782046765 2418.304632610352
3175.8682149501874 2417.5558817585643
3175.8774632631134 2416.822998303444
3176.0 2416.0
3176.9195438900433 2415.409542239013
3177.885905461017 2414.731323957606
3178.9965371133485 2414.0736817286743
3180.0 2412.0
3181.17945397717 2412.824145903055
3182.1053219618398 2412.2304775483294
3182.8826255742274 2411.653835730003
3184.0 2412.0
3183.893238571719 2410.5398240145873
3184.0773974016056 2409.996550273517
3184.0146907487747 2409.458495380886
3184.0 2408.0
3183.068066377853 2408.3862344529794
3182.24111706451 2407.846124573723
3181.2812390779486 2407.299425854945
3180.0 2408.0
3179.288871814593 2406.1744542108627
3178.4194699025143 2405.5902774415786
3177.743314046645 2404.987704144812
3176.0 2404.0
3177.2766809904324 2403.7162476980307
3177.527885699616 2403.045585206999
3178.0557002840605 2402.352967506449
3180.0 2400.0
3179.781711987412 2400.9065568006845
3180.9001855606575 2400.1551089574136
3182.13582191784 2399.386396228514
3184.0 2400.0
3184.799135892695 2397.8018664377173
3186.1470899647047 2396.9883945377646
3187.452759729328 2396.1623480760722
3188.0 2396.0
3189.7777992450924 2394.477221791357
3190.717445450572 2393.620487130278
3191.45536025734 2392.7558682313493
3192.0 2392.0
3192.185623354414 2391.007688634097
3192.2126967250106 2390.1265966393357
3192.107488857479 2389.2425578138464
3192.0 2388.0
3191.798576820519 2387.4708241610406
3191.7440463573353 2386.5857215789015
3191.855582068512 2385.702856656391
3192.0 2384.0
3192.850146657143 2383.949024280611
3193.7320326250924 2383.080649072519
3194.7776989483946 2382.2196960144133
3196.0 2380.0
3197.057453610549 2380.5252408385095
3198.14008242415 2379.694330965892
3199.0835725425973 2378.8760277336146
3200.0 2380.0
3200.2700396206633 2377.281904704789
3200.480488917844 2376.5055512995223
3200.486744194997 2375.7407373171573
3200.0 2376.0
3200.059481089973 2374.238408695901
3199.712366908173 2373.4972345943916
3199.3338671071006 2372.760280990551
3200.0 2372.0
3198.6431036841595 2371.291716350642
3198.3427520803 2370.556445851957
3198.0348388931848 2369.818076925706
3196.0 2368.0
3197.271167440459 2368.3247248652747
3196.752829010489 2367.566082268479
3196.10176866854 2366.7970223188827
3196.0 2364.0
3194.29565329844 2365.220712671862
3193.1940063766656 2364.412090926628
3192.066453755667 2363.5903077329776
3192.0 2364.0
3190.0724241702255 2361.909087734429
3189.375343582898 2361.050566296529
3188.991150050577 2360.1807141442127
3188.0 2360.0
3189.4644007753677 2358.408848430328
3190.2763446307213 2357.507750235759
3191.3101747375595 2356.5971520607727
3192.0 2356.0
3193.5226993444217 2354.749286503546
3194.44099666381 2353.812934488306
3195.0603858734125 2352.868913226647
3196.0 2352.0
3194.9248208905287 2350.959693698072
3194.1685212486414 2349.9954107981566
3193.1106225981666 2349.025289385821
3192.0 2348.0
3190.605440835122 2347.0693617578927
3189.415864004386 2346.0844709092985
3188.4401007287306 2345.0955722822846
3188.0 2344.0
3187.6098573722006 2343.1075824269965
3187.799663368399 2342.1094065657207
3188.2918550738227 2341.109053660025
3188.0 2340.0
3189.845127356973 2339.10364744937
3190.7370738070117 2338.099509511411
3191.5931377109005 2337.0950252630296
3192.0 2336.0
3192.879501019588 2335.087215874147
3193.2615746651118 2334.08700993151
3193.5113142459345 2333.092696074182
3196.0 2332.0
3193.759156431751 2331.1323906729135
3193.8299416458804 2330.1717221577046
3193.913758013584 2329.227591785265
3192.0 2328.0
3194.263339168807 2327.39959152616
3194.586725010427 2326.521044668224
3195.038384113814 2325.66968201052
3196.0 2324.0
3196.4037534464846 2324.059155353269
3197.312697229651 2323.3053143824527
3198.3403813823566 2322.5893036693296
3200.0 2324.0
3200.6477860138016 2321.281419073626
3201.8754141012514 2320.6948682197753
3203.1175977756616 2320.1567936810793
3204.0 2320.0
3205.5408564550576 2319.234056543221
3206.6662951824387 2318.83873859243
3207.695016941565 2318.4705862535384
3208.0 2316.0
3209.3439492272087 2317.7625109474784
3209.904979589802 2317.3959542483226
3210.2509326562945 2317.0032956970927
3212.0 2316.0
3210.1924672359746 2316.089009237588
3209.8081925623187 2315.556369576242
3209.2491282188753 2314.975604556676
3208.0 2316.0
3207.8055661030935 2313.6789188945722
3207.020536120991 2312.9676084778753
3206.2596520495727 2312.217393154645
3204.0 2312.0
3204.9983731063444 2310.609673005374
3204.5321413473075 2309.758006995838
3204.1583817244937 2308.8791137127755
3204.0 2308.0
3203.6259957581497 2307.053780140407
3203.436227849923 2306.114407258266
3203.27664894853 2305.161941916932
3204.0 2304.0
3202.9857750368537 2303.2318686710173
3202.8233384618757 2302.261328173603
3202.6288077643408 2301.291830031328
3204.0 2300.0
3202.081180872209 2299.3700956265297
3201.696943112918 2298.4249267711725
3201.218328101679 2297.494935085288
3200.0 2296.0
3199.9205029951395 2295.694618036269
3199.0990701421674 2294.8313600803003
3198.1788145219057 2293.9974141081375
3196.0 2292.0
3196.095227078218 2292.4315929295594
3194.958591304144 2291.706785130311
3193.7765248614874 2291.0254241292005
3192.0 2292.0
3191.3294920691246 2289.8071773357265
3190.0912217687724 2289.277358950529
3188.860912898541 2288.8051221778023
3188.0 2288.0
3186.4775715471483 2288.0475282840944
3185.35123511534 2287.769238570279
3184.2862522123573 2287.562665283268
3184.0 2288.0
3182.3868152246932 2287.3766909139244
3181.537513988048 2287.3916858983757
3180.7198719763064 2287.4671894432
3180.0 2288.0
3179.0667849209717 2287.7631716667647
3178.174949524103 2287.9653750719076
3177.2019926455805 2288.1915364902243
3176.0 2288.0
3174.9283946180144 2288.679182819186
3173.742128401651 2288.922392456231
3172.703490568992 2289.153009559254
3172.0 2288.0
3171.605388943419 2289.538156675635
3171.6271160772685 2289.6638577729914
3171.9588534483523 2289.7193085043227
3172.0 2292.0
3173.3068421720063 2289.559708133031
3174.200335159469 2289.4193607575894
3175.158321653952 2289.358170470486
3176.0 2288.0
3177.028592922816 2289.8273895698057
3177.85612626644 2290.405879266855
3178.5786502555643 2291.159686673494
3180.0 2292.0
3179.615181177499 2293.0079958325105
3179.8824436138984 2294.009868193372
3179.9512077029794 2295.0017994807913
3180.0 2296.0
3179.4083109140124 2296.7812971845024
3178.801259945425 2297.5405370026647
3178.0049304484423 2298.2331825511246
3176.0 2300.0
3175.9563644999544 2299.4906432294492
3174.760092363783 2300.0914345545702
3173.48647032988 2300.6975840005002
3172.0 2300.0
3170.819368219046 2301.9869382533284
3169.4834305744316 2302.640290903648
3168.1852278967212 2303.2392973616206
3168.0 2304.0
3165.8202685406163 2304.0829106836995
3164.812632411523 2304.2318370393946
3163.960972347937 2304.135056185918
3164.0 2304.0
3162.832387541992 2303.035914983166
3162.5459795055385 2302.0752930167273
3162.396580946403 2300.952440606789
3160.0 2300.0
3162.3526379851037 2298.578359004581
3162.3800064454485 2297.506287086396
3162.3882101081304 2296.6302992728793
3164.0 2296.0
3162.198364120982 2295.8006511852805
3161.966719466444 2295.8807122488433
3161.648720004822 2296.2243000923663
3160.0 2296.0
3160.7754509164774 2297.478626921707
3160.2310784178276 2298.277651308732
3159.622145368241 2299.1167732781314
3160.0 2300.0
3158.232391872401 2300.6955226741966
3157.46246855422 2301.3452869484386
3156.649778941249 2301.8554225002094
3156.0 2304.0
3154.917895087077 2302.3400325080847
3154.0095979739494 2302.361986161271
3153.0803288221755 2302.339269486151
3152.0 2300.0
3151.1798227395116 2302.465416652244
3150.2144074207563 2302.6551583985797
3149.2396632876225 2302.8819856268556
3148.0 2304.0
3147.2636807706085 2303.2844679492796
3146.263188482925 2303.3789087534565
3145.2548595732533 2303.3480064596283
3144.0 2304.0
3143.216184080336 2302.7670708844353
3142.1865835932854 2302.2517846316423
3141.150638676637 2301.680649337984
3140.0 2300.0
3139.0612077469364 2300.6599794520725
3138.00846783008 2300.287539985558
3136.9508756760147 2300.013441729659
3136.0 2300.0
3134.8226268486533 2299.7672326584393
3133.752716271551 2299.7986037474834
3132.6794456496314 2299.935279855878
3132.0 2300.0
3130.5295250752656 2300.5296557267093
3129.484872888239 2300.9797061171266
3128.500856187231 2301.5197627828493
3128.0 2304.0
3126.8412281125507 2302.8323336433964
3126.22886617352 2303.5860671898113
3125.80363858979 2304.392245714715
3124.0 2304.0
3125.626662156915 2306.124376403172
3125.851623538837 2307.031547918316
3126.2171397381885 2307.953603115133
3128.0 2308.0
3127.1501786441627 2309.804803256963
3127.607872378274 2310.715167553569
3127.9864629847953 2311.6028542350296
3128.0 2312.0
3128.2981028821137 2313.2745811331256
3128.1898792728266 2314.0515267659252
3127.9200067357774 2314.7916056159056
3128.0 2316.0
3126.9498812230704 2316.1703459288806
3126.2769114197527 2316.8135988726103
3125.4968590333515 2317.429167994991
3124.0 2320.0
3123.6700728559763 2318.586437737177
3122.650622237341 2319.1327298377173
3121.5786553803014 2319.6605210783787
3120.0 2320.0
3119.3317392956837 2320.669783941536
3118.1840732404457 2321.1558470447676
3117.038457291481 2321.63259224959
3116.0 2320.0
3114.805266618191 2322.5620486321277
3113.728922433056 2322.987771530459
3112.677089432574 2323.3501999716154
3112.0 2324.0
3110.6373127976517 2323.7680374033985
3109.6445470692515 2323.764878354524
3108.6666483375866 2323.581288769471
3108.0 2324.0
3106.745807676542 2322.5705932215665
3105.798043653203 2321.774387077652
3104.8555024386815 2320.8595500354368
3104.0 2320.0
3102.976444248166 2318.9147186108576
3102.0351051782145 2318.0050919058717
3101.0893447291605 2317.2175696573413
3100.0 2316.0
3099.17534986197 2316.2302394400726
3098.204899486728 2316.03479248273
3097.225595818173 2315.970172004633
3096.0 2316.0
3095.241208960623 2316.0101191769986
3094.236515951375 2316.003041172874
3093.2237500083124 2315.9034983388183
3092.0 2316.0
3091.1747796802356 2315.219919296428
3090.1389654749714 2314.621391981637
3089.095858695389 2313.901417624003
3088.0 2312.0
3086.9885477727653 2312.2624546635543
3085.924733809473 2311.426129502415
3084.854407631359 2310.633684181784
3084.0 2312.0
3082.6966260916006 2309.338002760592
3081.619323518311 2308.870886992912
3080.555814306911 2308.5198917314956
3080.0 2308.0
3078.510006763706 2308.1454171756222
3077.5476238288625 2308.1115151052463
3076.638865049835 2308.1728879892994
3076.0 2308.0
3075.0220507531485 2308.5606130688566
3074.333910632453 2308.876542488443
3073.7392254614965 2309.266901310623
3072.0 2308.0
3072.870050762729 2310.250061610926
3072.615476631881 2310.832440313132
3072.4941882446965 2311.468402866095
3072.0 2312.0
3072.6798802489316 2312.879016649112
3072.938260559409 2313.635941163167
3073.23272645167 2314.410996095984
3076.0 2316.0
3073.6956838638525 2315.965435905745
3073.7470598249306 2316.719790126611
3073.600290250104 2317.442213454081
3072.0 2320.0
3072.4968793505363 2318.7412061166783
3071.535898319885 2319.2927447957272
3070.3680923415072 2319.7622912692236
3068.0 2320.0
3067.6288778356193 2320.405346287404
3066.165905455131 2320.5538241760096
3064.7129804209635 2320.5702485469055
3064.0 2320.0
3062.043461412976 2320.161346342133
3060.8712039502548 2319.7378146226947
3059.7976668560445 2319.18581909801
3060.0 2316.0
3057.9072275234994 2317.7536773699817
3057.0705621603356 2316.9021515351774
3056.2930909160204 2315.9794026322083
3056.0 2316.0
3054.876204534285 2313.9781805214757
3054.217026272033 2312.9325526579846
3053.577515878972 2311.881392414873
3052.0 2312.0
3052.3179724507586 2309.8366154297973
3051.6781762907767 2308.8800690078374
3051.018521750324 2307.992130846266
3048.0 2308.0
3049.6021599412165 2306.492278685833
3048.8379815249477 2305.8937874561766
3048.0390024329827 2305.3907500253217
3048.0 2304.0
3046.3462838811706 2304.6505869968323
3045.457365250928 2304.4032366176057
3044.5432876041973 2304.230890473996
3044.0 2304.0
3042.6492969204805 2304.0907613304453
3041.674204713098 2304.112753548912
3040.6835951484354 2304.1893004398125
3040.0 2304.0
3038.665465606482 2304.485608675729
3037.6427664587936 2304.695145239154
3036.6141916130346 2304.9387869118273
3036.0 2304.0
3034.549056486512 2305.5079360217405
3033.5173170353523 2305.8232186773866
3032.4893435453314 2306.1521568790986
3032.0 2308.0
3030.4543361079077 2306.8165930864366
3029.4521229901115 2307.058122683881
3028.463317492661 2307.1253710110263
3028.0 2308.0
3026.5355710180065 2306.424539705644
3025.601450870407 2305.736387562946
3024.690380002362 2305.0338091296094
3024.0 2304.0
3022.9470277641435 2304.22584802223
3022.1195672235754 2304.250075976663
3021.3247976217694 2304.519098897414
3020.0 2304.0
3019.842972893657 2305.634838122911
3019.1607385969537 2306.403208670179
3018.5208368982226 2307.259682668809
3016.0 2308.0
3017.3763351729 2309.0867102097804
3016.868529290014 2310.017682222142
3016.3966442925093 2310.957594625904
3016.0 2312.0
3015.5381718692606 2312.8626060026627
3015.140351901321 2313.8268876731763
3014.7559877343765 2314.7984751301233
3016.0 2316.0
3014.005161719082 2316.7619327983525
3013.627467328539 2317.7529857071518
3013.2407636546013 2318.7497097974174
3012.0 2320.0
3012.4178633721604 2320.7585369173844
3011.9704342214627 2321.7698226446023
3011.4915307029823 2322.78514494832
3012.0 2324.0
3010.4235961365634 2324.826264680292
3009.8638964960583 2325.851244806062
3009.331385302642 2326.878626903366
3008.0 2328.0
3008.4877189711992 2328.9389624076084
3008.246459190236 2329.9710985120646
3008.1721785704876 2331.004001983087
3008.0 2332.0
3008.6504755389806 2333.0704764198686
3009.189728545615 2334.103230083143
3009.8693115502447 2335.1351165080187
3012.0 2336.0
3011.4563785129376 2337.1946530376053
3012.2673179507206 2338.2214858398324
3013.0254983459395 2339.2458167986942
3012.0 2340.0
3014.1963908174585 2341.284590694603
3014.5479454694537 2342.293729008671
3014.724426230277 2343.289756233415
3016.0 2344.0
3014.5006254217524 2345.2228935279795
3014.074573524075 2346.1502116543256
3013.42190707857 2347.0448348043956
3012.0 2348.0
3011.405545603908 2348.7164122887634
3010.1382145453845 2349.483574679585
3008.8369968802967 2350.1984582071823
3008.0 2352.0
3006.560114180636 2351.4567456690925
3005.74424288177 2352.020002959973
3005.2140724477545 2352.570688100766
3004.0 2352.0
3005.1914902128738 2353.7333392453097
3005.6710334235318 2354.3948039056722
3006.380187522093 2355.142693729169
3008.0 2356.0
3008.184586799442 2356.9823036140892
3009.1923534438474 2358.036866943919
3010.254773907388 2359.103541973698
3012.0 2360.0
3012.5080205118848 2361.025602893509
3013.681068762846 2361.757176663743
3014.8732150529518 2362.253237894331
3016.0 2364.0
3017.2792459706075 2362.323296011953
3018.475352708162 2361.9660658690595
3019.6550017048717 2361.5108691266623
3020.0 2360.0
3021.9293706957633 2360.8078830360955
3023.0063127999506 2360.6929981849885
3024.0312413833008 2360.7459557285083
3024.0 2360.0
3025.890610864698 2361.3608962382095
3026.713925815915 2361.9069083610393
3027.4629753526374 2362.58882119179
3028.0 2364.0
3028.729330175269 2364.2875637352718
3029.2421614575146 2365.2680008271104
3029.6717793179378 2366.311553385085
3032.0 2368.0
3030.2724267659905 2368.5152196576605
3030.438982349955 2369.63894075137
3030.513376504771 2370.75299206943
3032.0 2372.0
3030.3767325196236 2372.879300136825
3030.1612203759987 2373.8551642652674
3029.8445987958953 2374.7485733762765
3028.0 2376.0
3028.9009537352013 2376.2228519687724
3028.2807027485633 2376.8129928167104
3027.572887313359 2377.3392213801203
3024.0 2376.0
3025.9306010803953 2378.309812360948
3025.014149274211 2378.809110132162
3024.046171002606 2379.35436632644
3024.0 2380.0
3021.992202775089 2380.684065492539
3020.9274101835585 2381.4720886226974
3019.853485855377 2382.3132304925984
3020.0 2384.0
3017.7269934634464 2384.0593203773883
3016.698801136892 2384.9164933551588
3015.7102285480732 2385.731234998434
3016.0 2388.0
3013.899305538252 2387.143324479947
3013.0929997357616 2387.7255989171745
3012.35840290803 2388.235295217887
3012.0 2388.0
3011.1197631765026 2389.0722098799647
3010.6234337725364 2389.417056476429
3010.2142403429866 2389.724581406576
3008.0 2388.0
3009.672688406797 2390.2629227381144
3009.5480433999855 2390.511367374604
3009.525961367251 2390.7577468149757
3008.0 2392.0
3009.8049132236633 2391.2795665775557
3010.1136606126415 2391.572635134863
3010.540397975351 2391.898894966248
3012.0 2392.0
3011.7632696216306 2392.6862449214495
3012.567117405028 2393.164963280364
3013.5043821618165 2393.712129383554
3016.0 2396.0
3015.7857362183195 2395.0418147526757
3017.0844187564253 2395.8104830120183
3018.4257047447054 2396.6198970024584
3020.0 2396.0
3021.0390330256955 2398.270301680075
3022.2125482953593 2399.065962118975
3023.231612969105 2399.811707792419
3024.0 2400.0
3024.6286379817557 2401.062375818052
3025.023880291649 2401.519456751992
3025.299235947605 2401.8309400839757
3024.0 2404.0
3025.75646922775 2401.9383896168633
3026.0714378169655 2401.8158883369356
3026.5327016822926 2401.710854493392
3028.0 2400.0
3028.1363100767426 2401.957526606312
3029.267823003347 2402.3876636157474
3030.5239680010277 2402.992130167511
3032.0 2404.0
3033.1006458694924 2404.6109408567786
3034.2664245702153 2405.568729473666
3035.247327001891 2406.587736591644
3036.0 2408.0
3036.364823977223 2408.701060410768
3036.4656399062956 2409.7674123181105
3036.310022337154 2410.8390531389355
3036.0 2412.0
3035.3958805860184 2412.999453387055
3034.7205533449182 2414.0888387473597
3033.955186487394 2415.184764887169
3032.0 2416.0
3032.3193497086268 2417.392037516093
3031.5238081508705 2418.471286806847
3030.7880837036632 2419.492882480383
3032.0 2420.0
3029.6294057130563 2421.233472316335
3029.2731119557357 2421.887646149018
3029.109954881122 2422.3545257050177
3028.0 2424.0
3029.4849214898413 2422.6100085082494
3030.021011785241 2422.413274510248
3030.746171987479 2422.0585717450954
3032.0 2420.0
3032.6222489885804 2421.0635515918684
3033.7024392254953 2420.5173800430593
3034.8302462453553 2420.001531405632
3036.0 2420.0
3037.0932238778178 2419.240035800663
3038.1934661352775 2419.0341822156897
3039.2714684653997 2418.9382383072284
3040.0 2420.0
3041.362493046958 2419.046961371573
3042.3763851500585 2419.2370692702452
3043.369777029149 2419.5079686971612
3044.0 2420.0
3045.2967998186305 2420.263023987456
3046.2313005806855 2420.7326207767
3047.1470408220594 2421.2538909459204
3048.0 2420.0
3048.9239794460914 2422.4223332760193
3049.7860476804135 2423.0549463627635
3050.6310950973843 2423.7101146812147
3052.0 2424.0
3052.2718671825955 2425.060284779304
3053.0684617025004 2425.7484429708034
3053.849775108381 2426.4454692177333
3056.0 2428.0
3055.368298281398 2427.8678696736024
3056.1063779001984 2428.5941157803986
3056.8309161083034 2429.330973738341
3056.0 2432.0
3058.2411079957546 2430.8382690033814
3058.927631526765 2431.6095782083366
3059.6023533504085 2432.393243060154
3060.0 2432.0
3060.918131578921 2433.9993835000896
3061.560057835455 2434.8227309860663
3062.19192208795 2435.66017791462
3064.0 2436.0
3063.428682712239 2437.3790117746016
3064.043319504216 2438.2606578804402
3064.6673751325216 2439.1569217776796
3064.0 2440.0
3065.9809648755186 2440.9925958482913
3066.6891099789136 2441.931652472628
3067.443895896042 2442.8846197902967
3068.0 2444.0
3069.105201596662 2444.8315794075565
3069.8778690554404 2445.8252181581142
3070.4294726785197 2446.8320605039335
3072.0 2448.0
3070.351192961863 2448.8846488832874
3069.7610089072523 2449.930041367788
3069.0291595871972 2450.9879303494804
3068.0 2452.0
3067.8385889812694 2453.136912157329
3067.545754386235 2454.2061801401815
3067.4430279074377 2455.2442949336214
3068.0 2456.0
3067.7400176451342 2457.14047267712
3068.105793034921 2457.955239489609
3068.5937948875303 2458.652260837544
3068.0 2460.0
3069.868596327802 2459.6162830227763
3070.6214550887566 2459.898836671506
3071.42865865912 2460.094750478547
3072.0 2460.0
3073.138218574659 2460.375462088433
3074.0066340931285 2460.534661651713
3074.8615127675926 2460.7560248941754
3076.0 2460.0
3076.4663509358234 2461.5256418821996
3077.203807631265 2462.097873056279
3077.9027218860538 2462.7802227665743
3080.0 2464.0
3079.2027935337806 2464.422383989017
3079.8128861567793 2465.355748597763
3080.402306799237 2466.3463379359255
3080.0 2468.0
3081.537002602653 2468.446296993697
3082.091212993666 2469.529219809907
3082.6426218642564 2470.616473548731
3084.0 2472.0
3083.754905504277 2472.7510799874235
3084.324715503767 2473.771985783891
3084.909594442947 2474.7443286961716
3084.0 2476.0
3086.1424296004952 2476.4904320613755
3086.7993210489194 2477.2377456108957
3087.48915189715 2477.8836024694297
3088.0 2476.0
3088.984372574691 2478.8221896651144
3089.7919195633453 2479.1132972491505
3090.6367202704914 2479.299702635968
3092.0 2480.0
3092.4288410175227 2479.404809612288
3093.3715401460363 2479.3467125989596
3094.3422511703025 2479.2303161827535
3096.0 2480.0
3096.35846708335 2478.8690279360435
3097.3993510607615 2478.64733750271
3098.459005111184 2478.413750460836
3100.0 2480.0
3100.6253816083226 2477.9572893458117
3101.7274831436685 2477.7576166698304
3102.8391129292836 2477.5924501796485
3104.0 2476.0
3105.0814418979453 2477.4121222617678
3106.205878985766 2477.420664495694
3107.3273201334073 2477.5111202386743
3108.0 2476.0
3109.5454080499962 2477.9861841039565
3110.6341515398644 2478.3949981523415
3111.7040925313972 2478.9341375619447
3112.0 2480.0
3113.7717604612935 2480.4241011308022
3114.761584120578 2481.232912099137
3115.7167987233684 2481.8880220468495
3116.0 2484.0
3117.5075942013077 2482.164134278861
3118.335271797378 2481.7376643410125
3119.1125337787953 2481.062548938249
3120.0 2480.0
3120.499462838396 2479.375525600381
3121.0979776307845 2478.472314339789
3121.623772236932 2477.537850963305
3124.0 2476.0
3122.4283983054825 2475.583378833455
3122.6928284753762 2474.5674755654827
3122.855735874009 2473.5285311524085
3124.0 2472.0
3122.8548205531333 2471.3897298617458
3122.7164412250827 2470.293978469552
3122.527425908687 2469.1833969030454
3120.0 2468.0
3122.128063461709 2466.9259542178897
3121.9830044065525 2465.783198584634
3121.917885513902 2464.6338237478562
3120.0 2464.0
3122.150332609215 2462.3292649046525
3122.4669161261086 2461.213211204387
3122.90147486336 2460.1687989129205
3124.0 2460.0
3124.070011963802 2458.44320881024
3124.7767373094202 2457.836186125951
3125.5469318402565 2457.4491151043153
3128.0 2456.0
3127.22322242244 2457.471366421787
3128.1020654562158 2457.8842126014274
3128.9898716400685 2458.524058124785
3132.0 2460.0
3130.7378674228594 2460.3505323109302
3131.570804004227 2461.4700535278557
3132.358197700528 2462.6823591967755
3132.0 2464.0
3133.7454932407236 2465.248327219268
3134.339999094658 2466.5181914493332
3134.8781700836007 2467.713243884381
3136.0 2468.0
3135.818429541807 2469.677935767119
3136.236979048716 2470.347086413658
3136.632115765927 2470.7404476628767
3136.0 2472.0
3137.385072906547 2470.5206864058537
3137.7593543676035 2469.9382473312908
3138.1431451142525 2469.141385722764
3136.0 2468.0
3138.972176539628 2467.2281062328298
3139.433878256 2466.273544015931
3139.9380113332577 2465.4282705940823
3140.0 2464.0
3141.1046240043997 2464.370295348346
3141.772346787954 2464.2054124917504
3142.4929873117385 2464.245456364784
3144.0 2464.0
3144.0810722633946 2464.8078888398913
3144.942542032963 2465.2640597120376
3145.8449802261575 2465.7927218539603
3148.0 2468.0
3147.7608125668157 2466.9350844872856
3148.768232055977 2467.48256724876
3149.80467065216 2467.9701058201576
3152.0 2468.0
3151.9526558489792 2468.6329149328712
3153.0582277913136 2468.7419677442604
3154.180869524064 2468.658640905719
3156.0 2468.0
3156.465413044202 2467.7937366199662
3157.621340173288 2467.0138842486685
3158.7823877761834 2466.045102379265
3160.0 2464.0
3161.107895086799 2463.6800859096506
3162.2663801362164 2462.353519191191
3163.4180363428377 2460.977358738132
3164.0 2460.0
3165.688912911089 2458.2155923917176
3166.802158614417 2456.899654380115
3167.8966261583428 2455.6734583974167
3168.0 2456.0
3170.0172774513876 2453.6296282822386
3171.0374865422036 2452.881662031511
3172.0269681570144 2452.3627735731916
3172.0 2452.0
3173.8989231898536 2452.1374970599836
3174.7581632366337 2452.416364463034
3175.5402090649113 2452.8948205743736
3176.0 2452.0
3176.791733897563 2454.252184990175
3177.220720817744 2455.0319363287645
3177.4915293510317 2455.8129624438975
3180.0 2456.0
3177.501613526745 2457.1805250720545
3177.344315714246 2457.667904619204
3177.2356926049997 2457.9582450111534
3176.0 2460.0
3177.630656879691 2457.769786042471
3178.2105656464164 2457.3135795845506
3178.991791881973 2456.705519776854
3180.0 2456.0
3180.968791942045 2455.3225256547225
3182.069863357794 2454.691934111584
3183.1828474248455 2454.198174761261
3184.0 2452.0
3185.2644785778975 2453.8856644488023
3186.1944025506314 2454.0662138608777
3187.058792948129 2454.382196214184
3188.0 2456.0
3188.6254853818755 2455.1289756987403
3189.3450436003536 2455.414030807111
3190.033580608054 2455.543034810956
3192.0 2456.0
3191.3521033555808 2455.063242674776
3191.9993452776357 2454.439727804623
3192.650078353373 2453.630724369694
3192.0 2452.0
3193.996530330348 2451.688860930754
3194.709505413816 2450.6723054893687
3195.460484015423 2449.7028706084575
3196.0 2448.0
3197.108097111787 2448.120026065533
3198.004785634408 2447.5152474394963
3198.9395857308973 2446.9748514458884
3200.0 2448.0
3200.8892243924765 2445.9051624118233
3201.886914831065 2445.3730671039316
3202.88842059052 2444.8997498936023
3204.0 2444.0
3204.8685818190233 2444.3090759223865
3205.830089161571 2444.2416585882065
3206.761115571982 2444.332898205001
3208.0 2444.0
3208.497429343392 2445.0042300867317
3209.2855685778895 2445.590763249277
3210.0089306272484 2446.3488351580145
3212.0 2448.0
3211.230664460714 2448.383431059562
3211.73371337732 2449.6121202516433
3212.1813393737857 2450.916678588459
3212.0 2452.0
3212.9633273892996 2453.5491816981644
3213.3241917998466 2454.7750159719867
3213.682638073255 2455.8724983924117
3212.0 2456.0
3214.445280991654 2457.495199683956
3214.8759800281446 2458.020386110134
3215.357265710497 2458.4171557930304
3216.0 2460.0
3216.5246017957847 2459.029536147341
3217.237154590221 2459.3471924279384
3218.0532988135187 2459.7405231836187
3220.0 2460.0
3220.038334668918 2460.945525589252
3221.167538727825 2461.782600352363
3222.320959069208 2462.746155816866
3224.0 2464.0
3224.4886935236236 2464.950230084312
3225.3971300987696 2466.1395095043836
3226.1180278806173 2467.352790860106
3228.0 2468.0
3226.8047539760314 2469.7488806127635
3226.7805166760536 2470.8804496268262
3226.588609355688 2471.933541810799
3224.0 2472.0
3225.9532772753887 2473.701816922729
3225.6355988262517 2474.3657604678165
3225.401742978324 2474.848748417069
3224.0 2476.0
3225.4236833672526 2475.183204589095
3225.725375872312 2475.06638838956
3226.202683514979 2474.8320477495768
3228.0 2476.0
3227.6162366643534 2474.240134224777
3228.518528396663 2473.9972318782175
3229.5285277177904 2473.866146167722
3232.0 2472.0
3231.8037415777067 2474.153679402464
3233.0350023421 2474.5964509121313
3234.306063146519 2475.199344186724
3236.0 2476.0
3236.8996773266435 2476.7527652118897
3238.188276927953 2477.636927553067
3239.448769020496 2478.548480840376
3240.0 2480.0
3241.8209978554178 2480.3272170820474
3242.9196291729436 2481.165160511693
3243.963942132 2481.972015838038
3244.0 2484.0
3245.905098824089 2483.5082349007535
3246.8096854818136 2484.2454849970873
3247.6754396304527 2484.967419710047
3248.0 2484.0
3249.30593624986 2486.381115705771
3250.07842164532 2487.0807633484983
3250.82756038108 2487.7808683277776
3252.0 2488.0
3252.2712837228805 2489.1982230159206
3252.9736112536143 2489.923359084747
3253.668077974032 2490.6647252100515
3256.0 2492.0
3255.048914833302 2492.209589306364
3255.7430278968473 2493.006987375374
3256.4447659994603 2493.808415696868
3256.0 2496.0
3257.886603171274 2495.3831907693957
3258.634445165169 2496.136451356471
3259.4053980475146 2496.8535698681158
3260.0 2496.0
3261.0321223269493 2498.139208337199
3261.895636648729 2498.6876421306797
3262.797747708346 2499.1597615208148
3264.0 2500.0
3264.733245890475 2499.8348847631346
3265.774375937679 2500.0178024513616
3266.8695885721045 2500.084233408328
