265 215
3008.0 2286.685364656623
3272.2175075020054 2500.5932405160597
1.0 1.0
3268.0 2500.0
3269.2006737511792 2500.3379104276632
3270.058162230322 2500.4858258561794
3270.763530055051 2500.4924716176456
3271.3227471722107 2500.367336912824
3271.741783528643 2500.1199109424824
3272.026609071191 2499.7596829073814
3272.1831937466973 2499.296142008286
3272.2175075020054 2498.7387774459626
3272.1355202839572 2498.0970784211736
3271.9432020393974 2497.380534134682
3271.646522715166 2496.598633787255
3272.0 2496.0
3270.763960615068 2494.876721712645
3270.190017732885 2493.955688386992
3269.5355935584043 2493.0072558034585
3268.8066580384684 2492.0409131628085
3268.009181119919 2491.066149665807
3267.149132749602 2490.0924545132184
3266.2324828743563 2489.129316905806
3265.2652014410282 2488.1862260443336
3264.2532583964585 2487.2726711295672
3263.202623687491 2486.398141362269
3262.1192672609686 2485.572125943205
3260.0 2484.0
3259.87826904263 2484.1005675038878
3258.7325671445005 2483.4558381914953
3257.5780233161863 2482.8612506430563
3256.4206075045317 2482.3081293656664
3255.2662896563793 2481.787798866421
3254.121039718573 2481.2915836524166
3252.9908276379538 2480.810808230749
3251.8816233613657 2480.3367971085136
3250.799396835652 2479.8608747928065
3249.7501180076547 2479.3743657907235
3248.7397568242172 2478.86859460936
3248.0 2480.0
3246.858168008616 2477.766571533605
3245.989885251475 2477.165015431984
3245.166409888939 2476.533588736622
3244.3847168491907 2475.8756627331913
3243.641781060406 2475.194608707367
3242.934577450768 2474.4937979448223
3242.2600809484566 2473.776601731231
3241.615266481651 2473.0463913522667
3240.9971089785313 2472.3065380936027
3240.402583367278 2471.5604132409126
3239.828664576071 2470.8113880798705
3240.0 2468.0
3238.7305471665163 2469.318121975424
3238.200298404529 2468.580623603367
3237.678556175308 2467.853710065652
3237.162295407035 2467.1407526479525
3236.648491027888 2466.4451226359433
3236.1341179660485 2465.7701913152964
3235.6161511496953 2465.1193299716874
3235.0915655070094 2464.4959098907884
3234.5573359661703 2463.9033023582733
3234.0104374553594 2463.3448786598155
3233.4478449027556 2462.82401008109
3232.0 2464.0
3232.2634773848904 2461.906277948731
3231.635652275989 2461.5032841056727
3230.980032838016 2461.125584803496
3230.29359399915 2460.7636784671017
3229.5733106875723 2460.408063521392
3228.816157831462 2460.049238391267
3228.019110359002 2459.6777015016296
3227.179143198368 2459.2839512773803
3226.293231277742 2458.8584861434206
3225.3583495253065 2458.3918045246514
3224.3714728692376 2457.8744048459744
3224.0 2456.0
3222.2338081052194 2456.65206595454
3221.102011131379 2455.9438492677987
3219.956201522132 2455.178359573184
3218.8183954834053 2454.3618209718124
3217.710609221133 2453.5004575647986
3216.654858941245 2452.600493453259
3215.673160849673 2451.6681527383084
3214.787531152349 2450.7096595210637
3214.0199860552025 2449.73123790264
3213.392541764166 2448.739111984153
3212.92721448517 2447.73950586672
3212.0 2448.0
3212.5615836982997 2445.7427494394724
3212.6489600699333 2444.7580473318912
3212.8738132126236 2443.7907614298256
3213.2018067999484 2442.8471158343914
3213.598604505482 2441.933334646704
3214.0298700028034 2441.0556419678805
3214.4612669654875 2440.220261899036
3214.8584590671126 2439.433418541285
3215.1871099812547 2438.701335995745
3215.4128833814902 2438.0302383635308
3215.5014429413964 2437.4263497457587
3216.0 2436.0
3215.138705422062 2436.443491182178
3214.6735168151795 2436.067340783656
3214.0433313126846 2435.764038494148
3213.2685937133583 2435.5301797598236
3212.3697488159823 2435.3623600268525
3211.3672414193384 2435.257174741406
3210.281516322208 2435.211219349654
3209.133018323373 2435.2210892977673
3207.942192221616 2435.283380031915
3206.7294828157164 2435.3946869982665
3205.5153349044567 2435.5516056429947
3204.0 2436.0
3203.1605325778473 2435.9884121150935
3202.0369466612265 2436.260005011837
3200.946059236708 2436.5606197256984
3199.8844940042404 2436.8853658798776
3198.8488746637718 2437.229353097576
3197.8358249152507 2437.5876910019956
3196.841968458628 2437.955489216337
3195.8639289938515 2438.327857363801
3194.8983302208712 2438.6999050675877
3193.9417958396343 2439.0667419509
3192.990949550091 2439.4234776369376
3192.0 2440.0
3191.092816045881 2440.0870839099935
3190.1387762311115 2440.384173743413
3189.1769193078326 2440.6516008723647
3188.20386897599 2440.884474920045
3187.216248935537 2441.0779055096577
3186.21068288642 2441.227002264403
3185.183794528588 2441.326874807482
3184.1322075619905 2441.3726327620957
3183.052545686576 2441.359385751445
3181.9414326022943 2441.282243398732
3180.7954920090947 2441.1363153271564
3180.0 2440.0
3178.3899348848486 2440.620450643558
3177.1494364883906 2440.252194017952
3175.9123468521884 2439.8185116463183
3174.70116041088 2439.325973891871
3173.5383715991034 2438.781151117827
3172.4464748514984 2438.1906136874018
3171.4479646027007 2437.560931963811
3170.5653352873496 2436.898676310271
3169.821081340084 2436.210417089997
3169.2376971955414 2435.5027246662044
3168.8376772883603 2434.78216940211
3168.0 2436.0
3168.6688322274317 2433.327654916939
3168.891741759749 2432.600255088663
3169.2814849015567 2431.873111205686
3169.8073019042786 2431.1462122975922
3170.4384330193425 2430.4195473939667
3171.144118498174 2429.6931055243945
3171.8935985921976 2428.9668757184604
3172.656113552842 2428.240847005748
3173.400903631531 2427.5150084158436
3174.0972090796904 2426.7893489783314
3174.7142701487473 2426.063857722796
3176.0 2424.0
3175.5964757883926 2424.6133358759944
3175.853234660654 2423.8882833438984
3176.0139777571594 2423.163355112118
3176.101079128154 2422.438540210238
3176.136912823886 2421.7138276678434
3176.143852894603 2420.989206514519
3176.14427339055 2420.26466577985
3176.160548361977 2419.5401944934206
3176.2150518591293 2418.8157816848147
3176.330157932253 2418.0914163836183
3176.5282406315964 2417.3670876194174
3176.0 2416.0
3177.2549162148357 2415.9184958203336
3177.7807618286442 2415.194210844622
3178.3840895284998 2414.469918524243
3179.039777994069 2413.7456078887817
3179.722705905017 2413.0212679678234
3180.407751941012 2412.296887790952
3181.06979478172 2411.5724563877525
3181.6837131068078 2410.8479627878105
3182.2243855959414 2410.1233960207082
3182.666690928787 2409.398745116034
3182.9855077850116 2408.67399910337
3184.0 2408.0
3183.1616463074 2407.224177872414
3183.0254584597074 2406.499080713292
3182.7787631076817 2405.7738445645195
3182.4531720578007 2405.0484584556825
3182.0802971165413 2404.322911416364
3181.691750090382 2403.597192476151
3181.3191427857996 2402.871290664626
3180.9940870092723 2402.145195011375
3180.748194567277 2401.418894545983
3180.6130772662905 2400.692378298035
3180.620346912792 2399.9656352971133
3180.0 2400.0
3181.1787896586443 2398.5114251546956
3181.7349586778223 2397.7839360723674
3182.443506484141 2397.0561763554065
3183.2778171909476 2396.3281350333978
3184.211274911593 2395.5998011359247
3185.2172637594254 2394.8711636925736
3186.2691678477945 2394.142211732929
3187.3403712900486 2393.412934286575
3188.4042581995377 2392.6833203830965
3189.4342126896086 2391.9533590520787
3190.4036188736122 2391.2230393231052
3192.0 2392.0
3192.060852475403 2389.7612807896344
3192.7346263114277 2389.029820044306
3193.3197446778618 2388.2979570193606
3193.828769879592 2387.5656807443847
3194.2742642215103 2386.8329802489625
3194.668790008505 2386.099844562679
3195.0249095454647 2385.366262715119
3195.3551851372795 2384.6322237358663
3195.6721790888378 2383.8977166545064
3195.988453705028 2383.162730500624
3196.316571290741 2382.427254303804
3196.0 2380.0
3197.0539036125665 2380.9547311370243
3197.460157092111 2380.2173216502433
3197.8723310280434 2379.478697086881
3198.2749018589043 2378.738505900532
3198.6523460232393 2377.996396544789
3198.9891399595913 2377.2520174732454
3199.2697601065033 2376.5050171394955
3199.4786829025193 2375.7550439971333
3199.6003847861816 2375.0017464997527
3199.6193421960324 2374.2447731009456
3199.520031570617 2373.4837722543066
3200.0 2372.0
3198.9116611913455 2371.948282031909
3198.4144496536965 2371.173089563336
3197.822666513194 2370.3924634613068
3197.163683547501 2369.606052179414
3196.4648725342818 2368.8135041712517
3195.7536052512005 2368.014467890412
3195.05725347592 2367.208591790491
3194.4031889861044 2366.39552432508
3193.8187835594167 2365.574913947774
3193.33140897352 2364.746409112166
3192.968437006079 2363.9096582718503
3192.0 2364.0
3192.715545695192 2362.2100123914697
3192.8225158549208 2361.346414258592
3193.0476676394555 2360.473163935381
3193.3605187743083 2359.5899098754294
3193.7305869849893 2358.696300532332
3194.1273899970115 2357.7919843596824
3194.520445535887 2356.8766098110736
3194.8792713271273 2355.9498253401
3195.1733850962432 2355.011279400354
3195.3723045687475 2354.0606204454307
3195.4455474701513 2353.097496928923
3196.0 2352.0
3195.102960722736 2351.1327549036455
3194.685484091127 2350.1322625707553
3194.1390369228375 2349.1215580280427
3193.4924545095632 2348.1021189977932
3192.7745721430047 2347.0754232022937
3192.0142251148577 2346.0429483638313
3191.240248716822 2345.006172204693
3190.4814782405933 2343.9665724471656
3189.766748977872 2342.9256268135364
3189.1248962203535 2341.8848130260903
3188.5847552597365 2340.8456088071166
3188.0 2340.0
3187.9183688322414 2338.7779399637298
3187.810307566209 2337.7524307838908
3187.8403264987687 2336.7344420616696
3187.9977745390693 2335.7254515193545
3188.2720005962587 2334.7269368792313
3188.652353579483 2333.7403758635874
3189.1281823978916 2332.7672461947095
3189.688835960633 2331.8090255948837
3190.323663176852 2330.8671917863976
3191.0220129556983 2329.9432224915377
3191.7732342063186 2329.038595432591
3192.0 2328.0
3193.3925597720217 2327.2935393586517
3194.244599980669 2326.4576284706277
3195.117383448225 2325.6500960724557
3196.0054971591085 2324.8739825688185
3196.9035280977373 2324.1323283643997
3197.806063248531 2323.428173863881
3198.7076895959085 2322.7645594719456
3199.6029941242887 2322.1445255932763
3200.4865638180913 2321.571112632555
3201.3529856617333 2321.047360994465
3202.1968466396347 2320.5763110836897
3204.0 2320.0
3203.7952339358926 2319.8017050389058
3204.5389342230865 2319.487591570825
3205.238421582216 2319.2050651619134
3205.888282997698 2318.9405280734136
3206.4831054539545 2318.6803825665725
3207.0174759354027 2318.411030902634
3207.485981426462 2318.1188753428423
3207.8832089115504 2317.7903181484426
3208.203745375088 2317.41176158068
3208.442177801494 2316.9696079007963
3208.593093175186 2316.4502593700395
3208.0 2316.0
3208.6129346963576 2315.129741495771
3208.4843187781817 2314.32630484409
3208.273101675984 2313.4411387251967
3207.987154339691 2312.485573569676
3207.6343477192286 2311.470939808115
3207.2225527645237 2310.4085678711
3206.759640425503 2309.3097881892168
3206.253481652094 2308.185931193052
3205.7119473942216 2307.0483273131904
3205.1429086018134 2305.90830698022
3204.5542362247957 2304.777200624726
3204.0 2304.0
3203.3478370531852 2302.585226869652
3202.7360273777203 2301.5360721380744
3202.116418355903 2300.5192567199774
3201.4870561569346 2299.535162852778
3200.8459869500175 2298.5841727738925
3200.1912569043507 2297.6666687207357
3199.52091218914 2296.783032930726
3198.832998973584 2295.9336476412777
3198.125563426887 2295.118895089808
3197.396651718247 2294.3391575137316
3196.6443100168694 2293.594817150466
3196.0 2292.0
3195.061521312702 2292.2138570120296
3194.227166648316 2291.5780017116917
3193.361566667999 2290.979072573828
3192.4627675409492 2290.4174518358564
3191.528815436372 2289.893521735191
3190.5577565234667 2289.4076645092487
3189.547636971436 2288.9602623954456
3188.4965029494815 2288.5516976311987
3187.4024006268046 2288.1823524539213
3186.263376172607 2287.8526091010335
3185.077475756091 2287.5628498099486
3184.0 2288.0
3182.561838578251 2287.1048123628552
3181.2558353473873 2286.9372986816784
3179.9504232151244 2286.8112980119704
3178.67128954272 2286.727192591146
3177.4441216914315 2286.685364656623
3176.2946070225194 2286.6861964458153
3175.2484328972396 2286.730070196141
3174.3312866768506 2286.8173681450157
3173.5688557226113 2286.948472529855
3172.986827395779 2287.1237655880755
3172.6108890576115 2287.3436295570937
3172.0 2288.0
3172.5692743236286 2287.917913622209
3172.8904278382684 2288.268984863281
3173.3913311624833 2288.6579293051
3174.03312684547 2289.0810158552226
3174.7769574364265 2289.5345134212084
3175.5839654845495 2290.0146909106165
3176.4152935390352 2290.517817231003
3177.232084149082 2291.040161289929
3177.9954798638855 2291.5779919949523
3178.666623232642 2292.1275782536295
3179.206656804551 2292.6851889735212
3180.0 2292.0
3179.7469102439527 2293.8095594271776
3179.723088145901 2294.3688569760607
3179.52007231991 2294.9212546163903
3179.152678251235 2295.463021255725
3178.6357214251366 2295.990425801624
3177.9840173268703 2296.499737161646
3177.212381441695 2296.9872242433485
3176.335629254868 2297.4491559542894
3175.368576251646 2297.8818012020283
3174.3260379172866 2298.281428894124
3173.2228297370484 2298.6443079381334
3172.0 2300.0
3170.8937788030307 2299.2460113282527
3169.6982451581634 2299.4840671862116
3168.5026598852423 2299.6838374197837
3167.3225166079183 2299.84828463326
3166.17330894985 2299.980371430933
3165.0705305346905 2300.0830604170937
3164.0296749860945 2300.1593141960316
3163.066235927717 2300.2120953720396
3162.1957069832124 2300.2443665494084
3161.433581776234 2300.2590903324285
3160.795353930438 2300.259229325392
3160.0 2300.0
3159.9459601546855 2300.2277419721795
3159.726153498082 2300.2028725177847
3159.6129627493688 2300.176932056896
3159.5822535582415 2300.1537148770017
3159.609891574401 2300.1370152655936
3159.6717424475464 2300.1306275101615
3159.7436718273766 2300.138345898194
3159.801545363589 2300.1639647171833
3159.821228705885 2300.211278254619
3159.7785875039604 2300.284080797989
3159.649487407516 2300.3861666347857
3160.0 2300.0
3159.0410525848065 2300.6914541261594
3158.547525887602 2300.89077708097
3157.9391563540007 2301.1116259296755
3157.2258863633647 2301.3463276850175
3156.4176582950568 2301.5872093597413
3155.5244145284387 2301.8265979665903
3154.5560974428736 2302.056820518308
3153.5226494177246 2302.2702040276386
3152.4340128323543 2302.4590755073264
3151.300130066124 2302.615761970114
3150.1309434983978 2302.732590428746
3148.0 2304.0
3147.725523045546 2302.8183940513313
3146.5037413369805 2302.7864992416416
3145.2755601800404 2302.713006480514
3144.0454893719243 2302.604718781562
3142.818038709829 2302.468439158402
3141.597717990954 2302.3109706246464
3140.3890370124973 2302.139116193911
3139.1965055716555 2301.9596788798103
3138.0246334656294 2301.77946169596
3136.8779304916156 2301.6052676559725
3135.7609064468124 2301.443899773465
3136.0 2300.0
3133.6339343336317 2301.1868545353445
3132.63300585965 2301.104783206961
3131.679795503672 2301.062750090516
3130.778813062895 2301.0675581996225
3129.934568334519 2301.1260105478964
3129.1515711157413 2301.2449101489524
3128.4343312037595 2301.431060016404
3127.7873583957726 2301.691263163867
3127.215162488979 2302.0323226049554
3126.7222532805754 2302.4610413532846
3126.313140567762 2302.9842224224694
3124.0 2304.0
3125.761183466325 2304.3375346605058
3125.608396563884 2305.159378352448
3125.5195211293944 2306.0591094114257
3125.4801048518366 2307.0216373469143
3125.4756954201976 2308.0318716683896
3125.491840523458 2309.0747218853267
3125.514087850601 2310.1350975072014
3125.527985090609 2311.1979080434894
3125.5190799324655 2312.2480630036653
3125.4729200651523 2313.2704718972054
3125.3750531776527 2314.2500442335845
3128.0 2316.0
3124.969331144507 2316.02315245951
3124.6502236557085 2316.803518488483
3124.2569044604184 2317.5147082391463
3123.7925735265026 2318.1586423414533
3123.260430821825 2318.7372414253546
3122.663676314251 2319.252426120799
3122.0055099716465 2319.7061170577394
3121.2891317618737 2320.100234866126
3120.5177416527995 2320.436700175909
3119.6945396122883 2320.7174336170406
3118.8227256082046 2320.94435581947
3116.0 2320.0
3116.9460615807798 2321.2444490280272
3115.947611493168 2321.321461294057
3114.9133493134436 2321.3523448411884
3113.846475009472 2321.3390202993724
3112.750188549116 2321.283408298559
3111.627689900242 2321.1874294687004
3110.482179030715 2321.053004439746
3109.3168559083983 2320.882053841648
3108.1349205011575 2320.6764983043563
3106.939572776859 2320.438258457822
3105.734012703366 2320.1692549319955
3104.0 2320.0
3103.3050553802555 2319.54663936227
3102.0880580663693 2319.1968685782726
3100.873648274747 2318.824016634787
3099.665025973256 2318.4300041617626
3098.4653911297587 2318.016751789152
3097.277943712122 2317.586180146904
3096.1058836882094 2317.140209864971
3094.9524110258862 2316.680761573304
3093.8207256930164 2316.2097559018525
3092.7140276574673 2315.729113480568
3091.6355168871014 2315.240754939401
3092.0 2316.0
3089.5751124735757 2314.2489397434565
3088.595151527314 2313.751530705975
3087.6472432400333 2313.2585007832063
3086.7301203407687 2312.773976962494
3085.8425155585523 2312.3020862311855
3084.983161622419 2311.8469555766274
3084.150791261402 2311.4127119861646
3083.344137204536 2311.0034824471436
3082.5619321808535 2310.6233939469116
3081.80290891939 2310.2765734728123
3081.0658001491774 2309.9671480121947
3080.0 2308.0
3079.6522569986437 2309.4769900807833
3078.9732880763904 2309.3045115846826
3078.3111645615245 2309.1859360514463
3077.664619183079 2309.12539046842
3077.032384670089 2309.127001822951
3076.413193751587 2309.1948971023858
3075.8057791566084 2309.3332032940684
3075.2088736141864 2309.5460473853464
3074.621209853354 2309.8375563635655
3074.0415206031453 2310.211857216072
3073.468538592596 2310.6730769302117
3072.0 2312.0
3072.3376272066034 2311.8688273196735
3071.77716328923 2312.587890531072
3071.2183375276495 2313.3629376762588
3070.659882650896 2314.1743743039638
3070.100531388004 2315.002605962919
3069.5390164680057 2315.828038201855
3068.974070619937 2316.631076569504
3068.40442657283 2317.3921266145953
3067.828817055719 2318.0915938858616
3067.245974797639 2318.7098839320324
3066.654632527622 2319.227402301841
3068.0 2320.0
3065.441545056256 2319.8863741984874
3064.8182624430174 2320.0164067699743
3064.183404994064 2320.0228257543927
3063.5367025684714 2319.913804647659
3062.8778850253157 2319.697516945691
3062.2066822236757 2319.382136144403
3061.5228240226247 2318.9758357397122
3060.826040281242 2318.4867892275356
3060.1160608586038 2317.9231701037897
3059.392615613785 2317.293151864391
3058.655434405864 2316.6049080052544
3056.0 2316.0
3057.138783537018 2315.086437411438
3056.358773594247 2314.2725576685907
3055.56394712468 2313.433146289673
3054.7540339873917 2312.5763767706
3053.92876404146 2311.71042260729
3053.087867145962 2310.843457295658
3052.2310731599723 2309.9836543316205
3051.3581119425694 2309.139187211095
3050.468713352828 2308.3182294299972
3049.5626072498258 2307.5289544842435
3048.6395234926395 2306.7795358697513
3048.0 2304.0
3046.7416764831064 2305.431470528732
3045.7683771354295 2304.8402242571515
3044.7810279429095 2304.30363522672
3043.781362951141 2303.820930396468
3042.7711162057167 2303.3913367254213
3041.7520217522315 2303.01408117261
3040.7258136362802 2302.688390697062
3039.6942259034545 2302.4134922578046
3038.658992599351 2302.188612813867
3037.621847769562 2302.0129793242772
3036.5845254596825 2301.885818748063
3036.0 2304.0
3034.516284582028 2301.7738241718744
3033.48883410544 2301.7874440899573
3032.4681423311386 2301.8464447575284
3031.4559433047166 2301.950053133617
3030.4539710717677 2302.0974961772504
3029.4639596778866 2302.288000847457
3028.487643168667 2302.520794103265
3027.526755589703 2302.795102903703
3026.58303098659 2303.1101542077986
3025.6582034049197 2303.465174974581
3024.7540068902877 2303.859392163078
3024.0 2304.0
3023.014443244513 2304.7623236413265
3022.1825442045597 2305.2694918491356
3021.37821241402 2305.8127643147723
3020.603181918488 2306.3913679972643
3019.859186763559 2307.0045298556392
3019.147960994826 2307.6514768489264
3018.4712386578835 2308.3314359361543
3017.830753798326 2309.04363407635
3017.228240461746 2309.787298228542
3016.665432693739 2310.5616553517593
3016.144064539899 2311.3659324050295
3016.0 2312.0
3015.231916890718 2313.0609983089175
3014.8406072883095 2313.949306104052
3014.489677085931 2314.862571718269
3014.17686213092 2315.7990871370585
3013.8998982706153 2316.7571443459055
3013.6565213523536 2317.7350353302977
3013.444467223473 2318.7310520757233
3013.2614717313113 2319.743486567669
3013.1052707232056 2320.770630791622
3012.9736000464945 2321.81077673307
3012.8641955485145 2322.862216377499
3012.0 2324.0
3012.703128478103 2324.9921447172524
3012.646937600345 2326.0672173835505
3012.6039562906694 2327.1467516947796
3012.571920396416 2328.229039636427
3012.5485657649197 2329.3123731939795
3012.5316282435197 2330.3950443529247
3012.5188436795524 2331.475345098749
3012.5079479203578 2332.551567416941
3012.49667681327 2333.622003292987
3012.48276620563 2334.684944712374
3012.463951944775 2335.738683660591
3012.0 2336.0
3012.4025558527683 2337.8117220854583
3012.3554457162923 2338.827605533084
3012.294375315952 2339.8274544514875
3012.217080499084 2340.809560826156
3012.1212971130276 2341.7722166425765
3012.004761005119 2342.7137138862367
3011.865208022697 2343.632344542624
3011.700374013098 2344.5264005972244
3011.5079948236607 2345.3941740355262
3011.285806301724 2346.233956843017
3011.031544294623 2347.044041005183
3012.0 2348.0
3010.4205995317852 2348.568857615792
3010.076526375735 2349.2836317170154
3009.7255989338933 2349.9687904784755
3009.3826909586096 2350.6260835674666
3009.0626762022307 2351.2572606512813
3008.780428417108 2351.8640713972122
3008.5508213555863 2352.448265472555
3008.388728770017 2353.0115925446007
3008.309024412748 2353.555802280644
3008.3265820361257 2354.0826443479777
3008.456275392501 2354.5938684138955
3008.0 2356.0
3009.1074305782986 2355.5764612106573
3009.633837500411 2356.051329276087
3010.282270340898 2356.5175780092754
3011.042800440098 2356.9769570775143
3011.9054991383528 2357.4312161480975
3012.8604377760034 2357.8821048883187
3013.897687693389 2358.3313729654706
3015.0073202308504 2358.7807700468475
3016.1794067287283 2359.232045799741
3017.4040185273616 2359.6869498914475
3018.6712269670925 2360.147231989258
3020.0 2360.0
3021.2920857033564 2361.090928872367
3022.61607811347 2361.577842992252
3023.923351391841 2362.0771337874157
3025.1941763117084 2362.59055092515
3026.4088236463126 2363.1198440727503
3027.547564168895 2363.666762897509
3028.5906686526937 2364.233057066719
3029.5184078709494 2364.8204762476744
3030.3110525969023 2365.4307701076686
3030.94887360379 2366.065688313995
3031.4121416648554 2366.7269805339465
3032.0 2368.0
3031.7429898778214 2368.1349518437823
3031.61243858828 2368.8807272275494
3031.3110714700297 2369.65106921271
3030.8604863083874 2370.443324425853
3030.2822808886713 2371.2548394935693
3029.5980529961994 2372.08296104245
3028.8294004162885 2372.9250356990824
3027.9979209342564 2373.7784100900612
3027.125212335421 2374.640430841974
3026.232872405098 2375.5084445814105
3025.3424989286063 2376.379797934962
3024.0 2376.0
3023.6492276783956 2378.121909990772
3022.8606366753597 2378.9873619462096
3022.102625667523 2379.845540022124
3021.367903640251 2380.6937908451036
3020.6491795789098 2381.5294610417404
3019.9391624688674 2382.349897238625
3019.2305612954883 2383.152446062345
3018.5160850441407 2383.934454139493
3017.7884427001895 2384.6932680966584
3017.040343249 2385.426234560432
3016.264495675941 2386.130700157404
3016.0 2388.0
3014.605171194041 2387.4441672357007
3013.7357867861215 2388.0517738405906
3012.8668392581744 2388.628089825811
3012.019712125754 2389.174373688335
3011.2157889044142 2389.6918839251407
3010.4764531097117 2390.1818790332004
3009.823088257201 2390.645617509491
3009.277077862437 2391.084357850989
3008.859805440975 2391.4993585546677
3008.592654508368 2391.8918781175034
3008.497008580173 2392.263175036471
3008.0 2392.0
3008.89811629365 2392.9471349307046
3009.3917399329084 2393.2623148999214
3010.050608571751 2393.5613062131724
3010.850208692208 2393.8453673674317
3011.766026776312 2394.1157568596755
3012.773549306095 2394.373733186879
3013.8482627635867 2394.620554846018
3014.9656536308203 2394.857480334067
3016.101208389826 2395.085768148002
3017.230413522634 2395.3066767847977
3018.3287555112784 2395.521464741431
3020.0 2396.0
3020.340604608995 2395.9387033045637
3021.2399364309153 2396.149615119753
3022.080054534365 2396.3713286721595
3022.8712971501595 2396.611046673496
3023.624002509115 2396.875971835477
3024.348508842048 2397.173306869818
3025.055154379773 2397.510254488233
3025.7542773531068 2397.894017402436
3026.456215992866 2398.3317983241427
3027.1713085298634 2398.8307999650656
3027.909893194917 2399.398225036921
3028.0 2400.0
3029.493635642055 2400.7648614556283
3030.3279327433606 2401.564709037972
3031.1640006111666 2402.4342525222314
3031.98064033388 2403.3669254321826
3032.7566529999067 2404.3561612916046
3033.470839697654 2405.3953936242738
3034.1020015155277 2406.4780559539677
3034.6289395419344 2407.597581804464
3035.0304548652825 2408.7474046995394
3035.285348573975 2409.9209581629707
3035.3724217564213 2411.111675718537
3036.0 2412.0
3034.9681746606816 2413.5172207199284
3034.493639146199 2414.7122163257927
3033.8848526328775 2415.88471234387
3033.1797987960117 2417.0214434104205
3032.4164613109015 2418.1091441617064
3031.632823852843 2419.1345492339897
3030.8668700971334 2420.084393263532
3030.1565837190697 2420.9454108865957
3029.5399483939495 2421.7043367394417
3029.0549477970685 2422.3479054583318
3028.739565603726 2422.862851679528
3028.0 2424.0
3028.759321021483 2423.4591713409795
3029.108805339022 2423.546151056331
3029.6566014729806 2423.5157208241794
3030.3790724545 2423.3867522833575
3031.252581314724 2423.178117072699
3032.253491084798 2422.908686831039
3033.358164795862 2422.597333197209
3034.5429654790632 2422.2629278100453
3035.7842561655416 2421.924342308379
3037.0583998864417 2421.600448331045
3038.341759672907 2421.3101175168767
3040.0 2420.0
3040.845647911496 2420.902155849893
3042.043312492242 2420.8014117738744
3043.204465395797 2420.768004414614
3044.3298797196403 2420.7999489100753
3045.4203285612516 2420.895260398221
3046.476585018108 2421.051954017012
3047.49942218769 2421.2680449044146
3048.4896131674755 2421.5415481983896
3049.4479310549445 2421.8704790368997
3050.375148947574 2422.252852557908
3051.272039942844 2422.6866838993774
3052.0 2424.0
3052.9779336312204 2423.7007805955504
3053.788482519285 2424.27707622618
3054.571796899905 2424.896890229122
3055.32864987056 2425.5582377423398
3056.059814528728 2426.2591339037936
3056.766063971888 2426.9975938514494
3057.44817129752 2427.7716327232683
3058.106909603102 2428.579265657215
3058.743051986111 2429.418507791248
3059.35737154403 2430.287374263334
3059.9506413743347 2431.183880211436
3060.0 2432.0
3061.0771242420187 2433.051871087534
3061.611883474356 2434.019386291457
3062.128685368996 2435.006601523246
3062.6283030234154 2436.011531920863
3063.1115095350965 2437.0321926222723
3063.579078001514 2438.0665987654356
3064.03178152015 2439.112765488317
3064.4703931884824 2440.1687079288777
3064.8956861039896 2441.2324412250814
3065.3084333641505 2442.301980514891
3065.7094080664447 2443.375340936269
3068.0 2444.0
3066.4792198748805 2445.5247771723834
3066.850129301181 2446.592031943858
3067.2134108099362 2447.645465760375
3067.570363623826 2448.6782424407097
3067.92228696553 2449.683525803636
3068.270480057731 2450.65447966793
3068.6162421231106 2451.584267852363
3068.9608723843503 2452.466054175713
3069.305670064131 2453.2930024567527
3069.6519343851323 2454.0582765142562
3070.000964570038 2454.755040166999
3068.0 2456.0
3070.7125194222835 2455.9192243338935
3071.077642534987 2456.3941692891617
3071.4507284023193 2456.815652721904
3071.83307624696 2457.198035254461
3072.2259852915927 2457.5556775091763
3072.6307547588976 2457.902940108393
3073.048683871557 2458.2541836744517
3073.4810718522504 2458.623768829698
3073.92921792366 2459.026056196472
3074.3944213084665 2459.4754063971172
3074.8779812293524 2459.9861800539757
3076.0 2460.0
3075.905080614703 2461.2454393547027
3076.449496792232 2461.9986410172405
3077.014022931969 2462.822698173332
3077.5982365242967 2463.7079662193037
3078.201715059598 2464.6448005514826
3078.8240360282566 2465.623556566197
3079.464776920656 2466.6345896597727
3080.123515227179 2467.668255228538
3080.799828438209 2468.714908668821
3081.4932940441286 2469.764905376946
3082.2034895353213 2470.808600749242
3084.0 2472.0
3083.6723801350586 2472.8385090716556
3084.4302302243705 2473.805432814427
3085.203120160487 2474.7274768066786
3085.9906274337923 2475.594996444736
3086.792329534671 2476.3983471249276
3087.6078039535037 2477.1278842435804
3088.4366281806765 2477.773963197021
3089.27837970657 2478.326939381578
3090.1326360215685 2478.7771681935765
3090.9989746160554 2479.115005029345
3091.876972980413 2479.330805285211
3092.0 2480.0
3093.666258980275 2479.363790613193
3094.576701596546 2479.1981243018727
3095.49711394422 2478.9447186437746
3096.4270735136815 2478.6303668591336
3097.3661577953135 2478.281862168186
3098.3139442794986 2477.925997791167
3099.270010456621 2477.589566948312
3100.233933817063 2477.2993628598565
3101.205291851208 2477.082178746036
3102.1836620494387 2476.964807827086
3103.168621902139 2476.974043323242
3104.0 2476.0
3105.1562449820826 2477.4692309510197
3106.1558098877076 2477.947116578348
3107.1557678045656 2478.5354756121983
3108.1534429206527 2479.1994483280405
3109.1461594239695 2479.9041750013484
3110.1312415025127 2480.6147959075925
3111.106013344281 2481.2964513222455
3112.0677991372727 2481.91428152078
3113.0139230694867 2482.433426778667
3113.9417093289194 2482.8190273713785
3114.8484821035727 2483.0362235743873
3116.0 2484.0
3116.588283950524 2482.8358238850255
3117.41596139882 2482.4076683746475
3118.211922114328 2481.7899892385512
3118.9734902850446 2481.007086583257
3119.697990098969 2480.083260515285
3120.3827457441002 2479.0428111411575
3121.0250814084357 2477.9100385673933
3121.6223212799728 2476.709242900513
3122.171789546711 2475.4647242470382
3122.6708103966484 2474.200782713487
3123.1167080177825 2472.9417184063823
3124.0 2472.0
3123.8400782170393 2470.5318283916563
3124.1220865195705 2469.4080418614653
3124.360043042118 2468.3432109125806
3124.561159321091 2467.340074615912
3124.732646892904 2466.401372042367
3124.8817172939657 2465.529842262859
3125.015582060688 2464.7282243482946
3125.141452729482 2463.999257369586
3125.2665408367584 2463.345680397641
3125.3980579189283 2462.77023250337
3125.5432155124035 2462.275652757684
3124.0 2460.0
3125.902042550815 2461.538849257024
3126.1226000999777 2461.2948752118104
3126.370574368899 2461.128268734696
3126.6456419253955 2461.0345404645313
3126.947479337285 2461.009201040165
3127.2757631723794 2461.047761100444
3127.630169998499 2461.1457312842203
3128.010376383458 2461.298622230339
3128.416058895072 2461.5019445776506
3128.8468941011583 2461.7512089650036
3129.302558569532 2462.041926031246
3132.0 2464.0
3130.2870815644055 2462.7297607557953
3130.815293226538 2463.117899691799
3131.3670404222225 2463.529533862087
3131.941999719275 2463.9601739055097
3132.539847685511 2464.405330460913
3133.1602608887483 2464.860514167146
3133.8029158968 2465.3212356630584
3134.4674892774856 2465.7830055874992
3135.1536575986165 2466.241334579315
3135.861097428014 2466.691733277357
3136.5894853334908 2467.1297123204718
3136.0 2468.0
3138.10781164395 2467.9504539973177
3138.897103184564 2468.3242379087455
3139.706049072522 2468.667644720641
3140.5343258756407 2468.976185071854
3141.3816101617363 2469.2453696012317
3142.2475784986245 2469.470708947624
3143.1319074541207 2469.6477137498796
3144.0342735960417 2469.771894646846
3144.954353492204 2469.8387622773726
3145.891823710423 2469.843827280308
3146.8463608185148 2469.7826002945003
3148.0 2468.0
3148.805021470383 2469.4442863970976
3149.806575118607 2469.164061673471
3150.820055865597 2468.811269337041
3151.8432172479847 2468.3872609369264
3152.8738128023992 2467.8933880222476
3153.9095960654745 2467.3310021421266
3154.9483205738375 2466.7014548456823
3155.9877398641224 2466.006097682037
3157.025607472958 2465.2462822003085
3158.0596769369754 2464.4233599496183
3159.0877017928055 2463.5386824790885
3160.0 2464.0
3161.1166318264286 2461.592953303921
3162.1130440774814 2460.555516071129
3163.094425866872 2459.503552562186
3164.058530731227 2458.4593256998155
3165.0031122071805 2457.4450984067425
3165.9259238313625 2456.4831336056923
3166.824719140403 2455.595694219388
3167.697251670933 2454.8050431705547
3168.5412749595844 2454.1334433819156
3169.3545425429875 2453.6031577761964
3170.134807957772 2453.2364492761203
3172.0 2452.0
3171.5883372186177 2453.0745406839455
3172.263052881575 2453.274218838177
3172.9076700097103 2453.627230590715
3173.5258868832884 2454.106191265164
3174.121401782577 2454.683716185131
3174.6979129878423 2455.332420674223
3175.2591187793505 2456.0249200560474
3175.8087174373695 2456.73382965421
3176.3504072421647 2457.4317647923167
3176.887886474003 2458.0913407939734
3177.4248534131516 2458.6851729827886
3176.0 2460.0
3178.5120435344425 2459.571194834816
3179.06966327712 2459.839380856241
3179.6415638481735 2459.993815781248
3180.2314435278695 2460.0378806444405
3180.8430005964738 2459.974956480425
3181.479933334256 2459.8084243238077
3182.1459400214803 2459.541665209193
3182.8447189384133 2459.1780601711866
3183.579968365322 2458.7209902443938
3184.3553865824733 2458.17383646342
3185.1746718701334 2457.5399798628705
3188.0 2456.0
3186.9575723379958 2456.0277390211727
3187.9161974384174 2455.168456927461
3188.9087094497872 2454.2606763090507
3189.926420012059 2453.320118278774
3190.960640765185 2452.3625039494627
3192.002683349119 2451.4035544339495
3193.043859403814 2450.4589908450675
3194.0754805692245 2449.5445342956496
3195.0888584853014 2448.675905898528
3196.075304791999 2447.8688267665357
3197.02613112927 2447.1390180125045
3196.0 2448.0
3198.7883307071356 2445.970784123672
3199.5952887383723 2445.543929418615
3200.357796381466 2445.2174859510123
3201.080126787107 2444.987303037776
3201.7665531059843 2444.84922999582
3202.4213484887846 2444.7991161420564
3203.0487860861995 2444.8328107933994
3203.6531390489163 2444.946163266762
3204.2386805276246 2445.1350228790575
3204.809683673012 2445.3952389471983
3205.3704216357696 2445.722660788099
3208.0 2444.0
3206.4781946161465 2446.56251905583
3207.0337759351437 2447.0666541164865
3207.596184674266 2447.621392217556
3208.169693984201 2448.22258267595
3208.7585770156393 2448.866074808583
3209.3671069192683 2449.5477179323684
3209.999556845778 2450.2633613642183
3210.660199945856 2451.008854421046
3211.353309370193 2451.7800464197653
3212.0831582694764 2452.5727866772895
3212.854019794396 2453.3829245105326
3212.0 2456.0
3214.5326824457507 2455.039645411168
3215.4298846046854 2455.8830585484548
3216.3469014542543 2456.7375294012472
3217.2688608762664 2457.6040387225257
3218.180890752533 2458.48356726527
3219.068118964864 2459.3770957824627
3219.915673395069 2460.2856050270816
3220.7086819249585 2461.210075752109
3221.432272436343 2462.151488710525
3222.071572811031 2463.1108246553094
3222.6117109308348 2464.089064339444
3224.0 2464.0
3223.3411818770364 2466.1040529753855
3223.537790131113 2467.130013659362
3223.6497869856616 2468.153301547026
3223.6993199865487 2469.1621476175656
3223.7085366796437 2470.14478285017
3223.6995846108157 2471.089438224028
3223.6946113259314 2471.9843447183284
3223.7157643708606 2472.8177333122585
3223.7851912914703 2473.5778349850084
3223.925039633628 2474.252880715765
3224.157456943203 2474.831101483718
3224.0 2476.0
3224.9828476966954 2475.6547819272473
3225.585670524044 2475.9054428368854
3226.300761085676 2476.069681251843
3227.1158212191526 2476.164467426993
3228.01855276204 2476.206771617209
3228.996657551903 2476.213564077364
3230.0378374263046 2476.2018150623303
3231.12979422281 2476.1884948269826
3232.2602297789826 2476.1905736261933
3233.4168459323864 2476.225021714835
3234.587344520587 2476.308809347782
3236.0 2476.0
3236.9222996317694 2476.688920606124
3238.071179510703 2476.9990027815156
3239.202788536335 2477.3859416012056
3240.313848227051 2477.8465253603176
3241.4010801012405 2478.3775423539746
3242.461205677288 2478.9757808772997
3243.4909464735806 2479.638029225417
3244.4870240085074 2480.361075693451
3245.446159800453 2481.1417085765233
3246.3650753678057 2481.9767161697587
3247.240492228951 2482.86288676828
3248.0 2484.0
3248.849350654964 2484.774983740223
3249.58604374937 2485.7891681751644
3250.2857411966493 2486.8310317384376
3250.954973007954 2487.8920441964387
3251.6002691944345 2488.963675315568
3252.2281597672445 2490.0373948622223
3252.845174737538 2491.1046726028003
3253.4578441164654 2492.1569783037016
3254.0726979151805 2493.1857817313235
3254.6962661448347 2494.1825526520643
3255.335078816581 2495.1387608323234
3256.0 2496.0
3256.684557530962 2496.8953680369896
3257.4082835959007 2497.678706594193
3258.1733741475423 2498.387361476509
3258.986359197038 2499.0128024503338
3259.853768755541 2499.5464992820675
3260.782132834205 2499.9799217381096
3261.777981444181 2500.3045395848562
3262.8478445966202 2500.511822588706
3263.9982523026792 2500.5932405160597
3265.2357345735068 2500.540263133313
3266.566821420258 2500.3443602068664
3268.0 2500.0
3268.0 2500.0
