3268.0 2500.0
3274.244333084812 2501.560124411491
3277.178383092335 2501.0305039636355
3277.467411495243 2498.964408893909
3276.0 2496.0
3272.5560123484784 2492.3490346612703
3268.5783892294376 2488.8628753845696
3264.4013533670454 2485.9664812584233
3260.0 2484.0
3257.7253526851664 2483.8358576977553
3255.4333947664736 2484.2645249546777
3253.35603790602 2484.6087507450416
3252.0 2484.0
3248.367362546968 2481.830896953335
3245.4861520906843 2478.5415230712892
3242.8797587772688 2474.833119122735
3240.0 2472.0
3240.0724809240483 2468.8171722765296
3239.7988666038596 2467.027219944336
3239.6546098657723 2465.853418676551
3240.0 2464.0
3237.871753229651 2464.6191557892816
3236.097786912952 2464.191137397339
3234.18244534102 2463.6441565248865
3232.0 2464.0
3231.300854219266 2461.5289518862432
3230.392843588063 2460.0177199038817
3229.459935538871 2458.501509008666
3228.0 2456.0
3226.3530181056985 2456.3477016389816
3224.080365835329 2455.7744683791148
3221.585530374195 2455.3249826355996
3220.0 2456.0
3216.7892495338047 2454.0916258758025
3214.9177739816373 2452.9549409486103
3213.6840548928835 2451.236375715951
3212.0 2448.0
3213.8342510292805 2445.472216497512
3214.714687698477 2441.819248511457
3215.225923719177 2438.3696522193814
3216.0 2436.0
3212.4879952476263 2434.2340256108023
3209.128235679605 2433.9499756421687
3205.1780853115474 2434.6732580632547
3200.0 2436.0
3197.7689836099494 2438.4104431049154
3194.5111562221073 2440.7112412682523
3191.0651859256277 2442.593162906832
3188.0 2444.0
3182.1636346668574 2443.083073368198
3176.9853399218664 2441.6003834402954
3172.1734747028336 2439.517459486261
3168.0 2436.0
3166.2416563011657 2435.2825730068757
3165.628769232414 2433.5023833406826
3166.396443917389 2431.865505366674
3168.0 2432.0
3171.276550883228 2428.7025100941096
3174.500637304161 2427.1005516707874
3177.328593758958 2425.4902226901177
3180.0 2424.0
3179.205644932182 2422.2754895180046
3178.362297409546 2420.6866035571957
3177.337935438649 2419.12038350031
3176.0 2416.0
3177.794164673302 2416.0869775595747
3179.546075522969 2414.635309906361
3181.6596112126035 2413.237344618339
3184.0 2412.0
3184.863842931572 2410.6335575991434
3185.355881192448 2409.4432540986036
3185.0122287563777 2408.337689424526
3184.0 2408.0
3181.7304489590533 2406.404564275309
3179.390748185074 2405.549029580481
3177.412209888693 2404.722285272741
3176.0 2404.0
3176.9520661359206 2403.0122344785054
3178.6629046093863 2402.0574613219997
3181.1197934201655 2400.9885452125627
3184.0 2400.0
3186.490856023183 2398.3653507948748
3188.774295689005 2396.739605816613
3190.5423174393045 2394.856784545402
3192.0 2392.0
3191.947437199368 2390.2319976663757
3191.8982039700354 2387.748672682161
3191.960890346989 2385.525552652199
3192.0 2384.0
3194.194097873622 2382.8941916935596
3196.2746732819046 2382.2153091067257
3198.2872768136767 2381.255348157831
3200.0 2380.0
3199.932451425636 2376.4299628380627
3199.209529348852 2372.621512021168
3197.707649081617 2368.6459299501757
3196.0 2364.0
3193.2986073819884 2362.5348952142162
3191.1006480647475 2360.7648198028633
3189.5421347873635 2359.558367644638
3188.0 2360.0
3190.073658273654 2357.8098854190516
3191.8228783548952 2356.7546315174322
3193.5299111111267 2355.236553200424
3196.0 2352.0
3193.7777613023827 2349.9048526688675
3192.3007138852495 2346.2942687229465
3190.7457494387922 2342.626936898891
3188.0 2340.0
3190.3886440247425 2336.8521549717034
3191.6789219807447 2335.0131529139267
3193.076120754611 2333.654299068727
3196.0 2332.0
3193.5965330673266 2331.6122274544527
3192.945072632887 2330.5466054045773
3192.851185069733 2329.196323005677
3192.0 2328.0
3197.7364289496895 2324.962512562397
3202.3663780012294 2322.209844016428
3206.855535140914 2319.4342341182523
3212.0 2316.0
3210.611378523822 2315.007451539326
3209.510491162222 2313.4304904490236
3207.533664679118 2311.979011187413
3204.0 2312.0
3204.433248386402 2308.5161759865177
3203.8496047503463 2306.3395881286897
3203.469914339905 2303.9580182624672
3204.0 2300.0
3201.871269494635 2298.910405024109
3200.4131350885764 2296.4095979116105
3198.680593965672 2294.034281309989
3196.0 2292.0
3194.9162937063115 2289.9905921586515
3192.8229445226893 2288.4874558685706
3190.332008527888 2287.44028260864
3188.0 2288.0
3183.454055347178 2287.003135892926
3179.4076975226126 2287.5314278633336
3175.645071609554 2288.3522137162736
3172.0 2288.0
3171.0240172727576 2290.2138562552423
3170.4285095215246 2290.9260075340176
3170.642575026807 2291.2732418808187
3172.0 2292.0
3172.4011841879146 2290.318902208955
3173.627113190907 2289.308742252849
3175.025386144749 2288.516493489882
3176.0 2288.0
3178.1440775847623 2289.2866176817633
3179.4338654507474 2291.0274506109395
3180.0347360272094 2293.343114681914
3180.0 2296.0
3177.7269675849784 2298.5897090818326
3174.8969685497423 2300.9660258270656
3171.5353321918956 2302.8079465466762
3168.0 2304.0
3165.0713282159113 2303.873603475003
3162.6287788639725 2303.108110500411
3160.974228721821 2301.8297631335763
3160.0 2300.0
3160.649393796005 2298.8512218045307
3161.6499795096906 2297.513619942444
3162.780305427867 2296.3883478883627
3164.0 2296.0
3163.502053782296 2295.072851170526
3162.8163165817796 2295.0316554899277
3161.706000312219 2295.5008475836485
3160.0 2296.0
3159.1185821759314 2298.188865457707
3157.8891170422585 2300.079194605323
3156.730346305655 2301.8229182618084
3156.0 2304.0
3154.671058060107 2303.3781813605215
3153.7936255693903 2303.1017590921906
3153.033057512197 2302.502807911613
3152.0 2300.0
3151.8500321536694 2301.533488683156
3151.098744383572 2301.409052749531
3149.80666010947 2301.4539521321726
3148.0 2304.0
3144.3751991353556 2301.7752876483
3140.374610465261 2301.91348918281
3136.110801350997 2301.9445568356346
3132.0 2300.0
3128.657553719702 2301.4863560512367
3126.110764609617 2301.3240615328314
3124.5860538692596 2301.7085809703744
3124.0 2304.0
3125.098329553834 2305.5619659299277
3126.5113435340963 2308.980249948992
3127.698490994745 2312.8441849181127
3128.0 2316.0
3126.3866034163907 2320.1223168215133
3123.1602092966205 2322.6431683132923
3118.253230495702 2323.822979870123
3112.0 2324.0
3103.790293167939 2320.6060524177665
3095.2687417589887 2316.7155287090663
3087.1354199046796 2312.496395666391
3080.0 2308.0
3075.7039480237063 2306.6867661828524
3072.9939791729157 2305.8195208861853
3071.848602228514 2306.070168543937
3072.0 2308.0
3072.7071273430142 2309.006595212529
3073.938781043985 2311.233100468288
3075.1905299354826 2313.6589511683014
3076.0 2316.0
3076.2629225658534 2318.196467289341
3075.629953896747 2319.8868143457876
3074.109855602207 2320.9338701173247
3072.0 2320.0
3068.22900818025 2320.4004133704575
3064.2774283517138 2318.8507269556367
3060.2570574955043 2316.719401463074
3056.0 2316.0
3053.782391671709 2311.6018636072204
3051.4763249202774 2309.0606664251764
3049.397923573484 2306.8278605278865
3048.0 2304.0
3044.7059150598425 2304.1173127688044
3042.0085405474697 2303.723745000701
3039.371296748687 2303.806916704729
3036.0 2304.0
3035.175138370955 2304.850144541442
3033.6212830096483 2305.533533680258
3032.137676797218 2306.1403283034656
3032.0 2308.0
3028.4873850871586 2306.613107345597
3026.228999667193 2306.456268752306
3023.8574635514315 2306.1771896189825
3020.0 2304.0
3019.366550537465 2305.714351671119
3017.542979291735 2305.761613826022
3016.1978686551565 2306.148677379777
3016.0 2308.0
3015.4309154620723 2308.3769469990675
3015.682528244083 2310.285352292072
3015.7595123122755 2312.6679574388695
3016.0 2316.0
3013.691030797823 2318.6532495065844
3011.7920288887644 2322.103677363499
3010.211325613061 2325.7237869462024
3008.0 2328.0
3010.6031998739436 2333.057260061968
3012.3060413350818 2336.562727981529
3013.787709278679 2339.8220863998754
3016.0 2344.0
3012.477109728914 2345.2496006118827
3009.816592138195 2347.587363427827
3007.19840083522 2350.018230787122
3004.0 2352.0
3006.2767207403003 2356.1007691983873
3008.4068367683712 2359.3831743873734
3011.4464887242175 2362.020152393738
3016.0 2364.0
3017.635646506739 2363.061339792406
3020.2260598848643 2361.82868201193
3022.607824293668 2360.6768627032743
3024.0 2360.0
3027.1906841362093 2362.3284035661604
3029.210050009008 2365.2767707028584
3030.6573077906037 2368.5959902416885
3032.0 2372.0
3030.6900061452134 2373.1519287621527
3029.253936607447 2374.159125352073
3027.2027387569156 2375.0781295606953
3024.0 2376.0
3022.374265392353 2378.972473789054
3019.934608465258 2381.9819599667094
3017.5550603992706 2384.971546078906
3016.0 2388.0
3013.167087914384 2388.6624859533904
3011.2540620273708 2389.132762892382
3009.5919420652363 2389.1209861193224
3008.0 2388.0
3007.236804272377 2389.0559242816717
3006.7927087316025 2389.3741302994413
3007.0973636956032 2389.953264769885
3008.0 2392.0
3010.640847642711 2391.9154786736276
3013.5803051263556 2393.3091379093444
3016.669770115853 2394.984885202571
3020.0 2396.0
3021.4129108750376 2399.137114047672
3022.7647957368135 2401.224038289672
3023.663106288621 2402.813935969434
3024.0 2404.0
3024.894218924558 2403.089481177175
3025.624628239801 2401.9827445585943
3026.6966777073053 2400.794213084652
3028.0 2400.0
3030.5228735190535 2400.478623126769
3032.846398840814 2401.9385225598257
3034.650322269866 2404.4905429715186
3036.0 2408.0
3034.4103109273115 2412.6650005964652
3032.47940305742 2417.392874249191
3030.2549470982462 2421.423741759494
3028.0 2424.0
3027.761502129499 2424.177049010953
3028.1752465499612 2422.934317786929
3029.6609097412156 2421.0642384901234
3032.0 2420.0
3035.549285440448 2418.902755886681
3039.4735543883307 2419.270149978948
3043.512854986817 2420.3277907962442
3048.0 2420.0
3050.355257185829 2423.530598353681
3052.8825549960343 2425.3884606566176
3054.973276876203 2427.3619608101776
3056.0 2432.0
3058.4166794866496 2431.5270171160355
3060.0552035370397 2433.654144491768
3061.828838297617 2435.768052164994
3064.0 2436.0
3066.2546012364774 2439.8660119743377
3068.6014206164205 2442.0176020751696
3070.472733109868 2444.49104840292
3072.0 2448.0
3071.1800476871567 2451.063293317386
3070.2243813550344 2454.7262416074373
3069.209871304487 2457.8393455310825
3068.0 2460.0
3069.4619826585354 2460.1466905185225
3071.0302147921084 2459.7082113110473
3073.142824665212 2459.4544471946215
3076.0 2460.0
3077.6501470690678 2463.1955226851937
3079.7476051301783 2467.293700669302
3081.794931991537 2471.7832704986827
3084.0 2476.0
3085.969979490256 2478.5153938578605
3088.2130938152436 2480.0207644033408
3090.6368643157366 2480.4431608254604
3092.0 2480.0
3096.233100922937 2478.756421024014
3099.3765989439507 2477.379680773729
3102.6428169690803 2476.3847583466436
3108.0 2476.0
3109.196753313652 2477.604275559541
3112.311141774077 2479.6613977452507
3115.2015905205835 2481.7857028456156
3116.0 2484.0
3119.9579744471525 2483.474923040837
3121.6143715282806 2482.47595867189
3122.627752697621 2480.4164182899967
3124.0 2476.0
3122.3417718510545 2473.802032385431
3121.4434468632226 2469.769319421754
3120.7041800197526 2465.7202955631205
3120.0 2464.0
3121.646878127365 2459.0079536097915
3123.4671629022228 2457.0619547395045
3125.7231454689904 2456.534283423074
3128.0 2456.0
3130.0765119828934 2460.903078155114
3131.8627321798194 2464.9239609551073
3133.462322668238 2468.612004811998
3136.0 2472.0
3136.4048233659623 2470.460995808969
3137.929600936349 2468.603806559031
3139.631483520392 2466.377505585956
3140.0 2464.0
3143.996326679699 2465.2874452321366
3146.874168730091 2466.488604067237
3150.358878744395 2467.4504876108867
3156.0 2468.0
3159.46649004896 2464.4368683227167
3164.631219418157 2460.470144090241
3169.4864729091346 2456.2817017650027
3172.0 2452.0
3176.145586403829 2451.606650933706
3177.655129781757 2451.8027002208155
3178.266564029892 2453.1423470015034
3180.0 2456.0
3177.8802892681433 2457.3431967996244
3177.4251723239436 2459.2497816950668
3177.1571303813153 2460.390727840104
3176.0 2460.0
3178.1966306355393 2458.692118234022
3179.621814918487 2456.251847955186
3181.469358375196 2453.844509870507
3184.0 2452.0
3185.8169070229133 2452.358010894175
3188.009604320428 2453.3700539337246
3190.01004500472 2454.597437029837
3192.0 2456.0
3192.898789276635 2454.7481618098764
3193.955276150712 2453.2497272482087
3195.1558729844705 2451.1230802519167
3196.0 2448.0
3199.1549828342463 2446.439606381377
3201.8665945391654 2444.610008220091
3204.5485135815693 2443.6066550501023
3208.0 2444.0
3208.3487020376892 2445.404108158412
3209.6117895790767 2448.1579454405137
3211.1348207132924 2451.6440897215225
3212.0 2456.0
3216.9345886991787 2459.2229792931375
3220.8763284013753 2462.806638419899
3224.40801739745 2466.104432217882
3228.0 2468.0
3226.992964728392 2471.4484125828376
3226.1047358779615 2473.297593527477
3224.9234819508124 2474.46689789867
3224.0 2476.0
3225.243866544265 2474.47479295219
3227.2818451371095 2473.7339416690606
3230.0994787977206 2473.15432988157
3232.0 2472.0
3236.498436075357 2474.429712654759
3239.6640926168893 2476.5706957773523
3242.7780700752073 2479.444895519409
3248.0 2484.0
3248.831225695847 2486.4606557267257
3251.7605228349908 2490.1360716243917
3254.6183788445665 2493.612415006332
3256.0 2496.0
3260.1000054286583 2499.035595087852
3262.7138949799964 2500.5162872198352
3265.2365813554125 2500.865617700905
