273 213
3004.0 2288.0
3276.0 2500.0
1.0 1.0
3268.0 2500.0
3270.0 2499.0
3272.0 2498.0
3274.0 2497.0
3276.0 2496.0
3272.0 2493.0
3268.0 2490.0
3264.0 2487.0
3260.0 2484.0
3258.0 2484.0
3256.0 2484.0
3254.0 2484.0
3252.0 2484.0
3249.0 2481.0
3246.0 2478.0
3243.0 2475.0
3240.0 2472.0
3240.0 2470.0
3240.0 2468.0
3240.0 2466.0
3240.0 2464.0
3238.0 2464.0
3236.0 2464.0
3234.0 2464.0
3232.0 2464.0
3231.0 2462.0
3230.0 2460.0
3229.0 2458.0
3228.0 2456.0
3226.0 2456.0
3224.0 2456.0
3222.0 2456.0
3220.0 2456.0
3218.0 2454.0
3216.0 2452.0
3214.0 2450.0
3212.0 2448.0
3213.0 2445.0
3214.0 2442.0
3215.0 2439.0
3216.0 2436.0
3212.0 2436.0
3208.0 2436.0
3204.0 2436.0
3200.0 2436.0
3197.0 2438.0
3194.0 2440.0
3191.0 2442.0
3188.0 2444.0
3183.0 2442.0
3178.0 2440.0
3173.0 2438.0
3168.0 2436.0
3168.0 2435.0
3168.0 2434.0
3168.0 2433.0
3168.0 2432.0
3171.0 2430.0
3174.0 2428.0
3177.0 2426.0
3180.0 2424.0
3179.0 2422.0
3178.0 2420.0
3177.0 2418.0
3176.0 2416.0
3178.0 2415.0
3180.0 2414.0
3182.0 2413.0
3184.0 2412.0
3184.0 2411.0
3184.0 2410.0
3184.0 2409.0
3184.0 2408.0
3182.0 2407.0
3180.0 2406.0
3178.0 2405.0
3176.0 2404.0
3178.0 2403.0
3180.0 2402.0
3182.0 2401.0
3184.0 2400.0
3186.0 2398.0
3188.0 2396.0
3190.0 2394.0
3192.0 2392.0
3192.0 2390.0
3192.0 2388.0
3192.0 2386.0
3192.0 2384.0
3194.0 2383.0
3196.0 2382.0
3198.0 2381.0
3200.0 2380.0
3199.0 2376.0
3198.0 2372.0
3197.0 2368.0
3196.0 2364.0
3194.0 2363.0
3192.0 2362.0
3190.0 2361.0
3188.0 2360.0
3190.0 2358.0
3192.0 2356.0
3194.0 2354.0
3196.0 2352.0
3194.0 2349.0
3192.0 2346.0
3190.0 2343.0
3188.0 2340.0
3190.0 2338.0
3192.0 2336.0
3194.0 2334.0
3196.0 2332.0
3195.0 2331.0
3194.0 2330.0
3193.0 2329.0
3192.0 2328.0
3197.0 2325.0
3202.0 2322.0
3207.0 2319.0
3212.0 2316.0
3210.0 2315.0
3208.0 2314.0
3206.0 2313.0
3204.0 2312.0
3204.0 2309.0
3204.0 2306.0
3204.0 2303.0
3204.0 2300.0
3202.0 2298.0
3200.0 2296.0
3198.0 2294.0
3196.0 2292.0
3194.0 2291.0
3192.0 2290.0
3190.0 2289.0
3188.0 2288.0
3184.0 2288.0
3180.0 2288.0
3176.0 2288.0
3172.0 2288.0
3172.0 2289.0
3172.0 2290.0
3172.0 2291.0
3172.0 2292.0
3173.0 2291.0
3174.0 2290.0
3175.0 2289.0
3176.0 2288.0
3177.0 2290.0
3178.0 2292.0
3179.0 2294.0
3180.0 2296.0
3177.0 2298.0
3174.0 2300.0
3171.0 2302.0
3168.0 2304.0
3166.0 2303.0
3164.0 2302.0
3162.0 2301.0
3160.0 2300.0
3161.0 2299.0
3162.0 2298.0
3163.0 2297.0
3164.0 2296.0
3163.0 2296.0
3162.0 2296.0
3161.0 2296.0
3160.0 2296.0
3159.0 2298.0
3158.0 2300.0
3157.0 2302.0
3156.0 2304.0
3155.0 2303.0
3154.0 2302.0
3153.0 2301.0
3152.0 2300.0
3151.0 2301.0
3150.0 2302.0
3149.0 2303.0
3148.0 2304.0
3144.0 2303.0
3140.0 2302.0
3136.0 2301.0
3132.0 2300.0
3130.0 2301.0
3128.0 2302.0
3126.0 2303.0
3124.0 2304.0
3125.0 2307.0
3126.0 2310.0
3127.0 2313.0
3128.0 2316.0
3124.0 2318.0
3120.0 2320.0
3116.0 2322.0
3112.0 2324.0
3104.0 2320.0
3096.0 2316.0
3088.0 2312.0
3080.0 2308.0
3078.0 2308.0
3076.0 2308.0
3074.0 2308.0
3072.0 2308.0
3073.0 2310.0
3074.0 2312.0
3075.0 2314.0
3076.0 2316.0
3075.0 2317.0
3074.0 2318.0
3073.0 2319.0
3072.0 2320.0
3068.0 2319.0
3064.0 2318.0
3060.0 2317.0
3056.0 2316.0
3054.0 2313.0
3052.0 2310.0
3050.0 2307.0
3048.0 2304.0
3045.0 2304.0
3042.0 2304.0
3039.0 2304.0
3036.0 2304.0
3035.0 2305.0
3034.0 2306.0
3033.0 2307.0
3032.0 2308.0
3029.0 2307.0
3026.0 2306.0
3023.0 2305.0
3020.0 2304.0
3019.0 2305.0
3018.0 2306.0
3017.0 2307.0
3016.0 2308.0
3016.0 2310.0
3016.0 2312.0
3016.0 2314.0
3016.0 2316.0
3014.0 2319.0
3012.0 2322.0
3010.0 2325.0
3008.0 2328.0
3010.0 2332.0
3012.0 2336.0
3014.0 2340.0
3016.0 2344.0
3013.0 2346.0
3010.0 2348.0
3007.0 2350.0
3004.0 2352.0
3007.0 2355.0
3010.0 2358.0
3013.0 2361.0
3016.0 2364.0
3018.0 2363.0
3020.0 2362.0
3022.0 2361.0
3024.0 2360.0
3026.0 2363.0
3028.0 2366.0
3030.0 2369.0
3032.0 2372.0
3030.0 2373.0
3028.0 2374.0
3026.0 2375.0
3024.0 2376.0
3022.0 2379.0
3020.0 2382.0
3018.0 2385.0
3016.0 2388.0
3014.0 2388.0
3012.0 2388.0
3010.0 2388.0
3008.0 2388.0
3008.0 2389.0
3008.0 2390.0
3008.0 2391.0
3008.0 2392.0
3011.0 2393.0
3014.0 2394.0
3017.0 2395.0
3020.0 2396.0
3021.0 2398.0
3022.0 2400.0
3023.0 2402.0
3024.0 2404.0
3025.0 2403.0
3026.0 2402.0
3027.0 2401.0
3028.0 2400.0
3030.0 2402.0
3032.0 2404.0
3034.0 2406.0
3036.0 2408.0
3034.0 2412.0
3032.0 2416.0
3030.0 2420.0
3028.0 2424.0
3029.0 2423.0
3030.0 2422.0
3031.0 2421.0
3032.0 2420.0
3036.0 2420.0
3040.0 2420.0
3044.0 2420.0
3048.0 2420.0
3050.0 2423.0
3052.0 2426.0
3054.0 2429.0
3056.0 2432.0
3058.0 2433.0
3060.0 2434.0
3062.0 2435.0
3064.0 2436.0
3066.0 2439.0
3068.0 2442.0
3070.0 2445.0
3072.0 2448.0
3071.0 2451.0
3070.0 2454.0
3069.0 2457.0
3068.0 2460.0
3070.0 2460.0
3072.0 2460.0
3074.0 2460.0
3076.0 2460.0
3078.0 2464.0
3080.0 2468.0
3082.0 2472.0
3084.0 2476.0
3086.0 2477.0
3088.0 2478.0
3090.0 2479.0
3092.0 2480.0
3096.0 2479.0
3100.0 2478.0
3104.0 2477.0
3108.0 2476.0
3110.0 2478.0
3112.0 2480.0
3114.0 2482.0
3116.0 2484.0
3118.0 2482.0
3120.0 2480.0
3122.0 2478.0
3124.0 2476.0
3123.0 2473.0
3122.0 2470.0
3121.0 2467.0
3120.0 2464.0
3122.0 2462.0
3124.0 2460.0
3126.0 2458.0
3128.0 2456.0
3130.0 2460.0
3132.0 2464.0
3134.0 2468.0
3136.0 2472.0
3137.0 2470.0
3138.0 2468.0
3139.0 2466.0
3140.0 2464.0
3144.0 2465.0
3148.0 2466.0
3152.0 2467.0
3156.0 2468.0
3160.0 2464.0
3164.0 2460.0
3168.0 2456.0
3172.0 2452.0
3174.0 2453.0
3176.0 2454.0
3178.0 2455.0
3180.0 2456.0
3179.0 2457.0
3178.0 2458.0
3177.0 2459.0
3176.0 2460.0
3178.0 2458.0
3180.0 2456.0
3182.0 2454.0
3184.0 2452.0
3186.0 2453.0
3188.0 2454.0
3190.0 2455.0
3192.0 2456.0
3193.0 2454.0
3194.0 2452.0
3195.0 2450.0
3196.0 2448.0
3199.0 2447.0
3202.0 2446.0
3205.0 2445.0
3208.0 2444.0
3209.0 2447.0
3210.0 2450.0
3211.0 2453.0
3212.0 2456.0
3216.0 2459.0
3220.0 2462.0
3224.0 2465.0
3228.0 2468.0
3227.0 2470.0
3226.0 2472.0
3225.0 2474.0
3224.0 2476.0
3226.0 2475.0
3228.0 2474.0
3230.0 2473.0
3232.0 2472.0
3236.0 2475.0
3240.0 2478.0
3244.0 2481.0
3248.0 2484.0
3250.0 2487.0
3252.0 2490.0
3254.0 2493.0
3256.0 2496.0
3259.0 2497.0
3262.0 2498.0
3265.0 2499.0
3268.0 2500.0
3268.0 2500.0
