469 266
2775.9948258610166 1207.102438800967
3244.0786007918828 1472.3540676963762
1.0 1.0
2804.0 1468.0
2804.9679797281174 1468.7769702904322
2805.942156928212 1469.4660592343294
2806.922118435485 1470.0710422547932
2807.907451085139 1470.5956947749269
2808.897741712374 1471.0437922178323
2809.892577152394 1471.4191100066116
2810.8915442403973 1471.7254235643672
2811.8942298115876 1471.9665083142022
2812.9002207011654 1472.146139679218
2813.909103744333 1472.2680930825177
2814.920465776291 1472.3361439472026
2815.9338936322424 1472.3540676963762
2816.9489741473867 1472.3256397531406
2817.9652941569275 1472.2546355405977
2818.9824404960646 1472.1448304818502
2820.0 1472.0
2821.017559503936 1471.8239195181504
2822.0347058430734 1471.6203644594027
2823.0510258526133 1471.3931102468596
2824.066106367759 1471.1459323036242
2825.079534223709 1470.8826060527974
2826.0908962556673 1470.6069069174828
2827.099779298835 1470.3226103207826
2828.105770188413 1470.0334916857983
2829.1084557596037 1469.743326435633
2830.107422847607 1469.4558899933888
2831.102258287626 1469.1749577821683
2832.0925489148617 1468.9043052250736
2833.0778815645153 1468.6477077452068
2834.0578430717883 1468.408940765671
2835.032020271883 1468.191779709568
2836.0 1468.0
2836.95982913114 1467.8355547619676
2837.9033946994973 1467.6931079280612
2838.8210437790626 1467.5655011327685
2839.7031234438296 1467.4455760105782
2840.53998076779 1467.3261741959786
2841.321962824938 1467.2001373234582
2842.0394166892647 1467.0603070275045
2842.6826894347614 1466.899524942606
2843.242128135423 1466.7106327032511
2843.7080798652405 1466.4864719439283
2844.070891698207 1466.2198842991256
2844.320910708313 1465.9037114033304
2844.4484839695538 1465.5307948910327
2844.44395855592 1465.0939763967192
2844.297681541404 1464.5860975548787
2844.0 1464.0
2843.5464442840043 1463.33093174648
2842.953277858941 1462.583766328354
2842.241947468638 1461.7657836595668
2841.433899856925 1460.8842636540633
2840.5505817676294 1459.9464862257882
2839.613439944581 1458.9597312886854
2838.6439211316083 1457.9312787567007
2837.6634720725397 1456.8684085437785
2836.693539511205 1455.7784005638628
2835.755570191431 1454.6685347308987
2834.871010857049 1453.546090958831
2834.0613082518853 1452.418349161604
2833.34790911977 1451.292589253163
2832.7522602045315 1450.176091147452
2832.2958082499986 1449.0761347584162
2832.0 1448.0
2831.879784357842 1446.9530229396128
2831.9241188647393 1445.932764258523
2832.1154632213847 1444.9348407914638
2832.436277128471 1443.9548693731679
2832.869020286692 1442.988466838369
2833.3961523967373 1442.031250021799
2834.000133159302 1441.078835758192
2834.6634222750777 1440.1268408822807
2835.368479444757 1439.170882228798
2836.097764369034 1438.2065766324772
2836.833736748599 1437.2295409280514
2837.5588562841453 1436.235391950253
2838.255582676366 1435.2197465338159
2838.906375625954 1434.1782215134724
2839.4936948336012 1433.1064337239563
2840.0 1432.0
2840.4129339096285 1430.8569764950687
2840.740871682102 1429.6851766375532
2840.9973715208216 1428.4948531745774
2841.195991629189 1427.2962588532641
2841.3502902106047 1426.0996464207367
2841.473825468469 1424.9152686241175
2841.5801556061824 1423.7533782105304
2841.682838827148 1422.6242279270982
2841.7954333347648 1421.5380705209445
2841.9314973324335 1420.505158739192
2842.104589023557 1419.5357453289644
2842.328266611533 1418.6400830373836
2842.6160882997647 1417.8284246115736
2842.9816122916527 1417.111022798658
2843.438396790598 1416.498130345759
2844.0 1416.0
2844.6755112536453 1415.6239538926131
2845.4561444068536 1415.3655916912637
2846.3286444453274 1415.2175824477265
2847.279756354772 1415.1725952137756
2848.296225120891 1415.223299041186
2849.3647957293874 1415.3623629817314
2850.472213165966 1415.5824560871865
2851.6052224163304 1415.8762474093257
2852.7505684661846 1416.2364059999238
2853.894996301233 1416.6556009107549
2855.025250907178 1417.1265011935932
2856.1280772697237 1417.6417759002131
2857.1902203745753 1418.1940940823893
2858.198425207436 1418.7761247918963
2859.1394367540092 1419.3805370805082
2860.0 1420.0
2860.770763263291 1420.6276766844792
2861.457988190486 1421.2587065973921
2862.071839760369 1421.8887232845168
2862.6224829517237 1422.5133602916333
2863.120082743334 1423.1282511645209
2863.574804113982 1423.7290294489576
2863.996812042453 1424.3113286907237
2864.39627150753 1424.8707824355981
2864.783347487997 1425.4030242293604
2865.168204962637 1425.9036876177893
2865.5610089102347 1426.3684061466645
2865.9719243095715 1426.792813361764
2866.411116139433 1427.1725428088685
2866.888749378603 1427.5032280337564
2867.414989005864 1427.7805025822074
2868.0 1428.0
2868.6515919431913 1428.159284681969
2869.3681528312027 1428.263644419168
2870.145715263196 1428.3202978517058
2870.980311838333 1428.336463619691
2871.8679751557756 1428.3193603632326
2872.804737814684 1428.2762067224387
2873.7866324142215 1428.2142213374186
2874.809691553549 1428.140622848281
2875.8699478318276 1428.0626298951347
2876.9634338482197 1427.9874611180885
2878.0861822018874 1427.922335157251
2879.2342254919904 1427.874470652731
2880.403596317692 1427.851086244637
2881.590327278153 1427.859400573078
2882.790450972535 1427.9066322781628
2884.0 1428.0
2885.2146658389447 1428.1443642751449
2886.4287754847037 1428.3351532259362
2887.636314811847 1428.565436871161
2888.8312696949447 1428.8282852296038
2890.007626008567 1429.1167683200515
2891.1593696272826 1429.423956161289
2892.280486425662 1429.7429187721027
2893.364962278276 1430.066726171278
2894.4067830596937 1430.388448377601
2895.3999346444853 1430.7011554098572
2896.3384029072213 1430.997917286833
2897.216173722469 1431.2718040273128
2898.0272329648024 1431.515885650084
2898.765566508788 1431.7232321739318
2899.425160228998 1431.886913617642
2900.0 1432.0
2900.485838451031 1432.0572035299522
2900.885495229984 1432.0598051770867
2901.203556739417 1432.0107281011512
2901.4446093818897 1431.9128954618939
2901.613239559961 1431.7692304190628
2901.714033676188 1431.5826561324056
2901.7515781331317 1431.3560957616712
2901.7304593333483 1431.0924724666072
2901.6552636793986 1430.7947094069616
2901.5305775738407 1430.4657297424826
2901.3609874192325 1430.1084566329187
2901.151079618133 1429.725813238017
2900.9054405731017 1429.3207227175265
2900.628656686696 1428.8961082311946
2900.325314361476 1428.4548929387697
2900.0 1428.0
2899.6564334819323 1427.5340481675457
2899.294868595362 1427.0584385657164
2898.914692605485 1426.5742679117343
2898.515292777496 1426.0826329228207
2898.0960563765916 1425.5846303161982
2897.656370667964 1425.0813568090878
2897.195622916812 1424.5739091187122
2896.7132003883294 1424.0633839622933
2896.208490347711 1423.5508780570522
2895.680880060153 1423.0374881202117
2895.129756790851 1422.5243108689936
2894.554507804998 1422.012443020619
2893.9545203677917 1421.5029812923106
2893.3291817444265 1420.99702240129
2892.6778792000973 1420.4956630647794
2892.0 1420.0
2891.29663074624 1419.5107053623651
2890.5756553885676 1419.0267530600474
2889.8466572136426 1418.5466924394125
2889.119219508125 1418.0690728468237
2888.4029255586756 1417.5924436286464
2887.7073586519523 1417.1153541312433
2887.0421020746185 1416.6363537009802
2886.4167391133324 1416.153991684221
2885.840853054755 1415.6668174273293
2885.324027185545 1415.1733802766705
2884.8758447923656 1414.6722295786085
2884.5058891618737 1414.1619146795072
2884.223743580731 1413.6409849257316
2884.038991335598 1413.1079896636456
2883.9612157131346 1412.5614782396137
2884.0 1412.0
2884.1619263456064 1411.4231303829952
2884.441572350366 1410.8345491940938
2884.830514477444 1410.2389623306165
2885.320329190004 1409.6410756898845
2885.90259295121 1409.0455951692186
2886.568882224224 1408.4572266659393
2887.310773472214 1407.8806760773675
2888.1198431583407 1407.3206493008242
2888.9876677457696 1406.7818522336302
2889.905823697664 1406.2689907731062
2890.865887477189 1405.7867708165736
2891.859435547507 1405.339898261352
2892.8780443717833 1404.933079004763
2893.913290413182 1404.5710189441274
2894.956750134866 1404.2584239767662
2896.0 1404.0
2897.0361326213347 1403.798726230655
2898.0643052099663 1403.650675163578
2899.0851911265804 1403.5501926131215
2900.0994637318595 1403.491624393638
2901.107796386488 1403.4693163194804
2902.110862451149 1403.477614205
2903.1093352865264 1403.5108638645497
2904.103888253305 1403.5634111124823
2905.0951947121675 1403.6296017631496
2906.0839280237974 1403.7037816309044
2907.0707615488805 1403.7802965300991
2908.0563686480973 1403.8534922750855
2909.0414226821345 1403.9177146802165
2910.026597011675 1403.9673095598444
2911.012564997402 1403.9966227283214
2912.0 1404.0
2912.9894416065554 1403.9727850068857
2913.9808943097664 1403.9143126515949
2914.9742288287325 1403.8249156543975
2915.969315882557 1403.704926735563
2916.966026190339 1403.5546786153614
2917.9642304711797 1403.3745040140611
2918.9637994441796 1403.1647356519331
2919.96460382844 1402.9257062492466
2920.9665143430616 1402.6577485262708
2921.9694017071456 1402.361195203276
2922.973136639793 1402.0363790005315
2923.977589860103 1401.6836326383066
2924.982632087178 1401.3032888368716
2925.988134040119 1400.8956803164956
2926.993966438026 1400.4611397974486
2928.0 1400.0
2929.0061009524443 1399.5132587418025
2930.012117550969 1399.0045742300426
2931.017893558488 1398.4782697692885
2932.023272737913 1397.93866866411
2933.0280988521586 1397.3900942190764
2934.032215664135 1396.8368697387557
2935.0354669367566 1396.283318527718
2936.0376964329366 1395.7337638905321
2937.038747915587 1395.1925291317668
2938.0384651476206 1394.6639375559917
2939.0366918919517 1394.152312467776
2940.0332719114913 1393.6619771716878
2941.0280489691536 1393.1972549722973
2942.0208668278506 1392.762469174173
2943.011569250495 1392.3619430818844
2944.0 1392.0
2944.9861545836684 1391.680234713404
2945.970635486358 1391.4033279282353
2946.9541969373163 1391.169231830948
2947.9375931657914 1390.9778986079966
2948.921578401032 1390.8292804458351
2949.906906872284 1390.723329530916
2950.894332808796 1390.6599980496953
2951.8846104398167 1390.639238188626
2952.878493994593 1390.6610021341621
2953.8767377023723 1390.7252420727575
2954.8800957924036 1390.8319101908667
2955.8893224939334 1390.9809586749425
2956.9051720362104 1391.1723397114401
2957.928398648482 1391.406005486813
2958.959756559996 1391.6819081875149
2960.0 1392.0
2961.049280712884 1392.358575842083
2962.105340503602 1392.7493015570176
2963.16531869225 1393.1621857194198
2964.226354598923 1393.587236903904
2965.2855875437194 1394.0144636850862
2966.340156846733 1394.4338746375797
2967.3872018280613 1394.835478336001
2968.4238618077998 1395.2092833549646
2969.4472761060442 1395.5452982690856
2970.454584042892 1395.8335316529788
2971.4429249384375 1396.06399208126
2972.4094381127766 1396.226688128543
2973.351262886007 1396.3116283694433
2974.2655385782236 1396.3088213785766
2975.149404509523 1396.208275730557
2976.0 1396.0
2976.815746002298 1395.677454105766
2977.600189999238 1395.2479033436948
2978.358161106188 1394.7220643538733
2979.0944884385185 1394.1106537763874
2979.814001111595 1393.4243882513229
2980.5215282407858 1392.673984418765
2981.2218989414605 1391.870158918801
2981.919942328986 1391.0236283915158
2982.620487518731 1390.145109476996
2983.3283636260626 1389.245318815327
2984.048399766351 1388.3349730465955
2984.7854250549613 1387.4247888108864
2985.5442686072633 1386.5254827482863
2986.3297595386257 1385.6477714988816
2987.146726964415 1384.8023717027572
2988.0 1384.0
2988.8928134029265 1383.2499671098547
2989.8220244994486 1382.5559600682031
2990.7828962579974 1381.9202599900868
2991.770691647005 1381.3451479905466
2992.780673634904 1380.8329051846242
2993.8081051901236 1380.38581268736
2994.8482492810977 1380.0061516137957
2995.8963688762565 1379.6962030789723
2996.9477269440326 1379.4582481979312
2997.997586452858 1379.294568085713
2999.0412103711633 1379.20744385736
3000.0738616673802 1379.1991566279116
3001.090803309941 1379.2719875124105
3002.0872982672763 1379.4282176258978
3003.0586095078197 1379.6701280834138
3004.0 1380.0
3004.9079222609976 1380.4183805798161
3005.7835870029703 1380.9188813834928
3006.6293944868235 1381.4933800607796
3007.447744973463 1382.1337542614262
3008.241038723794 1382.831881635182
3009.011675998722 1383.5796398317955
3009.7620570591516 1384.368906501017
3010.494582165989 1385.1915592925955
3011.2116515801395 1386.0394758562804
3011.915665562508 1386.9045338418211
3012.609024374001 1387.7786108989671
3013.294128275521 1388.6535846774673
3013.9733775279765 1389.521332827071
3014.649172392271 1390.3737329975286
3015.3239131293108 1391.2026628385884
3016.0 1392.0
3016.679599115586 1392.759127758382
3017.363939988674 1393.479451897826
3018.0540179822124 1394.1618838292948
3018.750828459146 1394.8073349637486
3019.455366782425 1395.4167167121495
3020.168628314993 1395.9909404854584
3020.891608419799 1396.5309176946366
3021.6253024597895 1397.037559750646
3022.3707057979123 1397.5117780644475
3023.128813797113 1397.954484047003
3023.9006218203403 1398.366589109274
3024.687125230538 1398.7490046622204
3025.489319390657 1399.102642116805
3026.308199663642 1399.428412883989
3027.144761412441 1399.7272283747338
3028.0 1400.0
3028.8746578391606 1400.2472568241574
3029.768465542335 1400.4679985252028
3030.6809007718302 1400.660842434542
3031.6114411899534 1400.8244058835796
3032.5595644590117 1400.9573062037216
3033.5247482413083 1401.058160726372
3034.506470199154 1401.1255867829368
3035.504207994854 1401.1582017048208
3036.5174392907147 1401.1546228234292
3037.5456417490427 1401.113467470167
3038.588293032145 1401.0333529764398
3039.644870802327 1400.9128966736516
3040.714852721898 1400.7507158932087
3041.7977164531626 1400.5454279665157
3042.892939658427 1400.2956502249779
3044.0 1400.0
3045.1176679652735 1399.6590715074901
3046.2418853419867 1399.2813665013634
3047.367886742967 1398.8773636200383
3048.490906781041 1398.457541501933
3049.6061800690345 1398.0323787854659
3050.708941219773 1397.6123541090542
3051.7944248460844 1397.2079461111168
3052.857865560795 1396.8296334300715
3053.894497976731 1396.4878947043362
3054.8995567067177 1396.1932085723295
3055.868276363583 1395.9560536724696
3056.7958915601516 1395.786908643174
3057.6776369092513 1395.696252122861
3058.508747023709 1395.6945627499492
3059.2844565163496 1395.7923191628563
3060.0 1396.0
3060.6527171747466 1396.3244649583837
3061.2483680897176 1396.7580979693444
3061.794817881301 1397.2896640228053
3062.299931685883 1397.9079281086886
3062.7715746398535 1398.601655216917
3063.2176118795983 1399.3596103374125
3063.6459085415067 1400.1705584600975
3064.0643297619654 1401.023264574895
3064.480740677363 1401.9064936717268
3064.9030064240865 1402.8090107405158
3065.338992138525 1403.7195807711842
3065.7965629570645 1404.6269687536537
3066.2835840160947 1405.519939677848
3066.8079204520022 1406.387258533689
3067.3774374011746 1407.2176903110987
3068.0 1408.0
3068.6816195857396 1408.724709283977
3069.420892299142 1409.3893666212598
3070.2145604818306 1409.9932771637411
3071.0593664754265 1410.5357460633131
3071.9520526215547 1411.0160784718678
3072.889361261834 1411.4335795412971
3073.8680347378904 1411.7875544234937
3074.8848153913445 1412.0773082703497
3075.936445563819 1412.3021462337574
3077.019667596936 1412.4613734656089
3078.13122383232 1412.5542951177965
3079.2678566115897 1412.5802163422118
3080.426308276371 1412.5384422907478
3081.6033211682843 1412.428278115296
3082.7956376289535 1412.2490289677496
3084.0 1412.0
3085.212601357297 1411.6829479057092
3086.4274377137162 1411.3094355456165
3087.63795581638 1410.8934773222302
3088.8376024124113 1410.4490876380596
3090.019824248933 1409.9902808956133
3091.1780680730667 1409.5310714973996
3092.3057806319343 1409.0854738459275
3093.396408672659 1408.6675023437062
3094.4433989423633 1408.2911713932442
3095.4401981881692 1407.9704953970497
3096.3802531572005 1407.7194887576325
3097.257010596577 1407.5521658775
3098.0639172534234 1407.4825411591619
3098.794419874861 1407.524629005127
3099.4419652080123 1407.6924438179033
3100.0 1408.0
3100.4650452975748 1408.455608468187
3100.8459193459953 1409.0447661962753
3101.154514690151 1409.7472666723388
3101.402723874928 1410.5429033844498
3101.602439445217 1411.4114698206813
3101.765553945903 1412.3327594691057
3101.9039599218745 1413.2865658177961
3102.029549918021 1414.2526823548258
3102.154216479229 1415.210902568267
3102.289852150387 1416.1410199461927
3102.448349476383 1417.0228279766761
3102.6416010021035 1417.8361201477892
3102.8814992724383 1418.5606899476054
3103.1799368322736 1419.1763308641973
3103.5488062264985 1419.662836385638
3104.0 1420.0
3104.5414752649076 1420.1733291590444
3105.165447402305 1420.191187169283
3105.8601963605192 1420.0676513009157
3106.6140020878765 1419.8167988241426
3107.4151445327043 1419.4527070091638
3108.2519036433255 1418.9894531261787
3109.1125593680686 1418.441114445388
3109.985391655259 1417.8217682369911
3110.858680453222 1417.1454917711885
3111.7207057102846 1416.4263623181798
3112.559747374773 1415.6784571481653
3113.364085395011 1414.9158535313443
3114.1219997193275 1414.1526287379174
3114.8217702960474 1413.4028600380846
3115.4516770734963 1412.6806247020454
3116.0 1412.0
3116.4579208302994 1411.3715827081364
3116.8282285447885 1410.792047626594
3117.116613930275 1410.2545890614997
3117.328767773567 1409.7524013189811
3117.4703808614718 1409.2786787051662
3117.547143980798 1408.8266155261806
3117.5647479183535 1408.389406088153
3117.5288834609473 1407.96024469721
3117.4452413953854 1407.5323256594797
3117.319512508478 1407.0988432810884
3117.157387587032 1406.6529918681645
3116.9645574178544 1406.1879657268341
3116.746712787755 1405.6969591632253
3116.5095444835406 1405.1731664834651
3116.25874329202 1404.6097819936808
3116.0 1404.0
3115.7391461013963 1403.3393634459103
3115.482575918543 1402.632809824342
3115.236824480884 1401.887625265586
3115.00842681786 1401.111095899933
3114.8039179589136 1400.310507857674
3114.6298329334854 1399.4931472690996
3114.492706771019 1398.6663002645007
3114.399074500956 1397.8372529741685
3114.3554711527377 1397.0132915283934
3114.368431755807 1396.2017020574665
3114.4444913396055 1395.4097706916784
3114.590184933574 1394.6447835613199
3114.8120475671567 1393.914026796682
3115.116614269794 1393.2247865280556
3115.5104200709275 1392.5843488857315
3116.0 1392.0
3116.5894010141174 1391.4770181957226
3117.2727177810402 1391.0126505760384
3118.041556896191 1390.6021364386568
3118.8875249549965 1390.2407150812871
3119.802228552879 1389.923625801639
3120.777274285262 1389.6461078974214
3121.804268747572 1389.403400666344
3122.8748185352315 1389.190743406116
3123.980530243665 1389.0033754144472
3125.1130104682966 1388.8365359890465
3126.2638658045507 1388.6854644276236
3127.424702847851 1388.5454000278874
3128.587128193622 1388.4115820875477
3129.742748437288 1388.2792499043137
3130.8831701742724 1388.1436427758947
3132.0 1388.0
3133.086843592135 1387.8453372087001
3134.1453029572986 1387.6837753715054
3135.178979184351 1387.5212117922879
3136.1914733621566 1387.3635437749194
3137.186386579575 1387.2166686232717
3138.167319925467 1387.0864836412159
3139.137874488695 1386.9788861326238
3140.1016513581203 1386.8997734013676
3141.062251622605 1386.8550427513185
3142.023276371009 1386.8505914863485
3142.9883266921956 1386.8923169103293
3143.961003675024 1386.9861163271319
3144.944908408358 1387.137887040629
3145.943641981058 1387.3535263546912
3146.960805481985 1387.6389315731913
3148.0 1388.0
3149.0632246173445 1388.4394845319782
3150.146070389769 1388.947560437941
3151.2425263664036 1389.5112585796926
3152.346581596379 1390.1176098190363
3153.4522251288254 1390.7536450177768
3154.5534460128724 1391.4063950377167
3155.6442332976494 1392.0628907406615
3156.718576032288 1392.7101629884141
3157.770463265918 1393.335242642779
3158.7938840476686 1393.92516056556
3159.782827426671 1394.4669476185609
3160.731282452053 1394.9476346635852
3161.6332381729476 1395.3542525624375
3162.4826836384836 1395.6738321769217
3163.273607897791 1395.8934043688412
3164.0 1396.0
3164.658304813489 1395.9846152883874
3165.2547904836283 1395.8541078767307
3165.798180975035 1395.6193007639429
3166.2972002523284 1395.2910169489362
3166.7605722801263 1394.880079430624
3167.1970210230465 1394.3973112079175
3167.615270445708 1393.8535352797307
3168.024044512728 1393.259574644976
3168.432067188726 1392.6262523025657
3168.848062438319 1391.9643912514123
3169.280754226126 1391.284814490429
3169.738866516764 1390.5983450185277
3170.231123274853 1389.9158058346218
3170.7662484650095 1389.2480199376234
3171.3529660518525 1388.6058103264454
3172.0 1388.0
3172.7137123787006 1387.4394371269727
3173.4910176757207 1386.9250705551362
3174.326468483458 1386.4558743020368
3175.2146173943092 1386.0308223852194
3176.1500170006725 1385.64888882223
3177.127219894943 1385.3090476306136
3178.1407786695204 1385.0102728279157
3179.1852459168 1384.751538431683
3180.2551742291803 1384.5318184594596
3181.345116199057 1384.3500869287916
3182.449624418829 1384.205317857225
3183.5632514808913 1384.0964852623047
3184.6805499776424 1384.0225631615765
3185.7960725014796 1383.982525572586
3186.9043716447995 1383.9753465128786
3188.0 1384.0
3189.0786425467104 1384.0554877662223
3190.140513813491 1384.140922402724
3191.186960716135 1384.2554442154103
3192.219330170436 1384.3981935101865
3193.238969092188 1384.5683105929581
3194.2472243971815 1384.7649357696291
3195.245443001212 1384.987209346106
3196.234971820072 1385.2342716282938
3197.2171577695553 1385.5052629220968
3198.1933477654543 1385.7993235334216
3199.1648887235624 1386.1155937681722
3200.133127559672 1386.453213932254
3201.099411189578 1386.8113243315725
3202.0650865290727 1387.1890652720328
3203.031500493949 1387.5855770595404
3204.0 1388.0
3204.9717174344596 1388.4304086831385
3205.9469270703175 1388.8706148339677
3206.9256886520025 1389.3133644613217
3207.908061923947 1389.7514035740344
3208.8941066305806 1390.1774781809393
3209.8838825163325 1390.5843342908695
3210.877449325633 1390.9647179126594
3211.8748668029125 1391.3113750551424
3212.876194692601 1391.6170517271523
3213.8814927391286 1391.8744939375226
3214.8908206869255 1392.0764476950872
3215.9042382804214 1392.2156590086793
3216.9218052640463 1392.2848738871332
3217.943581382231 1392.2768383392822
3218.9696263794062 1392.18429837396
3220.0 1392.0
3221.034487715454 1391.7199478137247
3222.071777905243 1391.3531807614054
3223.110284675855 1390.9119963768026
3224.1484221337764 1390.408692193676
3225.184604385493 1389.8555657457864
3226.217245537491 1389.264914566893
3227.244759696259 1388.6490361907563
3228.26556096828 1388.0202281511372
3229.278063460043 1387.3907879817946
3230.280681278034 1386.773013216489
3231.2718285287397 1386.179201388981
3232.2499193186445 1385.62165003303
3233.2133677542365 1385.1126566823962
3234.160587942002 1384.6645188708399
3235.0899939884284 1384.2895341321214
3236.0 1384.0
3236.8883785787284 1383.8040578744647
3237.750336308713 1383.6932246204126
3238.5804382695787 1383.65486096897
3239.3732495409495 1383.6763276512634
3240.1233352024506 1383.744985398418
3240.825260333704 1383.8481949415602
3241.473590014335 1383.9733170118157
3242.0628893239686 1384.1077123403106
3242.5877233422284 1384.2387416581707
3243.042657148738 1384.3537656965223
3243.4222558231218 1384.440145186491
3243.7210844450037 1384.4852408592026
3243.9337080940086 1384.4764134457835
3244.0546918497607 1384.4010236773593
3244.0786007918828 1384.2464322850562
3244.0 1384.0
3243.8153182821366 1383.6526878759184
3243.5284393599086 1383.2098582569456
3243.1451106833333 1382.680473809818
3242.671079702428 1382.073497201272
3242.11209386721 1381.3978910980431
3241.4739006276955 1380.6626181668676
3240.7622474339028 1379.8766410744818
3239.9828817358475 1379.0489224876217
3239.1415509835465 1378.188425073023
3238.244002627018 1377.3041114974228
3237.2959841162783 1376.404944427557
3236.3032429013438 1375.4998865301604
3235.2715264322314 1374.5979004719707
3234.2065821589586 1373.707948919723
3233.114157531543 1372.8389945401545
3232.0 1372.0
3230.86987954273 1371.1974953093625
3229.729656251658 1370.428279851805
3228.5852127470926 1369.6867203542577
3227.442431649341 1368.9671835436498
3226.307195578713 1368.2640361469107
3225.185387155515 1367.5716448909704
3224.0828890000557 1366.8843765027586
3223.0055837326436 1366.1965977092043
3221.959353973586 1365.5026752372373
3220.9500823431918 1364.7969758137876
3219.9836514617696 1364.0738661657845
3219.065943949625 1363.327713020157
3218.2028424270675 1362.5528831038353
3217.4002295144055 1361.7437431437488
3216.6639878319475 1360.8946598668274
3216.0 1360.0
3215.413171359446 1359.0563543241328
3214.9044981334628 1358.0692098358354
3214.4739992658 1357.0462775856527
3214.121693700209 1355.995268624131
3213.8476003804417 1354.9238940018156
3213.651738250246 1353.8398647692516
3213.5341262533752 1352.7508919769853
3213.4947833335796 1351.6646866755625
3213.533728434609 1350.5889599155284
3213.650980500215 1349.5314227474282
3213.846558474149 1348.499786221808
3214.1204813001596 1347.5017613892132
3214.4727679219995 1346.5450593001895
3214.9034372834194 1345.6373910052823
3215.412508328169 1344.7864675550375
3216.0 1344.0
3216.6639584569866 1343.283142081607
3217.3945387144927 1342.6308183048552
3218.1799230022084 1342.0353958656328
3219.008293549823 1341.4892419598282
3219.867832587025 1340.9847237833294
3220.7467223435024 1340.5142085320238
3221.6331450489447 1340.0700634018
3222.515282933041 1339.6446555885466
3223.38131822548 1339.2303522881507
3224.2194331559494 1338.819520696501
3225.01780995414 1338.4045280094856
3225.7646308497383 1337.9777414229916
3226.4480780724352 1337.5315281329083
3227.0563338519187 1337.0582553351232
3227.5775804178775 1336.5502902255243
3228.0 1336.0
3228.3147838751106 1335.4028742244402
3228.525159508568 1334.7668919447453
3228.6373634128668 1334.103154576817
3228.6576321004995 1333.4227635365576
3228.592202083962 1332.7368202398693
3228.4473098757458 1332.0564261026539
3228.2291919883473 1331.3926825408141
3227.944084934259 1330.7566909702518
3227.5982252259746 1330.159552806869
3227.1978493759893 1329.612369466568
3226.7491938967964 1329.1262423652515
3226.2584953008886 1328.7122729188202
3225.731990100762 1328.3815625431776
3225.1759148089086 1328.1452126542251
3224.596505937824 1328.0143246678654
3224.0 1328.0
3223.3913591675732 1328.109267270632
3222.770448251237 1328.332863916164
3222.1358577213277 1328.6574545770995
3221.486178048181 1329.0697038939418
3220.8199997021325 1329.5562765071945
3220.1359131535155 1330.1038370573604
3219.432508872668 1330.6990501849434
3218.7083773299255 1331.3285805304465
3217.962108995623 1331.9790927343731
3217.1922943400955 1332.6372514372267
3216.3975238336793 1333.2897212795108
3215.576387946708 1333.9231669017279
3214.7274771495195 1334.5242529443822
3213.8493819124487 1335.079644047977
3212.9406927058303 1335.576004853015
3212.0 1336.0
3211.027006017099 1336.3416973180326
3210.0258599864865 1336.6047773905996
3209.001822889325 1336.7963239897856
3207.9601557067795 1336.923420887676
3206.906119420015 1336.9931518563544
3205.8449750101936 1337.0126006679052
3204.781983458481 1336.9888510944131
3203.7224057460403 1336.928986907963
3202.671502854036 1336.8400918806392
3201.634535763632 1336.7292497845256
3200.616765455993 1336.6035443917078
3199.623452912281 1336.4700594742687
3198.659859113662 1336.3358788042942
3197.7312450413 1336.2080861538684
3196.842871676358 1336.0937652950754
3196.0 1336.0
3195.2066714515327 1335.931170019739
3194.4620493028206 1335.880839021439
3193.764077283875 1335.8398666512583
3193.1106991247025 1335.7991125553556
3192.499858555313 1335.74943637989
3191.9294993057115 1335.68169777102
3191.3975651059104 1335.5867563749046
3190.901999685915 1335.4554718377021
3190.440746775735 1335.2787038055712
3190.0117501053787 1335.0473119246712
3189.6129534048546 1334.7521558411604
3189.24230040417 1334.3840952011972
3188.897734833334 1333.9339896509412
3188.5772004223554 1333.3926988365506
3188.278640901241 1332.751082404184
3188.0 1332.0
3187.740058176774 1331.1347944780118
3187.5009428022317 1330.1687415236458
3187.2856179751766 1329.1196000301823
3187.097047794411 1328.0051288909024
3186.938196358739 1326.843086999087
3186.8120277669605 1325.6512332480158
3186.721506117881 1324.4473265309698
3186.669595510301 1323.2491257412303
3186.659260043025 1322.0743897720772
3186.6934638148537 1320.9408775167908
3186.7751709245917 1319.8663478686528
3186.9073454710406 1318.8685597209428
3187.092951553003 1317.965271966942
3187.334953269282 1317.174243499931
3187.6363147186803 1316.51323321319
3188.0 1316.0
3188.427822403875 1315.6468395682145
3188.9169919882547 1315.4441948839794
3189.46356800292 1315.3770457280134
3190.0636096976536 1315.4303718810354
3190.7131763222364 1315.5891531237642
3191.4083271264476 1315.8383692369182
3192.145121360069 1316.1630000012165
3192.919618272883 1316.5480251973784
3193.727877114669 1316.9784246061217
3194.5659571352076 1317.439178008166
3195.4299175842816 1317.91526518423
3196.31581771167 1318.3916659150318
3197.2197167671557 1318.8533599812913
3198.1376740005185 1319.2853271637264
3199.06574866154 1319.6725472430564
3200.0 1320.0
3200.93732408273 1320.2563628741302
3201.8779642447535 1320.4451039404366
3202.823000638144 1320.5733889327641
3203.773513414975 1320.6483835849563
3204.73058272732 1320.6772536308576
3205.695288727251 1320.667164804312
3206.6687115668437 1320.625282839164
3207.65193139817 1320.558773469257
3208.6460283733027 1320.474802428436
3209.652082644317 1320.380535450545
3210.6711743632845 1320.2831382694285
3211.7043836822795 1320.1897766189293
3212.7527907533754 1320.1076162328932
3213.817475728645 1320.0438228451633
3214.899518760162 1320.0055621895842
3216.0 1320.0
3217.118779702707 1320.031810497765
3218.250838532734 1320.0957018542736
3219.3899372570054 1320.18389072843
3220.5298366424486 1320.2885937791393
3221.664297455988 1320.4020276653062
3222.7870804645495 1320.516409045834
3223.891946435058 1320.623954579628
3224.9726561344396 1320.7168809255934
3226.0229703296204 1320.7874047426335
3227.0366497875257 1320.8277426896534
3228.007455275081 1320.8301114255578
3228.9291475592113 1320.7867276092504
3229.7954874068428 1320.6898078996364
3230.600235584901 1320.5315689556205
3231.337152860312 1320.3042274361069
3232.0 1320.0
3232.583650856442 1319.61346544731
3233.0874316243116 1319.1486511424691
3233.511781583833 1318.611946591015
3233.8571400152305 1318.0097412984858
3234.1239461987298 1317.3484247704191
3234.312639414553 1316.6343865123522
3234.423658942925 1315.8740160298232
3234.4574440640713 1315.07370282837
3234.4144340582147 1314.2398364135304
3234.295068205581 1313.3788062908416
3234.099785786394 1312.4970019658424
3233.8290260808762 1311.6008129440693
3233.483228369254 1310.6966287310609
3233.062831931751 1309.7908388323547
3232.568276048592 1308.8898327534887
3232.0 1308.0
3231.359116871526 1307.127608962995
3230.6494349700215 1306.27844357585
3229.8754364076635 1305.4581666575093
3229.0416032966286 1304.6724410269173
3228.1524177490965 1303.9269295030192
3227.212361877241 1303.227294904758
3226.225917793242 1302.5792000510792
3225.1975676092757 1301.9883077609272
3224.1317934375197 1301.460280853246
3223.033077390151 1301.0007821469806
3221.9059015793473 1300.615474461075
3220.7547481172846 1300.3100206144734
3219.5840991161417 1300.0900834261208
3218.398436688095 1299.9613257149613
3217.2022429453223 1299.9294102999397
3216.0 1300.0
3214.7962879074544 1300.1749268257104
3213.5960784956037 1300.4406995541315
3212.4044415355147 1300.7799961539486
3211.2264467982536 1301.175494593845
3210.067164054888 1301.6098728425065
3208.931663076483 1302.0658088686166
3207.825013634107 1302.5259806408603
3206.752285498826 1302.973066127922
3205.7185484417064 1303.3897432984859
3204.7288722338153 1303.758690121237
3203.78832664622 1304.06258456486
3202.901981449985 1304.2841045980379
3202.0749064161796 1304.4059281894567
3201.312171315869 1304.4107333078002
3200.6188459201203 1304.2811979217531
3200.0 1304.0
3199.459637748657 1303.555496234164
3198.997501047564 1302.9587582076242
3198.612266200279 1302.2265362266974
3198.3026095103573 1301.375580597702
3198.0672072813545 1300.422641626956
3197.9047358168264 1299.3844696207757
3197.8138714203296 1298.2778148854795
3197.7932903954206 1297.1194277273848
3197.8416690456543 1295.9260584528097
3197.957683674587 1294.7144573680712
3198.140010585775 1293.5013747794874
3198.3873260827736 1292.3035609933752
3198.69830646914 1291.1377663160529
3199.071628048429 1290.0207410538378
3199.505967124197 1288.9692355130478
3200.0 1288.0
3200.5516845354196 1287.1265257376338
3201.1561048141393 1286.3492676153726
3201.8076264758697 1285.6654214392615
3202.500615160318 1285.0721830153457
3203.229436507196 1284.566748149671
3203.98845615621 1284.1463126482809
3204.7720397470725 1283.8080723172216
3205.5745529194915 1283.549222962538
3206.390361313176 1283.366960390275
3207.213830567836 1283.258480406478
3208.039326323181 1283.2209788171917
3208.861214218919 1283.2516514284612
3209.6738598947604 1283.3476940463318
3210.471628990415 1283.5063024768485
3211.248887145592 1283.724672526056
3212.0 1284.0
3212.721319422166 1284.3290258153017
3213.4171421958777 1284.7066713308864
3214.093751333744 1285.1274030162567
3214.7574298483705 1285.5856873409143
3215.414460752366 1286.075990774362
3216.0711270583324 1286.5927797861011
3216.7337117788798 1287.1305208456342
3217.4084979266145 1287.6836804224633
3218.101768514142 1288.2467249860904
3218.81980655407 1288.8141210060176
3219.5688950590043 1289.380334951747
3220.3553170415507 1289.9398332927806
3221.1853555143175 1290.4870824986206
3222.0652934899103 1291.0165490387692
3223.0014139809355 1291.5226993827282
3224.0 1292.0
3225.06401433842 1292.4431131886608
3226.1831389023505 1292.8474845610829
3227.343735376655 1293.2087555582127
3228.5321654461986 1293.522567620997
3229.7347907958465 1293.7845621903825
3230.9379731104605 1293.9903807073154
3232.1280740749075 1294.1356646127422
3233.2914553740507 1294.21605534761
3234.4144786927554 1294.227194352865
3235.4835057158853 1294.1647230694534
3236.484898128305 1294.0242829383224
3237.4050176148776 1293.8015154004179
3238.23022586047 1293.492061896687
3238.9468845499446 1293.091563868076
3239.541355368166 1292.5956627555315
3240.0 1292.0
3240.312662286655 1291.302818305056
3240.4831146947213 1290.512765424783
3240.518611847136 1289.641090375893
3240.4264083668336 1288.6990421750977
3240.213758876752 1287.6978698391092
3239.887917999825 1286.6488223846384
3239.4561403589887 1285.5631488283973
3238.925680577181 1284.452098187098
3238.3037932773354 1283.3269194774518
3237.59773308239 1282.1988617161705
3236.8147546152786 1281.0791739199658
3235.962112498937 1279.9791051055493
3235.0470613563034 1278.9099042896328
3234.076855810312 1277.882820488928
3233.0587504838986 1276.9091027201464
3232.0 1276.0
3230.907992764961 1275.1639729661163
3229.7906523187635 1274.398328739786
3228.6560359848013 1273.6975860632156
3227.512201086465 1273.0562636786124
3226.367204947148 1272.4688803281824
3225.2291048902403 1271.9299547541318
3224.1059582391354 1271.4340056986687
3223.0058223172255 1270.9755519039988
3221.9367544479023 1270.5491121123289
3220.9068119545573 1270.1492050658658
3219.9240521605843 1269.770349506816
3218.996532389373 1269.407064177386
3218.1323099643173 1269.053867819783
3217.3394422088086 1268.705279176213
3216.625986446239 1268.3558169888834
3216.0 1268.0
3215.4664994660025 1267.6330867054792
3215.0183385302234 1267.2532946160736
3214.645330151159 1266.8595809962444
3214.337287287306 1266.4509031104537
3214.0840228971597 1266.026218223163
3213.875349939215 1265.584483598834
3213.7010813719694 1265.124656501928
3213.551030153918 1264.645694196907
3213.4150092435566 1264.146553948233
3213.2828315993806 1263.626193020367
3213.144310179888 1263.0835686777714
3212.9892579435714 1262.517638184907
3212.8074878489283 1261.927358806236
3212.588812854455 1261.31168780622
3212.323045918647 1260.669582449321
3212.0 1260.0
3211.6117515585315 1259.3027036494668
3211.159431060345 1258.58068029592
3210.646432473063 1257.8377227643068
3210.076149764313 1257.0776238795734
3209.451976901717 1256.3041764666666
3208.7773078529 1255.5211733505332
3208.0555365854884 1254.73240735612
3207.2900570671045 1253.941671308373
3206.484263265373 1253.15275803224
3205.64154914792 1252.3694603526665
3204.7653086823693 1251.5955710946
3203.858935836344 1250.8348830829866
3202.9258245774704 1250.0911891427731
3201.9693688733714 1249.3682820989065
3200.9929626916737 1248.6699547763333
3200.0 1248.0
3198.9937208623724 1247.3611768216542
3197.9767497284 1246.7521092002469
3196.951557144089 1246.1703873215295
3195.920613655445 1245.6136013712537
3194.886389808476 1245.0793415351716
3193.8513561491845 1244.565197999034
3192.81798322358 1244.0687609485933
3191.7887415776663 1243.5876205696006
3190.7661017574515 1243.1193670478083
3189.75253430894 1242.6615905689673
3188.75050977814 1242.21188131883
3187.7624987110544 1241.7678294831474
3186.790971653692 1241.3270252476714
3185.838399152058 1240.8870587981537
3184.907251752159 1240.445520320346
3184.0 1240.0
3183.118443116979 1239.5484875014165
3182.261695026056 1239.090570403093
3181.428198325582 1238.6262357620758
3180.6163956139076 1238.1554706354123
3179.824729489385 1237.6782620801487
3179.051642550363 1237.1945971533314
3178.2955773951953 1236.704462912008
3177.5549766222316 1236.2078464132246
3176.8282828298225 1235.7047347140278
3176.113938616321 1235.1951148714643
3175.4103865800766 1234.6789739425813
3174.7160693194396 1234.1562989844247
3174.0294294327628 1233.6270770540416
3173.348909518397 1233.0912952084786
3172.6729521746925 1232.5489405047826
3172.0 1232.0
3171.3284051072123 1231.4448731726802
3170.656157667377 1230.885609187382
3169.9811573660854 1230.3246696301674
3169.301303888926 1229.764516087098
3168.61449692149 1229.2076101442349
3167.918636149365 1228.65641338764
3167.211621258142 1228.113387403375
3166.49135193341 1227.5809937775016
3165.7557278607596 1227.0616940960813
3165.0026487257787 1226.5579499451758
3164.2300142140593 1226.0722229108464
3163.435724011189 1225.606974579155
3162.6176778027584 1225.1646665361627
3161.773775274357 1224.7477603679317
3160.901916111575 1224.3587176605238
3160.0 1224.0
3159.0669598916747 1223.672996370363
3158.105861804437 1223.374805347379
3157.1208050225787 1223.1014529047545
3156.115888830389 1222.8489650161969
3155.09521251216 1222.6133676554125
3154.062875352179 1222.3906867961086
3153.0229766347393 1222.1769484119916
3151.9796156441303 1221.968178476769
3150.936891664642 1221.7604029641473
3149.898903980565 1221.5496478478335
3148.8697518761905 1221.3319391015343
3147.8535346358067 1221.1033026989564
3146.854351543706 1220.8597646138076
3145.8763018841773 1220.597350819794
3144.9234849415125 1220.3120872906225
3144.0 1220.0
3143.1088334510923 1219.6580632208677
3142.2485201148766 1219.2870444231023
3141.4164819186026 1218.8886593758145
3140.6101407895194 1218.4646238481155
3139.826918654876 1218.016653609116
3139.0642374419203 1217.5464644279268
3138.3195190779024 1217.0557720736588
3137.590185490071 1216.546292315423
3136.8736586056752 1216.0197409223304
3136.1673603519625 1215.4778336634915
3135.4687126561844 1214.9222863080179
3134.775137445587 1214.3548146250193
3134.0840566474217 1213.777134383607
3133.392892188936 1213.190961352893
3132.699065997379 1212.5980113019868
3132.0 1212.0
3131.294581303959 1211.3998288711664
3130.587557736059 1210.8051419602123
3129.8851423030133 1210.2247689669878
3129.1935480115353 1209.6675395913421
3128.5189878683404 1209.1422835331248
3127.8676748801413 1208.6578304921852
3127.245822053653 1208.2230101683735
3126.659642395588 1207.8466522615395
3126.115348912661 1207.537586471532
3125.6191546115865 1207.3046424982012
3125.177272499077 1207.1566500413967
3124.7959155818467 1207.102438800967
3124.48129686661 1207.1508384767635
3124.2396293600814 1207.3106787686347
3124.077126068973 1207.5907893764302
3124.0 1208.0
3124.011669458073 1208.543402544467
3124.1043739408906 1209.2111377360484
3124.267558244347 1209.9896085062353
3124.4906671643407 1210.8652177865176
3124.7631454967645 1211.824368508387
3125.074438037515 1212.8534636033328
3125.413989582488 1213.938906002847
3125.7712449275778 1215.0670986384198
3126.1356488686815 1216.2244444415423
3126.4966462016937 1217.3973463437046
3126.8436817225106 1218.5722072763979
3127.166200227026 1219.7354301711123
3127.453646511138 1220.8734179593391
3127.6954653707403 1221.9725735725688
3127.88110160173 1223.0192999422925
3128.0 1224.0
3128.04545961375 1224.9050765759657
3128.026196500381 1225.7409320955937
3127.954780969597 1226.517968883072
3127.8437833311027 1227.2465892625883
3127.705773894603 1227.93719555833
3127.5533229697994 1228.6001900944839
3127.3990008663977 1229.2459751952388
3127.2553778941005 1229.8849531847814
3127.135024362614 1230.5275263872995
3127.0505105816396 1231.1840971269812
3127.014406860884 1231.8650677280136
3127.039283510048 1232.580840514584
3127.1377108388383 1233.3418178108802
3127.3222591569574 1234.15840194109
3127.605498774111 1235.0409952294008
3128.0 1236.0
3128.512546774429 1237.0413692766708
3129.126777557587 1238.1532588815764
3129.8205444397636 1239.3193753364765
3130.5716995112475 1240.52342516313
3131.3580948623267 1241.7491148832955
3132.157582583289 1242.980151018732
3132.948014764424 1244.2002400911988
3133.70724349602 1245.393088622455
3134.413120868365 1246.5424031342595
3135.0434989717482 1247.631890148371
3135.5762298964582 1248.6452561865494
3135.989165732782 1249.5662077705524
3136.2601585710104 1250.3784514221402
3136.3670605014304 1251.0656936630717
3136.287723614331 1251.611641015105
3136.0 1252.0
3135.490290788536 1252.220461942352
3134.7791932692717 1252.2866573781002
3133.8958537713484 1252.218201646022
3132.8694186239086 1252.0347100848928
3131.7290341560943 1251.75579803349
3130.5038466970464 1251.401080830589
3129.2230025759086 1250.9901738149667
3127.9156481218215 1250.5426923253997
3126.6109296639274 1250.0782517006635
3125.3379935313687 1249.6164672795353
3124.1259860532873 1249.1769544007907
3123.004053558824 1248.7793284032064
3122.001342377122 1248.443204625559
3121.146998837323 1248.1881984066245
3120.4701692685676 1248.0339250851794
3120.0 1248.0
3119.7567588214274 1248.101197016423
3119.725199365328 1248.3329241060233
3119.8811967248444 1248.6857477669369
3120.2006259931195 1249.150234497299
3120.6593622632995 1249.7169507952462
3121.233280628526 1250.3764631589124
3121.8982561819425 1251.1193380864347
3122.6301640166944 1251.9361420759478
3123.404879225925 1252.8174416255877
3124.1982769027773 1253.7538032334899
3124.9862321403953 1254.7357933977896
3125.7446200319228 1255.7539786166228
3126.449315670503 1256.7989253881249
3127.07619414928 1257.8612002104312
3127.601130561398 1258.931369581678
3128.0 1260.0
3128.2541583007533 1261.0583437419577
3128.3668842694183 1262.1003961978079
3128.3469374542765 1263.120838536232
3128.203077403613 1264.1143519259115
3127.944063665711 1265.0756175355277
3127.578655788852 1265.9993165337619
3127.115613321321 1266.8801300892953
3126.5636958114 1267.71273937081
3125.931662807373 1268.4918255469865
3125.228273857523 1269.2120697865066
3124.462288510134 1269.868153258052
3123.6424663134867 1270.4547571303033
3122.777566815867 1270.9665625719426
3121.876349565557 1271.3982507516507
3120.9475741108404 1271.7445028381096
3120.0 1272.0
3119.041061100559 1272.1615217657468
3118.0728885570015 1272.2342411027457
3117.0962878330497 1272.2254293381354
3116.1120643924273 1272.1423577990554
3115.121023698859 1271.9922978126444
3114.123971216067 1271.7825207060407
3113.1217124077743 1271.5202978063842
3112.115052737706 1271.2129004408132
3111.1047976695836 1270.8675999364668
3110.091752667131 1270.491667620484
3109.076723194073 1270.0923748200037
3108.060514714131 1269.6769928621645
3107.043932691029 1269.2527930741055
3106.0277825884914 1268.8270467829661
3105.012869870241 1268.4070253158845
3104.0 1268.0
3102.9898004220104 1267.6119754450556
3101.9821865025783 1267.2438893912101
3100.976895588526 1266.8954128612263
3099.973665026677 1266.5662168778674
3098.9722321638546 1266.2559724638963
3097.972334346882 1265.9643506420757
3096.9737089225823 1265.6910224351686
3095.976093237779 1265.435658865938
3094.9792246392954 1265.197930957147
3093.982840473954 1264.977509731558
3092.986678088579 1264.7740662119352
3091.9904748299923 1264.5872714210398
3090.993968045018 1264.4167963816358
3089.996895080479 1264.2623121164856
3088.9989932831986 1264.123489648353
3088.0 1264.0
3086.9997372114008 1263.8915530165311
3085.9983654326893 1263.7980138324144
3084.99612981285 1263.7192864044594
3083.993275500868 1263.655274689475
3082.9900476457265 1263.6058826442716
3081.986691396408 1263.571014225657
3080.983451901898 1263.5505733904417
3079.98057431118 1263.544464095435
3078.9783037732377 1263.5525902974455
3077.9768854370545 1263.5748559532833
3076.976564451616 1263.6111650197577
3075.9775859659026 1263.6614214536771
3074.980195128901 1263.7255292118518
3073.9846370895943 1263.8033922510913
3072.9911569969663 1263.8949145282043
3072.0 1264.0
3071.01125073239 1264.1177109263203
3070.0243517666686 1264.2437427791324
3069.0385851600754 1264.3729493334365
3068.0532329698535 1264.5001843642322
3067.067577253244 1264.6203016465188
3066.0809000674876 1264.7281549552963
3065.0924834698267 1264.8185980655642
3064.1016095175023 1264.8864847523225
3063.1075602677556 1264.926668790571
3062.1096177778286 1264.9340039553088
3061.1070641049632 1264.9033440215358
3060.0991813063993 1264.829542764252
3059.08525143938 1264.7074539584567
3058.0645565611458 1264.5319313791501
3057.036378728939 1264.2978288013312
3056.0 1264.0
3054.9552598590394 1263.6346735906886
3053.904227500639 1263.2035775510562
3052.8495295468488 1262.7098146992953
3051.793792619719 1262.1564878535974
3050.739643341301 1261.5466998321547
3049.689708333643 1260.8835534531586
3048.646614218798 1260.1701515348016
3047.612987618814 1259.4095968952754
3046.591455155742 1258.604992352772
3045.5846434516325 1257.7594407254826
3044.5951791285356 1256.8760448316004
3043.6256888085013 1255.9579074893159
3042.6787991135807 1255.0081315168218
3041.757136665824 1254.0298197323098
3040.86332808728 1253.026074953972
3040.0 1252.0
3039.168686393953 1250.9558993984263
3038.3665507307774 1249.9028845166429
3037.5896638400304 1248.851268431883
3036.8340965512707 1247.8113642213789
3036.0959196940553 1246.7934849623637
3035.3712040979403 1245.8079437320694
3034.6560205924843 1244.8650536077294
3033.9464400072447 1243.9751276665763
3033.2385331717787 1243.1484789858425
3032.528370915644 1242.395420642761
3031.8120240683975 1241.7262657145648
3031.085563459597 1241.1513272784857
3030.345059918799 1240.6809184117571
3029.5865842755625 1240.3253521916115
3028.8062073594438 1240.0949416952817
3028.0 1240.0
3027.1649164401506 1240.0466116281073
3026.301444576254 1240.223946882373
3025.41095571803 1240.5169475106738
3024.4948211751994 1240.9105552608883
3023.554412257483 1241.389711880893
3022.591100274598 1241.9393591185647
3021.6062565362668 1242.5444387217813
3020.6012523522095 1243.1898924384202
3019.577459032146 1243.8606620163587
3018.536247885795 1244.5416892034732
3017.478990222879 1245.2179157476423
3016.4070573531153 1245.8742833967422
3015.321820586226 1246.4957338986505
3014.2246512319302 1247.0672090012451
3013.1169205999486 1247.5736504524025
3012.0 1248.0
3010.875749407947 1248.3342165891456
3009.747983464209 1248.576327953867
3008.6210054753506 1248.729379025422
3007.4991187479327 1248.7964147350692
3006.386626588519 1248.7804800140673
3005.28783230367 1248.6846197936732
3004.2070391999487 1248.5118790051458
3003.148550583918 1248.2653025797435
3002.11666976214 1247.9479354487244
3001.115700041177 1247.562822543346
3000.1499447275914 1247.1130087948677
2999.223707127944 1246.601539134546
2998.3412905487994 1246.0314584936407
2997.5069982967193 1245.4058118034093
2996.725133678265 1244.7276439951097
2996.0 1244.0
2995.334039053064 1243.2268735778111
2994.7222465669097 1242.4160538021608
2994.1577567555673 1241.5762785751388
2993.633703833069 1240.7162857988349
2993.1432220134443 1239.8448133753402
2992.6794455107233 1238.9705992067434
2992.2355085389377 1238.1023811951354
2991.804545312117 1237.248897242606
2991.379690044294 1236.418885251245
2990.9540769494974 1235.6210831231426
2990.5208402417584 1234.8642287603889
2990.0731141351075 1234.1570600650737
2989.6040328435756 1233.5083149392872
2989.106730581193 1232.9267312851196
2988.5743415619913 1232.4210470046605
2988.0 1232.0
2987.3789146922977 1231.6703984746102
2986.7145927681518 1231.4313318374911
2986.0126159398783 1231.2799597990238
2985.278565919791 1231.2134420695909
2984.518024420206 1231.228938359574
2983.736573153437 1231.3236083793538
2982.9397938318007 1231.4946118393134
2982.1332681676117 1231.7391084498336
2981.3225778731844 1232.0542579212963
2980.5133046608344 1232.437219964084
2979.711030242877 1232.885154288578
2978.921336331626 1233.3952206051592
2978.149804639398 1233.9645786242106
2977.4020168785087 1234.5903880561134
2976.683554761271 1235.2698086112493
2976.0 1236.0
2975.3563568652453 1236.778055961248
2974.755319860483 1237.6008063478755
2974.1990060474204 1238.4650150412654
2973.689532487768 1239.3674459228014
2973.2290162432346 1240.3048628738659
2972.819574375529 1241.2740297758419
2972.4633239463606 1242.2717105101121
2972.162382017438 1243.2946689580606
2971.9188656504707 1244.3396690010695
2971.7348919071674 1245.403474520522
2971.612577849238 1246.4828493978011
2971.5540405383895 1247.5745575142898
2971.5613970363324 1248.6753627513708
2971.636764404776 1249.782028990428
2971.7822597054287 1250.8913201128432
2972.0 1252.0
2972.2913609717216 1253.1050729928986
2972.6547527899197 1254.2045052710082
2973.0878442454427 1255.2965034734148
2973.5883041291395 1256.3792742392047
2974.153801231859 1257.4510242074646
2974.7820043444485 1258.50996001728
2975.4705822577585 1259.554288307738
2976.217203762638 1260.5822157179243
2977.0195376499346 1261.5919488869258
2977.8752527104975 1262.5816944538285
2978.7820177351755 1263.5496590577186
2979.7375015148177 1264.494049337682
2980.739372840272 1265.413071932806
2981.7853005023885 1266.304933482176
2982.872953292015 1267.1678406248784
2984.0 1268.0
2985.161792997868 1268.7996989421579
2986.3444189798392 1269.5655475680924
2987.53164822081 1270.296236690076
2988.707250995676 1270.9904571203804
2989.854997579334 1271.6468996712772
2990.9586582466777 1272.2642551550384
2992.002003272605 1272.841214383936
2992.9688029320114 1273.3764681702414
2993.8428274997923 1273.868707326227
2994.607847250844 1274.3166226641647
2995.2476324600616 1274.7189049963258
2995.745953402341 1275.074245134982
2996.086580352579 1275.381333892406
2996.253283585671 1275.6388620808689
2996.2298333765125 1275.845520512643
2996.0 1276.0
2995.5546310993072 1276.1023812384706
2994.9128837907238 1276.1583044566225
2994.1009925588182 1276.174799766282
2993.145191888157 1276.1588972792747
2992.071716263309 1276.1176271074278
2990.90680016884 1276.0580193625667
2989.6766780893204 1275.9871041565186
2988.407584509317 1275.91191160111
2987.1257539133967 1275.839471808166
2985.8574207861284 1275.776814889514
2984.6288196120804 1275.7309709569802
2983.4661848758183 1275.70897012239
2982.3957510619116 1275.717842497571
2981.443752654928 1275.7646181943485
2980.6364241394344 1275.8563273245495
2980.0 1276.0
2979.5542529174027 1276.2009323539596
2979.2931083572644 1276.4574846054174
2979.2040299814175 1276.7662829947972
2979.274481451697 1277.1239537625213
2979.4919264299338 1277.527123149013
2979.8438285779607 1277.9724173946943
2980.317651557613 1278.456462739989
2980.9008590307226 1278.97588542532
2981.5809146591205 1279.5273116911094
2982.345282104642 1280.1073677777802
2983.181425029121 1280.712679925756
2984.0768070943864 1281.3398743754585
2985.0188919622747 1281.9855773673116
2985.995143294618 1282.6464151417376
2986.993024753249 1283.3190139391595
2988.0 1284.0
2989.0057009810835 1284.6856862206923
2990.0084327802206 1285.3711321217083
2991.0086687655116 1286.0510838795306
2992.006882305058 1286.7202876706408
2993.00354676696 1287.373489671522
2993.9991355193156 1288.0054360586557
2994.994121930228 1288.610873008525
2995.988979367796 1289.1845466976115
2996.984181200121 1289.7212033023977
2997.980200795302 1290.2155889993658
2998.977511521441 1290.662449964998
2999.9765867466367 1291.0565323757764
3000.97789983899 1291.3925824081837
3001.9819241666014 1291.6653462387019
3002.9891330975715 1291.8695700438134
3004.0 1292.0
3005.0137634707653 1292.0543696382724
3006.024723021855 1292.0423619077503
3007.025943394036 1291.9766471120822
3008.0104893280723 1291.8698955549162
3008.9714255647314 1291.7347775399003
3009.9018168447765 1291.5839633706828
3010.794727908976 1291.4301233509116
3011.6432234980934 1291.2859277842351
3012.4403683528963 1291.164046974301
3013.179227214149 1291.077151224758
3013.8528648226184 1291.037910839254
3014.454345919068 1291.0589961214364
3014.976735244266 1291.1530773749544
3015.4130975389767 1291.3328249034555
3015.7564975439664 1291.610909010588
3016.0 1292.0
3016.139440448356 1292.5089446012194
3016.1817376323584 1293.1312952472913
3016.1365810958455 1293.8567807971415
3016.0136603826527 1294.6751301096951
3015.822665036618 1295.5760720438777
3015.573284601578 1296.5493354586138
3015.275208621369 1297.584649212829
3014.938126639829 1298.6717421654491
3014.5717282007945 1299.8003431753984
3014.185702848102 1300.9601811016032
3013.7897401255887 1302.1409848029882
3013.3935295770907 1303.3324831384784
3013.0067607464466 1304.5244049669996
3012.639123177492 1305.7064791474768
3012.300306414064 1306.8684345388353
3012.0 1308.0
3011.7458575483115 1309.0934457068515
3011.537388948711 1310.1512071030852
3011.372068160083 1311.1782609493525
3011.2473691413165 1312.179584006304
3011.1607658512976 1313.1601530345906
3011.1097322489118 1314.1249447948633
3011.091742293047 1315.0789360477727
3011.10426994259 1316.0271035539697
3011.144789156426 1316.9744240741054
3011.210773893444 1317.9258743688301
3011.2996981125293 1318.8864311987952
3011.4090357725686 1319.8610713246508
3011.5362608324485 1320.8547715070486
3011.678847251056 1321.8725085066385
3011.8342689872775 1322.9192590840723
3012.0 1324.0
3012.173027795898 1325.1172725713764
3012.3483940728 1326.263876340369
3012.520654076323 1327.43017540545
3012.6843630520825 1328.6065338650901
3012.834076245695 1329.7833158177611
3012.964348902776 1330.950885361934
3013.069736268943 1332.0996065960805
3013.144793589812 1333.2198436186725
3013.1840761109997 1334.3019605281806
3013.182139078122 1335.336321423077
3013.1335377367955 1336.3132904018328
3013.0328273326354 1337.2232315629187
3012.8745631112597 1338.0565090048074
3012.653300318285 1338.8034868259695
3012.363594199326 1339.4545291248767
3012.0 1340.0
3011.5591015805953 1340.4345343201437
3011.045597260087 1340.7698500354388
3010.466213972124 1341.0219358663485
3009.8276786503543 1341.2067805333363
3009.1367182284257 1341.3403727568664
3008.4000596399856 1341.4387012574011
3007.624429818681 1341.517754755405
3006.816555698162 1341.5935219713408
3005.9831642120753 1341.6819916256723
3005.1309822940693 1341.7991524388626
3004.266736877791 1341.960993131376
3003.3971548968884 1342.1835024236748
3002.528963285011 1342.4826690362236
3001.6688889758047 1342.8744816894848
3000.8236589029184 1343.3749291039226
3000.0 1344.0
2999.202870569222 1344.7598245230497
2998.4301543868505 1345.6410985178773
2997.6779665976796 1346.6246592541577
2996.9424223465 1347.691344001565
2996.219636778105 1348.8219900297754
2995.5057250372847 1349.997434608462
2994.7968022688324 1351.1985150073003
2994.08898361754 1352.4060684959654
2993.3783842282 1353.6009323441315
2992.661119245604 1354.763943821473
2991.9333038145433 1355.8759401976658
2991.19105307981 1356.917758742383
2990.430482186198 1357.8702367253004
2989.6477062784975 1358.7142114160927
2988.8388405015007 1359.4305200844344
2988.0 1360.0
2987.1284395800194 1360.4089800876586
2986.2259726925113 1360.6657558930538
2985.2955524496583 1360.7841146170229
2984.3401319636464 1360.7778434604038
2983.362664346658 1360.6607296240343
2982.366102710878 1360.4465603087515
2981.3534001684898 1360.1491227153938
2980.3275098316776 1359.7822040447984
2979.291384812626 1359.359591497803
2978.247978223518 1358.8950722752456
2977.2002431765386 1358.4024335779636
2976.1511327838707 1357.895462606794
2975.1036001576986 1357.3879465625755
2974.060598410207 1356.8936726461452
2973.0250806535796 1356.4264280583411
2972.0 1356.0
2970.987472673201 1355.625739501317
2969.986267343106 1355.3052529099095
2968.994315791187 1355.0377104027525
2968.009549798916 1354.822282156821
2967.029901147765 1354.6581383490898
2966.0533016192053 1354.5444491565327
2965.07768299471 1354.4803847561254
2964.1009770557507 1354.4651153248417
2963.1211155837987 1354.4978110396569
2962.1360303603265 1354.5776420775453
2961.143653166807 1354.7037786154822
2960.14191578471 1354.8753908304413
2959.1287499955088 1355.0916488993983
2958.1020875806757 1355.351722999327
2957.059860321682 1355.6547833072027
2956.0 1356.0
2954.9216697271777 1356.384936907075
2953.8289579350667 1356.8007324673092
2952.727184385595 1357.2369187719673
2951.6216688406926 1357.6830279123124
2950.5177310622857 1358.128591979608
2949.4206908123024 1358.563143065118
2948.3358678526724 1358.9762132601056
2947.2685819453222 1359.357334655835
2946.2241528521813 1359.69603934357
2945.207900335177 1359.981859414573
2944.225144156238 1360.2043269601088
2943.2812040772915 1360.3529740714403
2942.3813998602664 1360.4173328398317
2941.5310512670912 1360.3869353565465
2940.735478059693 1360.251313712848
2940.0 1360.0
2939.3278015430897 1359.626505057884
2938.7135259166284 1359.1402547208534
2938.1496810414324 1358.5546535718781
2937.6287748383156 1357.8831061939295
2937.1433152280956 1357.1390171699786
2936.6858101315856 1356.3357910829957
2936.2487674696026 1355.4868325159518
2935.8246951629617 1354.6055460518178
2935.4061011324784 1353.7053362735646
2934.9854932989674 1352.799607764163
2934.5553795832457 1351.9017651065838
2934.1082679061265 1351.0252128837974
2933.6366661884276 1350.183355678775
2933.133082350963 1349.3895980744874
2932.590024314549 1348.6573446539055
2932.0 1348.0
2931.358920975465 1347.4283787988888
2930.676313398421 1346.9429361492778
2929.965107073678 1346.5415372530204
2929.2382318060463 1346.2220473119694
2928.5086174003363 1345.9823315279784
2927.789193661357 1345.8202551028999
2927.09289039392 1345.7336832385872
2926.4326374028333 1345.7204811368933
2925.8213644929083 1345.778513999672
2925.272001468955 1345.9056470287755
2924.7974781357843 1346.0997454260578
2924.410724298203 1346.3586743933708
2924.124669761025 1346.6802991325685
2923.952244329058 1347.062484845504
2923.9063778071136 1347.5030967340301
2924.0 1348.0
2924.2413973675516 1348.5506047465608
2924.620282989689 1349.1505006820355
2925.121726601357 1349.7948224160402
2925.7307979375 1350.4787045581925
2926.4325667330627 1351.1972817181086
2927.212102722988 1351.945688505405
2928.054475642222 1352.7190595296993
2928.944755225708 1353.5125294006082
2929.8680112083907 1354.3212327277474
2930.809313325214 1355.1403041207345
2931.7537313111243 1355.9648781891867
2932.6863349010623 1356.7900895427197
2933.592193829975 1357.6110727909509
2934.4563778328056 1358.422962543497
2935.2639566444996 1359.2208934099742
2936.0 1360.0
2936.65205205433 1360.7559209648682
2937.217554642825 1361.4863111225814
2937.6964240208954 1362.1893293328192
2938.088576443955 1362.8631344552616
2938.393928167417 1363.5058853495889
2938.612395446692 1364.11574087548
2938.7438945371946 1364.6908598926154
2938.788341694337 1365.2294012606749
2938.7456531735306 1365.729523839339
2938.615745230189 1366.1893864882857
2938.3985341197254 1366.6071480671972
2938.0939360975503 1366.9809674357512
2937.7018674190776 1367.3090034536285
2937.22224433972 1367.5894149805097
2936.65498311489 1367.8203608760734
2936.0 1368.0
2935.258792852628 1368.127859831467
2934.4391859390144 1368.2089423276404
2933.550585127563 1368.2496180651842
2932.602396286681 1368.256257620762
2931.6040252847733 1368.2352315710382
2930.564877990244 1368.1929104926758
2929.4943602714998 1368.1356649623397
2928.401877996946 1368.0698655566925
2927.296837034987 1368.0018828523994
2926.18864325403 1367.9380874261226
2925.086702522479 1367.8848498545276
2924.0004207087377 1367.8485407142769
2922.939203681215 1367.835530582035
2921.912457308314 1367.852190034466
2920.9295874584404 1367.904889648233
2920.0 1368.0
2919.131135910158 1368.142795959265
2918.32257660112 1368.3341695668585
2917.571938593853 1368.5739171564458
2916.8768384093214 1368.8618350616914
2916.234892568493 1369.1977196162604
2915.6437175923315 1369.5813671538174
2915.1009300018054 1370.0125740080275
2914.6041463178794 1370.4911365125554
2914.150983061519 1371.016851001066
2913.7390567536922 1371.5895138072242
2913.365983915363 1372.2089212646945
2913.0293810674975 1372.874869707142
2912.726864731063 1373.5871554682315
2912.4560514270242 1374.3455748816277
2912.2145576763482 1375.1499242809955
2912.0 1376.0
2911.8094369442406 1376.8937297689747
2911.6376951565053 1377.821566904927
2911.4790433095263 1378.7720961215346
2911.3277500760337 1379.733902132474
2911.178084128758 1380.6955696514221
2911.0243141404294 1381.6456833920556
2910.8607087837786 1382.5728280680514
2910.6815367315367 1383.4655883930866
2910.481066656435 1384.312549080838
2910.253567231203 1385.102294844982
2909.9933071285723 1385.8234103991958
2909.6945550212718 1386.4644804571562
2909.351579582034 1387.0140897325398
2908.9586494835894 1387.460822939024
2908.510033398668 1387.7932647902853
2908.0 1388.0
2907.425061625381 1388.073300589838
2906.790705272858 1388.0201878134342
2906.104661605542 1387.8513702324171
2905.374661286545 1387.577556408414
2904.608434978979 1387.2094549030533
2903.8137133459536 1386.7577742779615
2902.998227050581 1386.2332230947677
2902.1697067559735 1385.6465099150994
2901.3358831252426 1385.0083433005839
2900.504486821498 1384.3294318128496
2899.6832485078526 1383.620484013524
2898.879898847416 1382.8922084642347
2898.1021685033015 1382.1553137266103
2897.35778813862 1381.4205083622776
2896.6544884164828 1380.6985009328648
2896.0 1380.0
2895.3994962417373 1379.3335756841748
2894.847921252065 1378.6992443413367
2894.337661830808 1378.0948838862982
2893.861104777788 1377.5183722338713
2893.410636892831 1376.9675872988678
2892.9786449757594 1376.4404069960995
2892.557515826398 1375.9347092403784
2892.1396362445694 1375.4483719465172
2891.7173930300983 1374.9792730293273
2891.2831729828085 1374.5252904036204
2890.8293629025234 1374.084301984209
2890.348349589066 1373.6541856859046
2889.8325198422617 1373.2328194235197
2889.2742604619334 1372.818081111866
2888.665958247905 1372.4078486657554
2888.0 1372.0
2887.2708987201718 1371.5933732359638
2886.4816722188834 1371.1906473212196
2885.6374645087303 1370.7954614098903
2884.7434196023046 1370.4114546561016
2883.8046815122007 1370.0422662139772
2882.8263942510107 1369.6915352376411
2881.81370183133 1369.362900881218
2880.771748265751 1369.0600022988322
2879.7056775668666 1368.786478644608
2878.6206337472718 1368.5459690726693
2877.5217608195594 1368.3421127371412
2876.4142027963217 1368.1785487921468
2875.303103690154 1368.0589163918114
2874.193607513649 1367.986854690259
2873.0908582794 1367.9660028416138
2872.0 1368.0
2870.925112002579 1368.09078293447
2869.866014872403 1368.2334788737865
2868.821464509275 1368.421512661641
2867.7902168129963 1368.6483091417235
2866.7710276833714 1368.9072931577252
2865.7626530201997 1369.191889553337
2864.7638487232853 1369.4955231722497
2863.7733706924305 1369.8116188581544
2862.7899748274367 1370.133601454742
2861.8124170281076 1370.4548958057028
2860.8394531942445 1370.7689267547282
2859.869839225649 1371.0691191455085
2858.9023310221246 1371.3488978217351
2857.935684483474 1371.6016876270985
2856.968655509498 1371.82091340529
2856.0 1372.0
2855.028653269515 1372.1343153386565
2854.0542682915066 1372.2269996836346
2853.0766774541735 1372.2831363810471
2852.0957131457117 1372.3078087770057
2851.11120775432 1372.3061002176235
2850.122993668193 1372.2830940490114
2849.130903275531 1372.243873617283
2848.1347689645304 1372.1935222685502
2847.134423123388 1372.137123348925
2846.129698140301 1372.0797602045197
2845.120426403468 1372.0265161814475
2844.1064403010846 1371.9824746258196
2843.0875722213486 1371.9527188837483
2842.063654552458 1371.9423323013468
2841.0345196826097 1371.9563982247266
2840.0 1372.0
2838.9602749193637 1372.0760572734043
2837.916911961572 1372.178834891675
2836.871825674034 1372.3004340016714
2835.826930604159 1372.432955750254
2834.7841412993544 1372.568501284283
2833.745372307029 1372.6991717506176
2832.712538174591 1372.8170682961186
2831.6875534494493 1372.9142920676456
2830.672332679013 1372.9829442120586
2829.6687904106893 1373.0151258762178
2828.678841191888 1373.0029382069833
2827.7043995700155 1372.9384823512146
2826.7473800924827 1372.8138594557718
2825.8096973066968 1372.6211706675151
2824.8932657600662 1372.3525171333047
2824.0 1372.0
2823.1312236155336 1371.5585258802264
2822.285896362209 1371.0342232496662
2821.462387037193 1370.4360260497676
2820.659064437657 1369.7728682219783
2819.8742973607687 1369.0536837077466
2819.106454603696 1368.2874064485186
2818.3539049636083 1367.482970385743
2817.6150172376756 1366.6493094608682
2816.8881602230645 1365.795357615341
2816.171702716945 1364.9300487906094
2815.464013516487 1364.0623169281214
2814.7634614188564 1363.201095969324
2814.068415221224 1362.3553198556654
2813.377243720758 1361.5339225285934
2812.688315714627 1360.7458379295558
2812.0 1360.0
2811.310729056005 1359.3040970181908
2810.6191900895983 1358.6608346096607
2809.9241339896967 1358.071672736758
2809.224311645218 1357.5380713618326
2808.518473945078 1357.0614904472334
2807.8053717781927 1356.643389955309
2807.083756033479 1356.285229848409
2806.352377599854 1355.9884700888822
2805.609987366233 1355.7545706390779
2804.855336221534 1355.5849914613452
2804.0871750546717 1355.4811925180334
2803.304254754563 1355.4446337714908
2802.505326210125 1355.476775184067
2801.689140310275 1355.5790767181113
2800.854447943928 1355.7529983359725
2800.0 1356.0
2799.126836722951 1356.3198126095103
2798.245155779403 1356.705250811692
2797.3674441915227 1357.1474001907002
2796.506188981474 1357.6373463306913
2795.673877171424 1358.1661748158217
2794.882995783536 1358.7249712302462
2794.1460318399772 1359.3048211581215
2793.4754723629117 1359.8968101836035
2792.8838043745054 1360.4920238908476
2792.3835148969233 1361.0815478640102
2791.9870909523315 1361.6564676872472
2791.7070195628935 1362.2078689447137
2791.5557877507767 1362.7268372205667
2791.5458825381447 1363.2044580989614
2791.689790947165 1363.631817164054
2792.0 1364.0
2792.4836818646936 1364.3033712937681
2793.1267492927914 1364.549412143573
2793.909800181715 1364.7488827504417
2794.8134324288867 1364.9125433154022
2795.8182439317293 1365.0511540394816
2796.9048325876643 1365.1754751237067
2798.053796294114 1365.2962667691054
2799.245732948501 1365.4242891767049
2800.4612404482473 1365.5703025475323
2801.680916690775 1365.745067082615
2802.8853595735072 1365.9593429829804
2804.0551669938645 1366.2238904496553
2805.170936849271 1366.5494696836677
2806.2132670371475 1366.9468408860441
2807.1627554549164 1367.4267642578125
2808.0 1368.0
2808.7108967557756 1368.6737334654183
2809.3025345494334 1369.4408506140178
2809.78730039412 1370.2906625575336
2810.177581302981 1371.2124804077005
2810.485764289163 1372.1956152762534
2810.72423636581 1373.229378274927
2810.9053845460694 1374.303080515457
2811.041595843087 1375.406033109577
2811.1452572700077 1376.5275471690234
2811.2287558399776 1377.6569338055301
2811.3044785661436 1378.7835041308329
2811.3848124616493 1379.8965692566653
2811.482144539643 1380.9854402947635
2811.608861813268 1382.0394283568623
2811.7773512956724 1383.0478445546964
2812.0 1384.0
2812.2860123622067 1384.888413594559
2812.6318625094777 1385.718435400356
2813.0308419918074 1386.4986232694241
2813.476242359191 1387.2375350537964
2813.961355161623 1387.943728605506
2814.4794719490974 1388.6257617765853
2815.0238842716094 1389.292192419068
2815.5878836791535 1389.9515783849865
2816.1647617217236 1390.612477526375
2816.747809949315 1391.2834476952648
2817.3303199119223 1391.9730467436907
2817.905583159539 1392.6898325236837
2818.4668912421607 1393.4423628872785
2819.0075357097817 1394.2391956865076
2819.520808112397 1395.0888887734038
2820.0 1396.0
2820.4389991079 1396.9776902813464
2820.8340779126593 1398.013532784559
2821.1821050761523 1399.095703739771
2821.479949260257 1400.212379377115
2821.7244791268486 1401.3517359267248
2821.912563337802 1402.5019496187329
2822.041070554995 1403.6511966832725
2822.106869440302 1404.7876533504766
2822.1068286555997 1405.8994958504784
2822.037816862764 1406.974900413411
2821.8967027236713 1408.0020432694073
2821.680354900196 1408.9691006486
2821.3856420542156 1409.8642487811228
2821.0094328476052 1410.6756638971083
2820.548595942242 1411.3915222266899
2820.0 1412.0
2819.362288081194 1412.492817467556
2818.641200839888 1412.875870961409
2817.844253328583 1413.1586008339932
2816.9789605997817 1413.3504474377442
2816.0528377059854 1413.4608511250965
2815.0733996996937 1413.4992522484843
2814.048161633412 1413.475091160343
2812.984638559639 1413.3978082131073
2811.8903455308778 1413.2768437592117
2810.7727975996286 1413.121638151092
2809.639509818395 1412.9416317411822
2808.497997239677 1412.7462648819167
2807.355774915977 1412.5449779257315
2806.2203578997965 1412.3472112250602
2805.099261243637 1412.162405132338
2804.0 1412.0
2802.928254817324 1411.86744609843
2801.88236872779 1411.7642333698066
2800.8588503595147 1411.687861674257
2799.8542083406164 1411.6358308719095
2798.864951299213 1411.6056408228926
2797.887587863421 1411.5947913873322
2796.9186266613583 1411.6007824253572
2795.9545763211427 1411.6211137970956
2794.991945470891 1411.6532853626748
2794.0272427387213 1411.6947969822222
2793.0569767527513 1411.7431485158666
2792.077656141097 1411.7958398237342
2791.0857895318777 1411.8503707659536
2790.0778855532108 1411.9042412026527
2789.0504528332117 1411.9549509939588
2788.0 1412.0
2786.9256692120107 1412.038374701225
2785.8371367489544 1412.0750080593668
2784.7467124208592 1412.11631965648
2783.666706037753 1412.1687290746188
2782.6094274096654 1412.238655895837
2781.5871863466227 1412.3325197021886
2780.612292658656 1412.4567400757287
2779.697056155792 1412.617736598511
2778.8537866480588 1412.82192885259
2778.0947939454863 1413.0757364200197
2777.4323878581026 1413.3855788828546
2776.8788781959347 1413.757875823148
2776.446574769012 1414.199046822955
2776.147787387363 1414.7155114643303
2775.9948258610166 1415.3136893293272
2776.0 1416.0
2776.1708261471326 1416.7778832216704
2776.4956467763927 1417.638859392726
2776.9580108945497 1418.5714690748232
2777.541467508372 1419.5642528296166
2778.229565624629 1420.6057512187617
2779.005854250088 1421.6845048039136
2779.8538823915196 1422.7890541467284
2780.7571990556917 1423.9079398088609
2781.6993532493734 1425.029702351966
2782.6638939793343 1426.1428823377
2783.6343702523423 1427.236020327718
2784.5943310751654 1428.2976568836746
2785.5273254545746 1429.3163325672258
2786.4169023973377 1430.280587940027
2787.246610910223 1431.1789635637335
2788.0 1432.0
2788.6654402619583 1432.7358345995945
2789.250588645474 1433.3929918697288
2789.767923688442 1433.981593106728
2790.229923928759 1434.511759606916
2790.649067904322 1434.993612666618
2791.0378341530254 1435.437273582157
2791.4087012127666 1435.8528636498588
2791.7741476214414 1436.250504166047
2792.146651916946 1436.6403164270466
2792.5386926371775 1437.0324217291814
2792.962748320032 1437.4369413687764
2793.431297503403 1437.8639966421547
2793.95681872519 1438.3237088456422
2794.5517905232878 1438.8261992755627
2795.2286914355923 1439.3815892282405
2796.0 1440.0
2796.872490930033 1440.6879580674529
2797.8301236417115 1441.4376106283594
2798.8511537266822 1442.237510060766
2799.9138367765913 1443.0762087427202
2800.996428383086 1443.9422590522688
2802.077184137811 1444.8242133674587
2803.134359632415 1445.7106240663375
2804.1462104585426 1446.5900435269516
2805.090992207841 1447.451024127349
2805.946960471956 1448.2821182455757
2806.692370842535 1449.07187825968
2807.3054789112225 1449.8088565477074
2807.7645402696667 1450.4816054877062
2808.0478105095135 1451.0786774577234
2808.1335452224093 1451.5886248358054
2808.0 1452.0
2807.6336585179106 1452.3062784430933
2807.053916787682 1452.520628116834
2806.2883989048305 1452.6611400877084
2805.3647289648766 1452.7459054222043
2804.310531063337 1452.7930151868084
2803.15342929573 1452.8205604480086
2801.9210477575743 1452.846632272292
2800.6410105443883 1452.8893217261461
2799.340941751691 1452.9667198760583
2798.0484654749985 1453.0969177885152
2796.7912058098314 1453.2980065300058
2795.5967868517064 1453.588077167015
2794.4928326961426 1453.985220766032
2793.506967438658 1454.507528393544
2792.6668151747713 1455.1730911160375
2792.0 1456.0
2791.527445310824 1456.9980609726722
2791.2432717075617 1458.1439394043043
2791.134899091495 1459.4060155259006
2791.189747363903 1460.7526695684635
2791.3952364260676 1462.152281762998
2791.738786179269 1463.573232340507
2792.2078165247876 1464.9839015319944
2792.789747363903 1466.3526695684636
2793.471998597897 1467.6479166809183
2794.241990128049 1468.8380231003623
2795.0871418556403 1469.8913690577988
2795.994873681952 1470.776334784232
2796.9526055082624 1471.4613005106648
2797.947757235854 1471.9146464681016
2798.967748766006 1472.1047528875454
2800.0 1472.0
2801.0319308391163 1471.5687680364695
2802.0509611846337 1470.7794372279564
2803.044510937835 1469.6003878054657
2804.0 1468.0
2804.0 1468.0
