2804.0 1468.0
2827.476630832915 1466.4868519614213
2841.3304352376167 1465.6278308130527
2847.519022023511 1464.954894258158
2848.0 1464.0
2844.7309779764896 1462.2951057418422
2839.6695647623833 1459.3721691869475
2834.7733691670855 1454.7631480385792
2832.0 1448.0
2832.724457261128 1439.0202250712102
2835.991305712851 1429.3834924391574
2840.2625013081492 1421.0550135875258
2844.0 1416.0
2846.246192979 1415.561493973317
2848.3652123862125 1418.593861056423
2852.3016256003184 1423.3292976113175
2860.0 1428.0
2872.4782708228727 1431.1712990355227
2887.0478447422984 1432.741063335151
2900.0934962905753 1432.940295967204
2908.0 1432.0
2908.215723729508 1430.1283098845925
2902.443408644591 1427.4418856029724
2893.449389237379 1424.0345185198667
2884.0 1420.0
2876.721334259094 1415.502961426108
2873.6785206793356 1410.9913942529586
2876.79644675991 1406.9841299533302
2888.0 1404.0
2908.023939234116 1402.2973444109764
2932.8425086380657 1401.0925373851926
2957.2398237229827 1399.3414616668124
2976.0 1396.0
2985.495408804443 1390.5576609299865
2988.451444768402 1384.6384562062706
2989.1817583481597 1380.4000233794197
2992.0 1380.0
3000.056925548113 1384.722011869078
3011.851712288327 1392.353637789724
3024.720642884378 1399.8084448155078
3036.0 1404.0
3043.7143890031043 1402.8667915937012
3048.6417060782896 1398.4469926348336
3052.24817011433 1393.803697358549
3056.0 1392.0
3061.023018439472 1395.1233217561166
3067.081463398516 1401.358391670942
3073.599176658302 1407.9142657502962
3080.0 1412.0
3085.75603723901 1411.7024213818313
3090.5324403276477 1408.6194406813981
3094.042623252462 1405.226739640266
3096.0 1404.0
3096.3903326044906 1406.6294927165577
3096.288775290893 1411.6638456034648
3097.0428303318495 1416.8662756886395
3100.0 1420.0
3105.932632343027 1419.4671077519376
3113.3124585087776 1416.225176904742
3120.0360554201397 1411.8706576051752
3124.0 1408.0
3123.7541380234006 1405.7520762756906
3120.461390673996 1404.4354467775665
3115.937947987593 1402.9010938906595
3112.0 1400.0
3110.23831556337 1395.0870871452998
3111.341978795239 1389.5330359849913
3115.7746526294886 1385.2124668321874
3124.0 1384.0
3135.9175997231196 1387.0245751431103
3149.170694145049 1392.4324092824681
3160.8384414944535 1397.6240387805922
3168.0 1400.0
3169.0287855441525 1397.81461228226
3167.4752446245666 1392.7373268851368
3168.1840813926983 1387.2913780454455
3176.0 1384.0
3193.779758100272 1384.5294757278507
3216.4283273566857 1387.1182831769852
3236.8627329347564 1389.1479490376273
3248.0 1388.0
3245.1021820547608 1381.879984806338
3232.811445948693 1372.2895404069225
3218.1149868682787 1361.5543258040457
3208.0 1352.0
3207.5615136806855 1345.3880850467979
3214.3258888485443 1341.2235551953265
3223.927319592131 1338.4472477461918
3232.0 1336.0
3235.214263222498 1333.130175006471
3234.3849986571313 1330.3162388117732
3231.363234763199 1328.3441832111891
3228.0 1328.0
3225.643933429325 1329.7787149273192
3223.634116522932 1333.0114895575816
3220.8072413550735 1336.7385194090532
3216.0 1340.0
3208.5225030602037 1341.9424652842526
3199.5785352511407 1342.1378029579007
3190.845299816507 1340.2642391525985
3184.0 1336.0
3180.453554329861 1329.3889239356702
3180.5517424725067 1321.9372986108156
3184.3740593788993 1315.517023980553
3192.0 1312.0
3203.1007796203535 1312.564338973067
3215.714494858834 1315.6130025988377
3227.4709626678973 1318.85516492519
3236.0 1320.0
3239.5183271887254 1317.4787201720624
3238.5902780921588 1312.6106909938342
3234.367089949513 1307.4373163186888
3228.0 1304.0
3220.575911624747 1303.645780338684
3212.924392772533 1304.9442334258265
3205.8106775340525 1305.7705698000557
3200.0 1304.0
3196.2405263122887 1298.3131584732018
3195.2121508177115 1290.61237530286
3197.5776999142777 1283.6054044810883
3204.0 1280.0
3214.4619831260984 1281.5390857685093
3226.2270039566247 1286.1062653627332
3235.878522808838 1290.6203122755908
3240.0 1292.0
3236.4740411833177 1288.155498452762
3228.3798333557916 1280.962563246207
3220.0957088503696 1273.2883464165488
3216.0 1268.0
3218.7668521406295 1266.9014204204436
3224.2536626202077 1267.543481652439
3226.6136417896823 1266.4138020582147
3220.0 1260.0
3200.7085502541627 1246.2388198654642
3173.6055161633767 1228.8635101440382
3145.6997239909024 1213.0564453505929
3124.0 1204.0
3113.711446842721 1205.2683001176997
3112.8242727262864 1214.0024777714093
3117.524962246708 1225.7354165394142
3124.0 1236.0
3129.133162374955 1241.4379796637365
3132.5973929314805 1243.1265787703253
3134.7629270222665 1243.2518884917515
3136.0 1244.0
3136.568403657461 1246.9172812273546
3136.2861555477925 1250.9912071472904
3134.8608296642274 1254.569529493581
3132.0 1256.0
3127.7182229952014 1254.2678954268456
3123.2579848773507 1250.9085926405137
3120.168754320825 1248.0949935339254
3120.0 1248.0
3123.4337043617343 1252.0736370652635
3127.681904942805 1258.8744222906548
3129.089153052474 1266.2379963707192
3124.0 1272.0
3110.109459557864 1274.4375563121016
3090.5143953514284 1273.5937181968666
3069.662133469279 1269.9530209831985
3052.0 1264.0
3040.8159574068122 1256.4261376863312
3034.760513651482 1248.750704921879
3031.3248130704105 1242.6999196964873
3028.0 1240.0
3022.876710814887 1241.6703929425742
3016.4435500426443 1245.903462115618
3009.7886142490793 1250.1848002308527
3004.0 1252.0
2999.8646993336406 1249.579790543373
2996.965286177942 1244.1354466156506
2994.583229933272 1237.6233793801025
2992.0 1232.0
2988.664491850552 1228.8229448839347
2984.6953052455897 1228.054751421782
2980.3784660178326 1229.2591822487382
2976.0 1232.0
2971.9773332641516 1235.8784299208894
2969.253492839701 1240.6455476972242
2968.902905995399 1246.0898916249466
2972.0 1252.0
2978.926175092842 1258.1008354325088
2987.2907233956093 1263.8630577893234
2994.0099100005714 1268.6937512514764
2996.0 1272.0
2991.442966364481 1273.468228349076
2983.5836135778645 1273.9022211454828
2976.932454002315 1274.3851033691483
2976.0 1276.0
2983.7394594492353 1279.5262511711874
2996.8748222929366 1284.5280576287453
3010.572773990169 1290.2658352719307
3020.0 1296.0
3021.724195838579 1301.1767669661756
3017.917097250393 1305.985548339537
3012.15145003701 1310.8015555431302
3008.0 1316.0
3008.051257196448 1321.766680964112
3010.956788705494 1327.5297490131084
3014.3839258617936 1332.5279425555505
3016.0 1336.0
3014.133275375628 1337.5065091773772
3009.75574792763 1337.8954556080307
3004.5003465158165 1338.3366742346695
3000.0 1340.0
2997.3531413010387 1343.7072823263804
2995.520219583985 1348.8884285547688
2992.9271880749393 1354.6253605057725
2988.0 1360.0
2979.641659420216 1364.1643615171015
2968.6633737364286 1366.550830172895
2956.3534011844267 1366.661883742241
2944.0 1364.0
2932.892721018097 1358.510271605214
2924.326285470301 1351.9082507536518
2919.596707187355 1346.3521045252637
2920.0 1344.0
2925.9749565073957 1346.2945520620422
2934.531484382367 1351.816166812497
2941.822270066155 1358.4296981567036
2944.0 1364.0
2938.5199529523197 1366.9990201466176
2928.0477770002303 1368.3270819963593
2916.5517125480264 1369.4916028479215
2908.0 1372.0
2905.2577316833267 1376.7718673514876
2906.777407616711 1382.3755052020651
2909.9083797417397 1386.79139045161
2912.0 1388.0
2910.8241203143743 1384.7260104474326
2905.8425925329266 1378.6708971953813
2896.9397684850155 1372.2803353456393
2884.0 1368.0
2867.3832870591764 1367.5115908587832
2849.3522222515844 1369.4409060164114
2832.6450463182 1371.649768165834
2820.0 1372.0
2813.2677314489206 1368.9776261174354
2810.7485184607376 1363.5654787389738
2809.8550462421854 1357.370591991025
2808.0 1352.0
2803.420787145141 1348.827904671475
2797.6537039054656 1348.2971790276936
2793.059768713058 1350.6178638700655
2792.0 1356.0
2796.049119970517 1364.3982551966644
2803.6366659174 1374.7458051502522
2812.4058789055834 1385.7204525287136
2820.0 1396.0
2824.445232972793 1404.4540745418676
2825.299632424935 1410.7196003712986
2822.5042156646105 1414.6253260150802
2816.0 1416.0
2806.107448138314 1414.972946635865
2794.664804382861 1412.8757933645545
2783.889758435978 1411.3407434109665
2776.0 1412.0
2772.687474473954 1415.9666389146737
2773.541150043623 1422.2772261704856
2777.62425059148 1429.4492003410546
2784.0 1436.0
2791.642653965871 1440.785497705441
2799.170595442648 1444.015301953504
2805.113239198101 1446.2374552248145
2808.0 1448.0
2806.8669096625613 1449.7663702635616
2802.776468185784 1451.6615660154987
2797.297792616115 1453.7259787596868
2792.0 1456.0
2788.4522073838853 1458.5240212403135
2788.223531814216 1461.3384339845013
2792.883090337439 1464.4836297364386
