2804.0 1468.0
2805.002513692155 1469.1674144399778
2806.006785808178 1470.1545046062154
2807.009631859068 1470.9667875685416
2808.0 1472.0
2809.0115977908044 1472.1162555027256
2810.0109936843282 1472.4781022852178
2811.0095155380736 1472.7144654850645
2812.0 1472.0
2813.004489151585 1472.860064758092
2814.0012169240276 1472.793962641906
2814.9976226820468 1472.6517005643425
2816.0 1472.0
2816.9900201801697 1472.1880201463505
2817.98628793295 1471.891263616555
2818.982785696662 1471.5676707466494
2820.0 1472.0
2820.977023282234 1470.889299607774
2821.9750391167704 1470.5591831494378
2822.9738369875936 1470.2515539722585
2824.0 1472.0
2824.9743308634506 1469.7500599884825
2825.9763028811626 1469.562730427595
2826.9796089605147 1469.4109586392817
2828.0 1468.0
2828.9907753294956 1469.1909057419477
2829.9989116318006 1469.11103331371
2831.0089340211016 1469.0435360196157
2832.0 1468.0
2833.0351890860416 1468.9224841954237
2834.051697774359 1468.8573383461105
2835.070644575026 1468.781384992508
2836.0 1468.0
2837.116404538765 1468.5738731340057
2838.143493714513 1468.4307233098893
2839.1735730279656 1468.2535833430522
2840.0 1468.0
2841.2385569821067 1467.77539018922
2842.2455549680835 1467.470184761614
2843.199729782341 1467.1226847100663
2844.0 1468.0
2844.8374312514943 1466.3073744111362
2845.464868584291 1465.842851001748
2845.927304101165 1465.3426066444074
2848.0 1464.0
2846.2531330721013 1464.2415287618603
2846.1092893789805 1463.6439820746477
2845.785969575576 1463.0172881154729
2844.0 1464.0
2844.6841316933887 1461.6830320572244
2843.9472286423443 1460.9787567961457
2843.1140795364918 1460.2519079390938
2840.0 1460.0
2841.2419337674623 1458.7367621359422
2840.242515441787 1457.9499461651299
2839.2260077363003 1457.1435185489195
2840.0 1456.0
2837.216807480421 1455.4711786054654
2836.2616565772887 1454.6049413908015
2835.3644995888685 1453.7184427559002
2836.0 1452.0
2833.8192506506857 1451.8840114505463
2833.2087003481843 1450.9357538926736
2832.7312272549157 1449.9665851397242
2832.0 1448.0
2832.250595990603 1447.964864273756
2832.28497946682 1446.9319872733176
2832.527523446791 1445.877549302963
2832.0 1444.0
2833.6973037226235 1443.7039010359733
2834.5728467263466 1442.587728001762
2835.553163649553 1441.4560685224824
2836.0 1440.0
2837.5462627913407 1439.1590890532539
2838.4181167783886 1438.0001684755723
2839.1128882218504 1436.8385602773574
2840.0 1436.0
2839.710881504614 1434.5200798438625
2839.6025020503994 1433.3696070208503
2839.2938374655655 1432.2292454018398
2840.0 1432.0
2838.311104193043 1429.9916546003594
2837.754761149856 1428.9008248301568
2837.2335842650537 1427.8329050884909
2836.0 1428.0
2836.5227624434006 1425.7785945153046
2836.3943362538303 1424.7986030960517
2836.4235137172036 1423.8543205298706
2836.0 1424.0
2836.9641033028997 1422.0856807812581
2837.4802272752804 1421.2677230110949
2838.1633786007214 1420.4982729185385
2840.0 1420.0
2840.0338885097462 1419.117694590781
2841.188167936461 1418.5129657678472
2842.443316402497 1417.9695434470555
2844.0 1416.0
2845.1144801249384 1417.079417136432
2846.459625217545 1416.739112558868
2847.7638990218798 1416.4729133079813
2848.0 1416.0
2850.1154828455924 1416.17475478262
2851.136265145936 1416.1439459514995
2852.063120719933 1416.1895433337622
2852.0 1416.0
2853.6706811403465 1416.5017596873156
2854.369200712487 1416.7642801330455
2855.009423009734 1417.0950097410366
2856.0 1416.0
2856.1506052309987 1417.9528993926813
2856.6693798807423 1418.475960910774
2857.1654867070442 1419.0590345400058
2860.0 1420.0
2858.125326340774 1420.3970210807659
2858.6068738739277 1421.1478354667338
2859.101383035091 1421.9504649127184
2860.0 1424.0
2860.163319705179 1423.698582293504
2860.738986013514 1424.6136338620508
2861.3440915486776 1425.5196277581103
2860.0 1428.0
2862.639946045679 1427.1908941188742
2863.3293578806106 1427.899392376634
2864.0455346885587 1428.4852845480164
2864.0 1428.0
2865.55550896969 1429.184756933514
2866.3479693159675 1429.2958912352253
2867.164520381448 1429.2795276257486
2868.0 1428.0
2868.867220416207 1428.9680714375015
2869.752032258579 1428.7248612408657
2870.658260566341 1428.4579178973122
2872.0 1428.0
2872.532157217508 1427.9526603714273
2873.4976777937054 1427.742611597472
2874.4803193008797 1427.565360493348
2876.0 1428.0
2876.4910482931436 1427.3185481638297
2877.5161773707255 1427.2536353730507
2878.5525105642696 1427.230817121335
2880.0 1428.0
2880.6528724842287 1427.3207611043258
2881.7139428031355 1427.4381717736478
2882.780300422991 1427.6069738512642
2884.0 1428.0
2884.922960750526 1428.1080491006137
2885.9963050506994 1428.444970706962
2887.0690198368047 1428.8425805908355
2888.0 1428.0
2889.2066440517974 1429.822952415249
2890.2685950731775 1430.3731049195364
2891.323999765474 1430.9187268288479
2892.0 1432.0
2893.409253347806 1431.8566442483059
2894.436143830333 1432.1790724513346
2895.4505711687625 1432.357235445151
2896.0 1432.0
2897.436119598314 1432.1565417027794
2898.4042822819288 1431.8008807306783
2899.3540650064306 1431.3473460775406
2900.0 1432.0
2901.1925737630836 1430.3791733987393
2902.078341387727 1429.9807942083692
2902.939812238243 1429.717059007548
2904.0 1428.0
2904.5765472894286 1429.794608027875
2905.3044560078984 1430.063569780738
2905.9133569878395 1430.3225305865797
2908.0 1432.0
2906.5906306183465 1430.3235419428593
2906.5672507120184 1430.0140894977558
2906.2413579533727 1429.591630114548
2904.0 1428.0
2904.522707478423 1428.705212042655
2903.1832694837058 1428.2895068183993
2901.6479580798464 1427.8573015848992
2900.0 1428.0
2898.386499044838 1426.8206093863225
2896.858743413758 1426.1547315693258
2895.5318983736734 1425.3495720392423
2896.0 1424.0
2893.847369591589 1423.2181605223789
2893.505950999418 1421.9477240021092
2893.3979732978996 1420.649636701773
2892.0 1420.0
2893.5506171659986 1418.3165533307827
2893.645377035205 1417.4545790450695
2893.641854394241 1416.9109975491715
2892.0 1416.0
2893.030114433126 1417.0908736608278
2892.3872929254376 1417.7822560380766
2891.5769805325003 1418.7278807445296
2892.0 1420.0
2889.6471897415513 1420.9075126539437
2888.6243646688736 1421.904347611353
2887.6273553616165 1422.6810804068623
2888.0 1424.0
2885.895374854006 1423.1307211762878
2885.204761938822 1422.7514138359124
2884.6286813593997 1422.0475737050547
2884.0 1420.0
2883.804243697852 1419.9317783058286
2883.547949860734 1418.6525646544296
2883.390314849391 1417.3143014464865
2884.0 1416.0
2883.3551477940437 1414.7147724641104
2883.469678995046 1413.5182255218858
2883.666995511837 1412.3920666875313
2884.0 1412.0
2884.294110982798 1410.344305437325
2884.7159731819747 1409.4193990689187
2885.204747186954 1408.5582729032747
2884.0 1408.0
2886.367157104333 1407.021219357249
2887.0328562617383 1406.3447845168257
2887.74959371496 1405.7311149590787
2888.0 1404.0
2889.320309998865 1404.6966497565563
2890.1663520745547 1404.2781431442504
2891.047558936074 1403.9269798795603
2892.0 1404.0
2892.8995935066127 1403.431261457967
2893.8624844606406 1403.2889953335336
2894.8446666905106 1403.2186506216551
2896.0 1404.0
2896.851031467794 1403.2983035005025
2897.8672772602135 1403.4505901236982
2898.8869408184896 1403.679376224387
2900.0 1404.0
2900.9213591871417 1404.3648015962758
2901.932446029623 1404.786389938479
2902.93961470217 1405.214375900184
2904.0 1404.0
2904.9433991758697 1405.944758901177
2905.9406157962258 1406.1747650500033
2906.935115885054 1406.2663870374085
2908.0 1408.0
2908.9171681065345 1405.9023683009361
2909.9053210583897 1405.4503660100177
2910.8919591171234 1404.8672564235962
2912.0 1404.0
2912.861892193635 1403.4670508770039
2913.845788030614 1402.7296226732124
2914.829370612879 1402.0204226866774
2916.0 1400.0
2916.796797651669 1400.8375393818146
2917.7812429273977 1400.3925028419387
2918.766576586817 1400.032988076221
2920.0 1400.0
2920.741110695136 1399.5257754683112
2921.730911963238 1399.355703426642
2922.722803253437 1399.2264047601782
2924.0 1400.0
2924.7140575385342 1399.0453791539144
2925.7140213526336 1398.971278014637
2926.7172768272376 1398.8932018516123
2928.0 1400.0
2928.734864396362 1398.6803760553657
2929.7497973100853 1398.5232522226668
2930.7692235227178 1398.3174049672664
2932.0 1396.0
2932.822610260843 1397.7185373333964
2933.85628827189 1397.325616019376
2934.893894552955 1396.8841694115538
2936.0 1396.0
2936.9785602289453 1395.900844971256
2938.0244537757776 1395.3815394671572
2939.071943896438 1394.8588533260086
2940.0 1396.0
2941.1693821630497 1393.848483789316
2942.2181644609077 1393.3833727221486
2943.266211636402 1392.9600256746846
2944.0 1392.0
2945.357768924115 1392.2837682956188
2946.4001131882374 1392.0534302923934
2947.4393906338073 1391.9100009656238
2948.0 1392.0
2949.5064133730993 1391.929012998205
2950.532992818727 1392.1140266859315
2951.554173749612 1392.4310937068672
2952.0 1392.0
2953.5780083709624 1393.4804985403389
2954.579496213334 1394.0792054925898
2955.573253844774 1394.542704057479
2956.0 1396.0
2957.535246778665 1394.5320109913632
2958.5023162330212 1394.0536036959288
2959.4593237802546 1393.431556684273
2960.0 1392.0
2961.340821457163 1392.296009363192
2962.2641457387444 1391.9238742381826
2963.175076417012 1391.6908297657837
2964.0 1392.0
2964.95742526742 1391.644668076303
2965.827677591464 1391.832878507966
2966.6832046160066 1392.1628348897273
2968.0 1392.0
2968.348276621384 1393.2398576529527
2969.1598090600796 1393.923552794686
2969.9605911149933 1394.6222514070555
2972.0 1396.0
2971.5401856011017 1395.8085187872912
2972.3241387961116 1396.168017426951
2973.1076231349693 1396.286379280835
2976.0 1396.0
2974.6834667718567 1395.566105124883
2975.4809668337016 1394.734715486967
2976.288279567024 1393.6766818071142
2976.0 1392.0
2977.9426245757313 1391.165808065688
2978.7947976149317 1389.8555308761597
2979.667064853239 1388.6037353887853
2980.0 1388.0
2981.481259901474 1386.5436050830606
2982.4229071552213 1385.775172047595
2983.384087495713 1385.1450242800533
2984.0 1384.0
2985.353643684576 1384.1740659361888
2986.3563176567704 1383.7704960535903
2987.367120963354 1383.3796928263648
2988.0 1384.0
2989.4017118273355 1382.5275516780473
2990.4197975085563 1382.103558166084
2991.4346087718113 1381.7670201277504
2992.0 1380.0
2993.44300429207 1381.6031406564139
2994.430886672896 1381.744850960197
2995.4040908834013 1381.9121202111814
2996.0 1384.0
2997.29571133671 1381.9494667507747
2998.2123274770233 1381.7691223760703
2999.1106652420376 1381.5134936219424
3000.0 1380.0
3000.856708988567 1380.9733856240844
3001.70651664128 1380.7874077046902
3002.5422492610924 1380.7231480545424
3004.0 1380.0
3004.1756927444103 1381.1426891580018
3004.9755052791147 1381.6404089200119
3005.765446123317 1382.2876849680754
3008.0 1384.0
3007.3199160826066 1383.889579307302
3008.0865468688944 1384.7735342909366
3008.8475093070774 1385.6657189455664
3008.0 1388.0
3010.3566324815224 1387.340207220687
3011.106894888985 1388.0923869412652
3011.855692290739 1388.792548533009
3012.0 1388.0
3013.3530954195235 1390.0576483454008
3014.1038028177527 1390.6330020737494
3014.8572485526706 1391.1771686886666
3016.0 1392.0
3016.3765583749773 1392.1927715936101
3017.1445241335637 1392.6746233913377
3017.919431571238 1393.1461190910359
3020.0 1392.0
3019.4942748262492 1394.0788732117483
3020.296312314785 1394.5505471404636
3021.109494824807 1395.0326959865513
3024.0 1396.0
3022.7732076003335 1396.0481591393932
3023.6240956288025 1396.5853471127082
3024.486844204683 1397.140757336521
3024.0 1400.0
3026.245150708138 1398.3009081864818
3027.139322490439 1398.9029806380534
3028.042582529608 1399.5179389909674
3028.0 1400.0
3029.8735950880036 1400.7777508557904
3030.7999614619584 1401.3993790178538
3031.732643802235 1401.9874423815688
3032.0 1400.0
3033.614184091212 1402.9753096637241
3034.5616558946404 1403.3313310570504
3035.512671373846 1403.5662226018
3036.0 1404.0
3037.4225610690464 1403.5915975437317
3038.380049139768 1403.3775771061464
3039.338308595722 1403.0334191504485
3040.0 1404.0
3041.2543693727853 1402.0242403958734
3042.2107845486207 1401.3939944525748
3043.165198819145 1400.7031607023207
3044.0 1400.0
3045.065252353712 1399.2092794921036
3046.0095054724825 1398.4410068877196
3046.9489853953964 1397.681696187537
3048.0 1396.0
3048.8108533631075 1396.2595102109346
3049.731855262633 1395.6314097900936
3050.6453116757575 1395.0818209846107
3052.0 1396.0
3052.446830705957 1394.2852739583086
3053.3335968999804 1394.058366757641
3054.2102247614926 1393.950073212637
3056.0 1392.0
3055.9306520853197 1394.099981459073
3056.7732448467996 1394.3635104352388
3057.603285874099 1394.7563074365212
3060.0 1396.0
3059.2232993244884 1395.935290521589
3060.012065046743 1396.6963876163152
3060.7858656331473 1397.5365747580395
3060.0 1400.0
3062.286157996735 1399.3432088567909
3063.0114430730832 1400.2541506509733
3063.719349611911 1401.1331721664637
3064.0 1400.0
3065.0813478365035 1402.6906064176867
3065.738637788443 1403.3504882826244
3066.384945735209 1403.9413881272785
3068.0 1404.0
3067.6598220795936 1404.9531285982468
3068.295993710395 1405.392412645815
3068.9363898023917 1405.7996015156082
3068.0 1408.0
3070.2450618363378 1406.5545805643785
3070.9209410114704 1406.9208141646097
3071.6162511141665 1407.2918394295739
3072.0 1408.0
3073.0803705686117 1408.0851517962105
3073.856783153545 1408.5258823191373
3074.6678331324083 1409.0082913493047
3076.0 1408.0
3076.4078891559507 1410.1253106943261
3077.337522939775 1410.7200379531523
3078.3030495958164 1411.2766776071662
3080.0 1412.0
3080.3290860147645 1412.079275034139
3081.3832480227748 1412.2270232737903
3082.4606073932136 1412.1402648420128
3084.0 1412.0
3084.6722227115833 1411.0887785790842
3085.8001309046194 1410.157659303802
3086.9385409502925 1409.0592504688275
3088.0 1408.0
3089.2341710897626 1406.6914174098938
3090.3850434286633 1405.587419830979
3091.533722110411 1404.6469859824626
3092.0 1404.0
3093.8063230636585 1403.5688823215528
3094.8910180062576 1403.4839564832332
3095.8950646339076 1403.6680823234597
3096.0 1404.0
3097.5169991385546 1404.723611645756
3098.0627801126493 1405.5350764309278
3098.383698965991 1406.4957155008508
3100.0 1408.0
3098.2276747828814 1408.744639101155
3097.8042545131584 1409.9729849346386
3097.2630176561383 1411.2306276590782
3096.0 1412.0
3096.185399052925 1413.7139263870313
3095.8281697430884 1414.8796436936468
3095.7114287186723 1415.9547804974238
3096.0 1416.0
3096.5277684942507 1417.7196044456937
3097.4603143032114 1418.386368351455
3098.6322784155273 1418.9167052769146
3100.0 1420.0
3101.3340167133715 1419.5962826257949
3102.6835684804764 1419.75961526865
3103.9120937140874 1419.8147053700714
3104.0 1420.0
3105.6716252616707 1419.6283423874802
3106.178442263373 1419.400981522902
3106.5158541070427 1419.093562555758
3108.0 1420.0
3106.946149908048 1418.2667347526412
3107.170877659268 1417.7614181361027
3107.4898878402246 1417.2042278558665
3108.0 1416.0
3108.6576600965805 1415.9635071278187
3109.537568070699 1415.3006472073323
3110.574050271983 1414.6272546777996
3112.0 1412.0
3112.977633363153 1413.303369462028
3114.2751822565856 1412.680125611006
3115.590201384282 1412.100846821371
3116.0 1412.0
3118.1335463495625 1411.12336475098
3119.292320190695 1410.7205062311439
3120.329460273187 1410.3523022945335
3120.0 1412.0
3121.8997351693497 1409.6467395442353
3122.3633179865687 1409.272821417169
3122.5661630522427 1408.8604392465738
3124.0 1408.0
3122.067452253295 1407.851749133069
3121.3978422956407 1407.2463917869748
3120.531386400381 1406.5844715909777
3120.0 1404.0
3118.4748244178204 1405.12786366329
3117.4181621409084 1404.351636438605
3116.4315415471697 1403.555767378029
3116.0 1404.0
3114.923206943747 1401.942024763217
3114.4623002270273 1401.1426117159863
3114.1930497794046 1400.3604778468762
3112.0 1400.0
3114.2058592425274 1398.8849686570302
3114.476089928808 1398.2100538433003
3114.9143184352606 1397.5893392217015
3116.0 1396.0
3116.250008948761 1396.5403788450335
3117.009032665399 1396.088277253691
3117.6591776213877 1395.6426641819373
3120.0 1396.0
3118.1517086180606 1394.6385592380943
3118.0228797785085 1394.0138951864556
3117.8427424178376 1393.2633752953059
3116.0 1392.0
3117.9410068129832 1391.27097056699
3118.3454030931284 1390.0741951399727
3118.95047990081 1388.8417826937418
3120.0 1388.0
3120.621418004325 1386.5828287433344
3121.6166507529283 1385.7126782390055
3122.6713069346097 1385.1196727151578
3124.0 1384.0
3124.82362498652 1385.0461134958712
3125.8866132121702 1385.5313601239009
3126.9396775817395 1386.2253523793493
3128.0 1388.0
3129.018597268781 1387.7899930666824
3130.0457338443243 1388.4358511456564
3131.065509079931 1388.8408741462292
3132.0 1388.0
3133.0855380474777 1388.5261077993719
3134.087073037489 1387.8651696571665
3135.083809203706 1387.081098847008
3136.0 1388.0
3137.065447580905 1385.7951045731759
3138.051631049959 1385.4350328146293
3139.035578211361 1385.2355317983834
3140.0 1384.0
3140.999326127363 1385.200663286585
3141.980408140032 1385.3065064379275
3142.9618163611945 1385.455341625362
3144.0 1384.0
3144.9281739451444 1385.7707697679502
3145.9144045660046 1385.9167355639154
3146.9035239115005 1386.0644390775947
3148.0 1388.0
3148.89299129255 1386.4001293275528
3149.8946205861744 1386.605651098559
3150.9017011205797 1386.8479806567345
3152.0 1388.0
3152.9347784278743 1387.4781332040486
3153.962056458838 1387.8834912279149
3154.997348246726 1388.360727108405
3156.0 1388.0
3157.094535609417 1389.5659025087132
3158.157712442294 1390.311377063259
3159.231465548238 1391.1637995438828
3160.0 1392.0
3161.4068790462275 1393.2126033519623
3162.47151640087 1394.3547897089738
3163.4726839537775 1395.495534051179
3164.0 1396.0
3165.133954988626 1397.5208467399423
3165.718731137692 1398.279490110887
3166.0893828192675 1398.7848415157991
3168.0 1400.0
3166.0713475216867 1398.8038466046542
3165.809469654622 1398.3117440831281
3165.587085544247 1397.5548371846307
3164.0 1396.0
3165.876531880287 1395.4754353860706
3166.464360919394 1394.2673530506827
3167.2436809005776 1393.023291467673
3168.0 1392.0
3169.037495536752 1390.6467132090547
3169.9626333656133 1389.572554223626
3170.9005484842946 1388.5791313709335
3172.0 1388.0
3172.81118002994 1386.8390996951264
3173.7821311763178 1386.094793687695
3174.762329051342 1385.4358294443684
3176.0 1384.0
3176.746934426159 1384.3785318813948
3177.7495766453653 1383.9825013774318
3178.757935032047 1383.6764182689406
3180.0 1384.0
3180.7882697466603 1383.33869986974
3181.808480794008 1383.309367394715
3182.8308774476577 1383.3745879465293
3184.0 1384.0
3184.878816399874 1383.7908504035142
3185.9033097409247 1384.129534973201
3186.9278907732487 1384.5380578987583
3188.0 1384.0
3188.976650642833 1385.5105838441793
3190.000496845649 1386.0475693773901
3191.0237654708535 1386.600358293167
3192.0 1388.0
3193.067904719538 1387.6993112991115
3194.088442708575 1388.2184579026273
3195.1077378511127 1388.6993729154035
3196.0 1388.0
3197.1419343278067 1389.4924731954322
3198.1565030275196 1389.7776409760324
3199.1691636118467 1389.9705421925883
3200.0 1392.0
3201.1880951654607 1390.0309816434196
3202.1940335003032 1389.9043324899892
3203.197398450874 1389.697041997104
3204.0 1388.0
3205.1957429303166 1389.1178224154519
3206.1903898247456 1388.7845360379258
3207.181798066016 1388.4478937434287
3208.0 1388.0
3209.154233320198 1387.841826826002
3210.1349276986657 1387.6110449143148
3211.111718155091 1387.454192508139
3212.0 1388.0
3213.052922032921 1387.439561634806
3214.0170028198845 1387.6204258788912
3214.9765144159187 1387.952505050971
3216.0 1388.0
3216.8815483418434 1389.130823992941
3217.8290394905066 1389.9150888221175
3218.77589908578 1390.7266186978632
3220.0 1392.0
3220.6762641601335 1392.1062884037253
3221.6340399111973 1392.5118356411738
3222.599724652842 1392.6194627398556
3224.0 1392.0
3224.563361651844 1391.6487169329507
3225.5655841811863 1390.6054250189043
3226.58425624508 1389.3343749491717
3228.0 1388.0
3228.679489520487 1386.5745094941474
3229.7603210039865 1385.3184486846042
3230.8661425660057 1384.3001388708728
3232.0 1384.0
3233.158821940647 1383.4084258209314
3234.335102851675 1383.5646437919943
3235.5152200380357 1384.017855173414
3236.0 1384.0
3237.8361150864166 1385.4682338449193
3238.951468873264 1386.2918889738012
3240.0198107851024 1387.0655131906333
3240.0 1388.0
3241.964610833409 1388.1338780083374
3242.815644894706 1388.3645071035814
3243.5688189306516 1388.4168822755194
3244.0 1388.0
3244.7307387761407 1388.077449149373
3245.114060510515 1387.7309300012357
3245.3486740691937 1387.2967352296873
3248.0 1388.0
3245.325522252763 1386.252801133131
3245.0698952643193 1385.6697750593523
3244.6698368735115 1385.0524998646204
3244.0 1384.0
3243.495827581806 1383.7314768173171
3242.751577529411 1383.0358663172558
3241.9222977716568 1382.3222814012624
3240.0 1380.0
3240.0680508370715 1380.8574630264982
3239.072784508743 1380.1143669202377
3238.05189017206 1379.369571103066
3236.0 1380.0
3235.9926191706295 1377.8911550410076
3234.9839433543857 1377.1656721486318
3234.0090412267896 1376.454764250365
3232.0 1376.0
3232.2159692401474 1375.0915155763996
3231.4035572631933 1374.4387167645305
3230.6364347390727 1373.7995768744288
3232.0 1372.0
3229.2016878807012 1372.5441670098248
3228.5158784621326 1371.9188436104705
3227.838988327765 1371.289072283181
3228.0 1372.0
3226.4755957429975 1369.9980789950896
3225.770908208281 1369.3278036094366
3225.038769789132 1368.634973446144
3224.0 1368.0
3223.4557701289004 1367.163541936936
3222.5867238035016 1366.3758871661694
3221.653856425036 1365.5475707680591
3220.0 1364.0
3219.566038355907 1363.7523894597334
3218.427402674735 1362.7857304424272
3217.2575759594793 1361.7788215835994
3216.0 1360.0
3214.9259796333154 1359.6631847627236
3213.8150251257066 1358.5639220113485
3212.7745097906136 1357.4433398397973
3212.0 1356.0
3211.006426844573 1355.1571476575118
3210.3296743369247 1354.0010028574504
3209.824991208391 1352.8424690585596
3208.0 1352.0
3209.433463295267 1350.5371648856315
3209.5974336139757 1349.3998597222683
3210.0351035183985 1348.2790959814206
3212.0 1348.0
3211.7982745753375 1346.1061231886174
3212.9652045372804 1345.0633793473355
3214.0886917037883 1344.0561073499143
3216.0 1344.0
3215.5294583196073 1342.1669093080038
3215.8389941125142 1341.2944484741863
3216.0895997971747 1340.4763899055765
3216.0 1340.0
3217.0806878415333 1339.0224099853249
3217.9440003118857 1338.395953844356
3218.9940428953014 1337.8428303899402
3220.0 1336.0
3221.4406985006613 1336.9755119621145
3222.7305015722773 1336.670782199378
3223.9934148563007 1336.4583155445405
3224.0 1336.0
3226.234540401477 1336.3209737384518
3227.1634721557443 1336.356794349135
3227.9669531086392 1336.4062695915848
3228.0 1336.0
3229.2140604834244 1336.370036598175
3229.6659358418665 1336.1962546755094
3230.008858272043 1335.8599800110003
3232.0 1336.0
3230.3843422207037 1334.5430203095011
3230.4251526757407 1333.5895529456718
3230.373508075618 1332.5280281863204
3232.0 1332.0
3230.0093515829935 1330.3658245473032
3229.705088627046 1329.4076547007642
3229.3248684890427 1328.6264455249561
3228.0 1328.0
3228.353167182845 1327.8618279729562
3227.7706108084276 1327.9123329569159
3227.1299468395073 1328.2076253319092
3224.0 1328.0
3225.69349742016 1329.3832076293488
3224.9073126207327 1330.1888152389715
3224.082221528804 1331.08984561398
3224.0 1332.0
3222.3345217694423 1333.030549728031
3221.421513753009 1334.0059793153937
3220.488800746076 1334.9483433647824
3220.0 1336.0
3218.583461062706 1336.626262868565
3217.6204350372705 1337.308012332423
3216.6569053233347 1337.8490842772346
3216.0 1340.0
3214.746378476816 1338.4102871716505
3213.8020360643463 1338.4288333887446
3212.8624994036013 1338.3035326217703
3212.0 1336.0
3210.9892609157396 1337.72266318665
3210.051267877848 1337.3177310440183
3209.1094981701326 1336.8702249683488
3208.0 1336.0
3207.206046323681 1335.948764068926
3206.2400729741703 1335.525445770688
3205.2617405332867 1335.160826590442
3204.0 1336.0
3203.2594159558503 1334.7089586349562
3202.2311326085237 1334.6723463852313
3201.181907748274 1334.795706304528
3200.0 1336.0
3199.0140382725253 1335.6094020336038
3197.903025676651 1336.2650923632134
3196.786335607103 1337.0114639015069
3196.0 1336.0
3194.575033547035 1338.5363956324397
3193.4999768065377 1339.1950283392264
3192.4583530924156 1339.704487282991
3192.0 1340.0
3190.5145152433397 1340.0517684066704
3189.631856358411 1339.8641000822633
3188.821740999904 1339.476276986191
3188.0 1340.0
3187.4582513622017 1338.2380594334677
3186.9244323330304 1337.4566114540264
3186.502267330329 1336.6129016573382
3184.0 1336.0
3186.0281954858633 1334.8701486016143
3185.9729573830227 1334.0014060296432
3186.0227107845 1333.131003014552
3188.0 1332.0
3186.3847565560545 1331.3685254488482
3186.670831153956 1330.4681057951536
3187.009461711823 1329.549335492176
3188.0 1328.0
3187.7919551631003 1327.6400527322069
3188.2096002843364 1326.6411951721343
3188.627365821186 1325.6072967566142
3188.0 1324.0
3189.4108225973755 1323.4176871530715
3189.75029606454 1322.2536308619665
3190.037454402966 1321.0378435092507
3192.0 1320.0
3190.4095108954384 1318.4436271075933
3190.510915754406 1317.1123031241793
3190.593018894482 1315.8234582102114
3188.0 1316.0
3190.817782382001 1313.5783160588885
3191.019673911465 1312.724574055672
3191.3207260860813 1312.1184215901778
3192.0 1312.0
3192.3293838942363 1311.8355384090457
3193.039875666363 1312.1506189380386
3193.855300360816 1312.6969114940148
3196.0 1312.0
3195.6940307070054 1314.2452671971607
3196.663877453895 1315.1283975994534
3197.6317393134177 1316.004874538975
3200.0 1316.0
3199.460269210516 1317.511581646852
3200.301550242354 1318.0923537117544
3201.102072375345 1318.5675561069766
3200.0 1320.0
3202.610209731528 1319.2412849643204
3203.332509848087 1319.4598279644104
3204.043420852537 1319.6128343707587
3204.0 1320.0
3205.4604453118463 1319.762270478168
3206.181243660074 1319.7787167171973
3206.92002268293 1319.7696594384236
3208.0 1320.0
3208.48089253926 1319.7150674034012
3209.317668266104 1319.689549185122
3210.201794454312 1319.678560524977
3212.0 1320.0
3212.138885070126 1319.7375887323874
3213.191036802502 1319.8119248020785
3214.288913605785 1319.9094288341737
3216.0 1320.0
3216.589221857416 1320.1511845181815
3217.7753430219364 1320.2840580363948
3218.9745686897095 1320.4173432496161
3220.0 1320.0
3221.3797129673617 1320.6623924936853
3222.5693212934125 1320.7627783908342
3223.739413555064 1320.8408197155943
3224.0 1320.0
3225.988429317508 1320.9071123805493
3227.0510425344755 1320.8839855870465
3228.0615191193883 1320.8157579537574
3228.0 1320.0
3229.894554986692 1320.5225138539452
3230.7074829530243 1320.2937389748477
3231.4490116551838 1320.0123464308156
3232.0 1320.0
3232.711966570404 1319.2994309650478
3233.230440435172 1318.8717693518613
3233.6716103391864 1318.3992126908406
3236.0 1320.0
3234.316133568368 1317.327136842394
3234.5165345452438 1316.7314789635186
3234.633726864783 1316.0986486539082
3236.0 1316.0
3234.6125808352667 1314.7291933595818
3234.4712901379203 1313.9964296834157
3234.2408860866544 1313.2342161936147
3232.0 1312.0
3233.507997458006 1311.630076736578
3233.009545925681 1310.7974981561224
3232.4300471295505 1309.9541645355914
3232.0 1308.0
3231.0499446226863 1308.2648991043216
3230.260359350358 1307.433800758593
3229.4117636910364 1306.621614302808
3228.0 1304.0
3227.5595780882227 1305.0836439910895
3226.5670065831373 1304.3726936001658
3225.5374615678707 1303.7103220292051
3224.0 1304.0
3223.3894878836004 1302.5609822771937
3222.282077653004 1302.0888475611525
3221.159730789036 1301.6949585950945
3220.0 1304.0
3218.8920827098 1301.179632206558
3217.756711964929 1301.1213124307603
3216.626265527483 1301.267473698307
3216.0 1300.0
3214.3978305796486 1302.3660195594741
3213.3086845716484 1303.2496652174798
3212.2421478758556 1304.2003140476004
3212.0 1304.0
3210.1945874256653 1305.8271252776497
3209.2224061736592 1306.3879886937482
3208.2905192386393 1306.7852573143032
3208.0 1308.0
3206.5653133243377 1307.1255736326264
3205.7808368474466 1307.0869030623167
3205.0543396923217 1306.9212011603079
3204.0 1308.0
3203.7937470280563 1306.2448718441672
3203.273166076728 1305.750156276741
3202.837593562794 1305.1602330710264
3200.0 1304.0
3202.2578470735775 1303.7218476677072
3202.131859711532 1302.8869274315914
3202.1272540133536 1301.9838834801637
3204.0 1300.0
3202.508351616256 1300.0005083543488
3202.850986217684 1298.93371914145
3203.2288650836776 1297.825890136216
3204.0 1296.0
3203.8817075842826 1295.5141966717179
3204.052347206355 1294.3238741739426
3204.0495830679165 1293.1195958068085
3204.0 1292.0
3203.3385602219937 1290.6970332987673
3202.6661659273796 1289.4969585873087
3201.892096697992 1288.319346865388
3200.0 1288.0
3200.3910391114514 1286.077266184978
3199.840103592576 1285.0356741238966
3199.5395988154805 1284.0622988471698
3200.0 1284.0
3200.015131093864 1282.3659524415984
3200.806084571692 1281.6658582101616
3201.8773016359987 1281.079734557897
3204.0 1280.0
3204.5680865368845 1280.2951527856985
3206.041434379884 1280.1195715631738
3207.5026058222024 1280.1037147146378
3208.0 1280.0
3210.1108265715357 1280.590932402147
3211.200738208399 1281.0809106423956
3212.164198104272 1281.7044206650392
3212.0 1284.0
3213.7756519795994 1283.253897079507
3214.455590612325 1284.1307939823291
3215.0729668106082 1285.0430836895423
3216.0 1284.0
3216.183921210392 1286.875702539137
3216.7094440651645 1287.7469621925165
3217.2362937920407 1288.5554756722831
3220.0 1288.0
3218.357863168648 1289.8861251329727
3218.9845274716527 1290.359191624894
3219.676407953306 1290.6713729651979
3220.0 1292.0
3221.314638739186 1290.7277817103964
3222.262525577177 1290.499982610965
3223.278701661342 1290.167245351265
3224.0 1292.0
3225.458178396698 1289.3969893117603
3226.59260746214 1289.0644870123065
3227.7375826022617 1288.8370795132853
3228.0 1288.0
3230.001427935043 1288.8907293566047
3231.091426541955 1289.175688055473
3232.13422805205 1289.5735442678292
3232.0 1288.0
3234.02049661029 1290.5135216984138
3234.835092072688 1290.9584291493468
3235.544747266772 1291.3218065791764
3236.0 1292.0
3236.595405929436 1291.619775442049
3236.9310113178503 1291.5185427144813
3237.150880277624 1291.2641316445888
3240.0 1292.0
3237.2795597620893 1290.3469053699782
3237.2064457122 1289.7096556113347
3237.0537460845117 1288.9703584025144
3236.0 1288.0
3236.5457409465726 1287.2367525264929
3236.208510861743 1286.2680093053657
3235.827846049953 1285.2483495262102
3236.0 1284.0
3234.9723630963363 1283.1074111859634
3234.5156203799293 1282.011698070946
3234.051593787402 1280.9161992900488
3232.0 1280.0
3233.132520556857 1278.795172497903
3232.663633736407 1277.904391183569
3232.1597826749753 1277.2833175971848
3232.0 1276.0
3230.9556762486027 1277.2788545749436
3230.209665093379 1277.7836235138534
3229.3371781166084 1278.334416930245
3228.0 1280.0
3227.135003479677 1278.6879276505006
3225.841990200121 1278.3174708649756
3224.49584986023 1277.6466903781538
3224.0 1276.0
3221.882397102427 1275.6466843395087
3220.734189236009 1274.4387218071292
3219.7710634122427 1273.172961612342
3220.0 1272.0
3218.6187918140995 1270.7003415072402
3218.431899501904 1269.5533480132308
3218.4345961567205 1268.4682896894221
3216.0 1268.0
3218.779561113132 1266.4809181787377
3219.0072317875934 1265.5770748050272
3219.195296174805 1264.7321062278475
3220.0 1264.0
3219.2357630521137 1263.2157330894108
3219.047681228473 1262.5427983413192
3218.739024490104 1261.9256780160883
3220.0 1260.0
3217.8272442684993 1260.85582026054
3217.257749784917 1260.4015526433882
3216.6349383859197 1260.0000390754265
3216.0 1260.0
3215.2939366756877 1259.34838186539
3214.593258372304 1259.0737169483723
3213.874287169207 1258.8027635306623
3212.0 1260.0
3212.3842560959665 1258.1769664670667
3211.61459124187 1257.774610458132
3210.8294235201543 1257.2809412224076
3208.0 1256.0
3209.2153695059596 1255.9349384289
3208.3878782295274 1255.0968930145311
3207.5476741175694 1254.1961106601989
3208.0 1252.0
3205.831917419171 1252.3585124313986
3204.957759848778 1251.497785206806
3204.0736794749537 1250.7264983420025
3204.0 1252.0
3202.2785403491057 1249.6043694849961
3201.368876613128 1249.3292951035507
3200.4520801058134 1249.2951963034106
3200.0 1248.0
3198.5998788092684 1250.0587678971553
3197.665869036083 1250.679580703653
3196.7275165236547 1251.1876539166822
3196.0 1252.0
3194.8405733131635 1251.0616865130626
3193.8933776311464 1250.325054811339
3192.9446292419807 1249.2705013459965
3192.0 1248.0
3191.0452643742956 1246.6555882769828
3190.096042911823 1245.319208249575
3189.1480587742954 1244.1128656110757
3188.0 1244.0
3187.258598796886 1242.5084479704265
3186.318555717341 1242.1555304471224
3185.382615483423 1242.0229652704174
3184.0 1240.0
3183.525984561719 1242.151562719659
3182.606764378567 1242.2790607270326
3181.6945880503035 1242.3595818438598
3180.0 1244.0
3179.894307967705 1242.1230355903278
3179.0076747180024 1241.7363321309979
3178.1310263324517 1241.1633796031783
3176.0 1240.0
3176.410625163072 1239.4576460032254
3175.5683428838747 1238.3800600510822
3174.7389864780935 1237.22661527043
3176.0 1236.0
3173.1219922960454 1234.9241448222995
3172.33582502441 1233.8911169541716
3171.5655246354554 1233.0142258562353
3172.0 1232.0
3170.0748108611556 1231.9406611030408
3169.351940058268 1231.7388544475505
3168.640021302978 1231.682918561787
3168.0 1232.0
3167.2362692557513 1231.7561314998113
3166.538050624099 1231.759016523784
3165.8380133606097 1231.6552447178542
3164.0 1232.0
3164.4197122586866 1230.8937673217188
3163.695063080536 1230.2211837620735
3162.955824591115 1229.4121874336458
3160.0 1228.0
3161.420808999029 1227.5779721923134
3160.6186465566475 1226.649261140344
3159.789124123561 1225.7771530414627
3160.0 1224.0
3158.0366601709493 1224.3843486419794
3157.1159227023163 1223.891683505178
3156.172233344767 1223.5116836490643
3156.0 1224.0
3154.2375858459322 1223.0087887122359
3153.2574211461497 1222.8454480981857
3152.2758914404617 1222.7138816981555
3152.0 1224.0
3150.330323894374 1222.465180473485
3149.37707949548 1222.30760011551
3148.4440569736885 1222.1009029048857
3148.0 1220.0
3146.6602644444224 1221.4592668590203
3145.820287878452 1220.9838824904448
3145.0221200725937 1220.3784902025502
3144.0 1220.0
3143.5701343988503 1218.7095940505394
3142.911130620242 1217.6824641434987
3142.2835637803 1216.5980742312915
3140.0 1216.0
3141.0804103905148 1214.4839012863515
3140.4836585777202 1213.5673117011054
3139.876013177693 1212.819849005666
3140.0 1212.0
3138.5857110900333 1212.0366777906454
3137.8818891394526 1211.9820823873326
3137.124843075737 1212.058840106364
3136.0 1212.0
3135.408748083002 1212.3044804815613
3134.4285338910336 1212.3223959227776
3133.352765060029 1212.1697300564397
3132.0 1212.0
3130.8825011523018 1211.0769579055552
3129.52844999633 1210.1433120121785
3128.1597320428305 1209.0520055935863
3128.0 1208.0
3125.58240195216 1206.7241871753333
3124.4758429194458 1205.6515631729608
3123.5587232981165 1204.7490546399495
3124.0 1204.0
3122.481762877768 1203.7622279909217
3122.333101458649 1203.722205958188
3122.396238210719 1203.940891561383
3120.0 1204.0
3122.998517539112 1205.0037940141156
3123.4579657707827 1205.7727150329315
3123.969823484333 1206.6497520262333
3124.0 1208.0
3124.997787236515 1208.583166992404
3125.472650343001 1209.5977574398723
3125.917437067074 1210.636888811025
3128.0 1212.0
3126.7111983287036 1212.772215884226
3127.057381346622 1213.860132366194
3127.3679049428497 1214.9560313316872
3128.0 1216.0
3127.8763908309566 1217.1552182730914
3128.0715616031957 1218.2502270289226
3128.2254899144687 1219.3366598281198
3128.0 1220.0
3128.4040361148327 1221.4672391164543
3128.4258624842855 1222.5031063855124
3128.4008633534927 1223.513839257777
3128.0 1224.0
3128.206890110027 1225.4444575099747
3128.0476318265073 1226.3627484990607
3127.860979701051 1227.2527163096609
3128.0 1228.0
3127.449940280219 1228.957863272176
3127.24777616279 1229.778132862477
3127.0626645593175 1230.580260151065
3128.0 1232.0
3126.788045250135 1232.140268699874
3126.720760722371 1232.903240398481
3126.7149750644558 1233.658250672148
3124.0 1236.0
3126.9323467140675 1235.1545678214325
3127.177727199541 1235.9009651354372
3127.5290529107574 1236.6495819012735
3128.0 1236.0
3128.588141449731 1238.1636546652153
3129.283057955951 1238.9342011017077
3130.058227044838 1239.7171478668047
3132.0 1240.0
3131.7534913285735 1241.3304232595863
3132.6256707023986 1242.1658423256576
3133.482271016849 1243.023842597106
3136.0 1244.0
3135.052902825578 1244.8177676329092
3135.7190184988353 1245.75878283565
3136.2737234706747 1246.7325601205412
3136.0 1248.0
3136.9530696680513 1248.7885818135478
3137.029795072567 1249.8759166600494
3136.899278133621 1251.006194465474
3136.0 1252.0
3135.9307900904123 1253.3751173727974
3135.105530207816 1254.4349981706723
3134.098450425091 1255.1802933194238
3132.0 1256.0
3131.6855076879633 1255.0664444582485
3130.3529829979148 1254.2320166912493
3128.985314936448 1253.1324357609808
3128.0 1252.0
3126.291225227965 1250.9273926140538
3125.038141845305 1250.0268327627382
3123.896591619935 1249.270924478839
3124.0 1248.0
3122.0947671697772 1248.1885690100853
3121.5078312093447 1247.8598750236285
3121.1791049349126 1247.6713390013838
3120.0 1248.0
3121.4262223033516 1247.7090471723911
3121.9749901941273 1247.9258441204297
3122.7278162667126 1248.2639045422534
3124.0 1248.0
3124.5906634202197 1249.2705204296067
3125.5731947325953 1249.922428206312
3126.504804689689 1250.6623040791533
3128.0 1252.0
3127.973511710717 1252.3726647355932
3128.4625032647787 1253.326501830367
3128.8043624438114 1254.335011643628
3128.0 1256.0
3129.1092411743934 1256.4827540479591
3129.103539474742 1257.605338950205
3129.0132628976626 1258.7493011932875
3128.0 1260.0
3128.6392126627698 1261.0678940861628
3128.372738077442 1262.2248676182207
3128.0562867596595 1263.367904255646
3128.0 1264.0
3127.280092719077 1265.5748337533084
3126.8236693924514 1266.6200600669006
3126.3239081257175 1267.6140163925704
3128.0 1268.0
3125.2010105642703 1269.410785986853
3124.581193665732 1270.1949327088205
3123.924677619431 1270.8904763495757
3124.0 1272.0
3122.508186875892 1271.9784212941586
3121.751531574826 1272.3521560513416
3120.9648159183457 1272.5999546340224
3120.0 1272.0
3119.3078423314864 1272.6854370913443
3118.440903797279 1272.5346158718803
3117.5505437000047 1272.2808482897058
3116.0 1272.0
3115.706197608595 1271.5477867540944
3114.755531010634 1271.1101491590944
3113.788081641951 1270.652877918255
3112.0 1272.0
3111.809473384764 1269.7627472159306
3110.8016338924326 1269.3715441128818
3109.7836504217275 1269.044020080866
3108.0 1268.0
3107.7238903375346 1268.6633219468051
3106.685433120221 1268.6518042031964
3105.643470716879 1268.7872782474924
3104.0 1268.0
3103.555404872799 1269.566492596527
3102.511035198313 1270.155758338833
3101.466627870302 1270.7830667441804
3100.0 1272.0
3099.3779965263634 1271.8506005773963
3098.3339206467654 1272.1402205219651
3097.2901033863045 1272.1666721629745
3096.0 1272.0
3095.2035409954465 1271.161300657135
3094.1609440013817 1270.1735185635148
3093.118901899112 1269.0106502727926
3092.0 1268.0
3091.0367786426223 1266.6370302795574
3089.9968456247316 1265.6649661668018
3088.9577637712973 1264.9951910364593
3088.0 1264.0
3086.8824498304616 1264.9984876652395
3085.84636587939 1265.6618755903787
3084.8114293654344 1266.6081848299643
3084.0 1268.0
3082.7452949215385 1268.8334567370275
3081.714245127927 1269.8543641467807
3080.6846390440946 1270.642082355532
3080.0 1272.0
3078.6300542784243 1271.0384541230737
3077.6052237329172 1270.608733235099
3076.58213316985 1269.869074252592
3076.0 1268.0
3074.5414682636915 1267.8225547323686
3073.5240420569326 1266.6970005588455
3072.5086521052726 1265.624121019178
3072.0 1264.0
3070.484277239914 1263.9798504592748
3069.4754404625446 1263.4748771401155
3068.468936212936 1263.155413856962
3068.0 1264.0
3066.463221569662 1262.976075474587
3065.464159312326 1263.0677294133227
3064.467725855412 1263.2479514639788
3064.0 1264.0
3062.4830416155096 1263.7771579769656
3061.49493896885 1264.0776714772528
3060.5097613952744 1264.3698111653753
3060.0 1264.0
3058.548477740029 1264.832027181037
3057.5725197946895 1264.9536325465338
3056.599783195093 1264.9699221757792
3056.0 1264.0
3054.6642703057914 1264.5962832149069
3053.701642152416 1264.197909143605
3052.742531617443 1263.6773283736848
3052.0 1264.0
3050.835159675371 1262.332706737338
3049.8870464046013 1261.5402458705867
3048.942747024895 1260.6887383045678
3048.0 1260.0
3047.0658862113396 1258.8717430740753
3046.133472913819 1257.9378354092773
3045.205169780024 1257.0080410445619
3044.0 1256.0
3043.3611902762686 1255.2239522147295
3042.4456620426413 1254.401237749288
3041.5345402453986 1253.6457965832792
3040.0 1252.0
3039.7257317597205 1252.3916684246885
3038.827710369534 1251.875207086436
3037.933426012236 1251.3904703562773
3036.0 1252.0
3036.1544333166444 1250.3819133382103
3035.2689074385225 1249.7909643592873
3034.3854835136303 1249.097482606428
3032.0 1248.0
3032.623306443878 1247.284905924431
3031.743735759188 1246.1961374696423
3030.8646319480704 1245.0654891896145
3028.0 1244.0
3029.106189866895 1242.9341164332673
3028.2260340570074 1242.0611735966604
3027.3447100410344 1241.4019142142392
3028.0 1240.0
3025.5769223111733 1240.959776336083
3024.6896410574564 1241.1832829482762
3023.799556517996 1241.6332432305126
3024.0 1244.0
3022.0093425021873 1242.982501957403
3021.108395486011 1243.7667889782017
3020.2030101044325 1244.5475068213327
3020.0 1244.0
3018.3772891654153 1245.8819278117119
3017.456136068147 1246.4029136440981
3016.5289095258204 1246.8548956690925
3016.0 1248.0
3014.6546010263314 1247.651001885168
3013.7067015293414 1248.0447028703807
3012.751093507635 1248.4685536364643
3012.0 1248.0
3010.815712608902 1249.494227261051
3009.8386969829817 1250.0758418829485
3008.8594873345537 1250.647189812504
3008.0 1252.0
3006.907150054253 1251.579099059905
3005.94035446442 1251.849667110407
3004.9840289361555 1251.9299819338805
3004.0 1252.0
3003.115452148415 1251.354143347167
3002.2095329309755 1250.6936645623073
3001.3267478591833 1249.834281801073
3000.0 1248.0
2999.6432442366145 1247.6814893854748
2998.8488577278777 1246.4694222491078
2998.0902694488636 1245.221136172361
2996.0 1244.0
2996.691691788111 1242.7721576365639
2996.0492751925717 1241.61420011257
2995.437802399156 1240.5054935183077
2996.0 1240.0
2994.285315279419 1238.4440878232097
2993.733114483459 1237.4955160744887
2993.1894845503452 1236.60444995973
2992.0 1236.0
2992.105564333381 1235.0030893363285
2991.5540875798924 1234.2969221798007
2990.9888087499744 1233.6565153614652
2992.0 1232.0
2989.7944719215693 1232.5812374436002
2989.1542274534445 1232.1504936961867
2988.477807969613 1231.7937649911946
2988.0 1232.0
2986.996249758126 1231.3099046923548
2986.1929970162746 1231.182684128504
2985.3573412303244 1231.1293006670696
2984.0 1232.0
2983.6187374086235 1231.23543446721
2982.7307478141183 1231.3906464366646
2981.840272058008 1231.6110849242943
2980.0 1232.0
2980.0817789434677 1232.2390308698398
2979.228720026284 1232.6422330356345
2978.40309182999 1233.102051135364
2976.0 1232.0
2976.8640444825596 1234.1829245523854
2976.1655837726717 1234.799674577557
2975.5244706661665 1235.4644299524216
2976.0 1236.0
2974.4425550817937 1236.9293461669904
2974.006816661153 1237.7252017145736
2973.638553958346 1238.560452027609
2976.0 1240.0
2973.0947950526474 1240.3405263657962
2972.91446852296 1241.2810450988272
2972.7919570575173 1242.2523480130696
2972.0 1244.0
2972.710718665778 1244.2786958009467
2972.7471614126857 1245.3294353824604
2972.83175857025 1246.402348560945
2972.0 1248.0
2973.135755463752 1248.606085124583
2973.3503248728966 1249.732603217616
2973.603388039107 1250.8726843233785
2972.0 1252.0
2974.215993450875 1253.184028592443
2974.574656140082 1254.3456080851893
2974.970053473651 1255.501383249553
2976.0 1256.0
2975.8771945020644 1257.7653964951514
2976.3920094109985 1258.8585725273947
2976.949701392481 1259.9158201332734
2980.0 1260.0
2978.199859001272 1261.8924059679553
2978.8953958426723 1262.796682147767
2979.6399521848048 1263.6349058032322
2980.0 1264.0
2981.2822657994484 1265.0830714431406
2982.1830942860524 1265.6779513785932
2983.1390847015714 1266.1766546917167
2984.0 1268.0
2985.2193873904353 1266.8626542506743
2986.326932735229 1267.078369833587
2987.4561061518366 1267.2547474683295
2988.0 1268.0
2989.7061270581034 1267.6332903396005
2990.790369476568 1267.9073562992778
2991.823029824458 1268.2858857570832
2992.0 1268.0
2993.6603941661233 1269.488452261215
2994.4284930887043 1270.3142839177299
2995.071799798322 1271.2481682927496
2996.0 1272.0
2995.9108264362753 1273.3034721927625
2996.069941293417 1274.3565802149833
2996.031053795206 1275.3811179501663
2996.0 1276.0
2995.2937862806743 1277.2114510674526
2994.605149335189 1277.970484028248
2993.7379961760184 1278.6074218593897
2992.0 1280.0
2991.580323642351 1279.4645854530227
2990.3458954807165 1279.65959787567
2989.045133531123 1279.6820884889746
2988.0 1280.0
2986.3567906937874 1279.1697938101618
2985.025301018908 1278.6740923919658
2983.7396599817957 1278.0840369122707
2984.0 1276.0
2981.4181062465987 1276.8276259437569
2980.438284761377 1276.2646515426247
2979.6164943396493 1275.814085255369
2980.0 1276.0
2978.5520943665156 1275.444041652718
2978.323007552678 1275.5505601541777
2978.27899727747 1275.8214784032189
2976.0 1276.0
2978.6881148674856 1276.7537352360898
2979.1121969949822 1277.3636843659385
2979.6632641856536 1278.035254335409
2980.0 1280.0
2981.088262281065 1279.4604778852565
2981.933147448078 1280.1627420116533
2982.8469262028116 1280.8238480697112
2984.0 1280.0
2984.823072999983 1281.919807072852
2985.856395304694 1282.3032705639553
2986.9005197216716 1282.542797078759
2988.0 1284.0
2988.9656282755186 1282.5040987133464
2989.972835825963 1282.275515030164
2990.9632923158238 1282.002276764752
2992.0 1280.0
2992.8969372435445 1281.6231801833362
2993.841618246282 1281.6679937153817
2994.772533318189 1281.9694963612958
2996.0 1284.0
2996.596050799265 1283.6146401524275
2997.4901457733117 1284.9333179152948
2998.3734599462814 1286.4587580273305
3000.0 1288.0
3000.1107310187463 1289.728728073409
3000.9661804831176 1291.272659394703
3001.8138342761667 1292.622155839667
3004.0 1292.0
3003.488587704664 1294.3640101727458
3004.3162662646605 1294.7199492339423
3005.1373070024315 1294.8086157649718
3004.0 1296.0
3006.7588055797382 1294.4396531543546
3007.558928703493 1294.1097849716198
3008.351744573463 1293.768166176542
3008.0 1296.0
3009.914785120487 1293.293231243514
3010.6846750817613 1293.2158715224664
3011.4465883576904 1293.2386740228808
3012.0 1292.0
3012.945815421953 1293.5530694378838
3013.682794494507 1293.8288142273655
3014.4111274501547 1294.173024988096
3016.0 1292.0
3015.836617604419 1295.036145269407
3016.506032238706 1295.5451892427793
3017.1113156274314 1296.1029680929848
3020.0 1296.0
3018.019187842447 1297.3569644852787
3018.26662625586 1298.0492990580576
3018.3396325979593 1298.7826025690524
3016.0 1300.0
3017.8636718675357 1300.3643504670704
3017.329296132564 1301.2089118847853
3016.649671001382 1302.0866763020977
3016.0 1304.0
3015.023338726347 1303.9340481968984
3014.1609646704724 1304.8997727050778
3013.322007394348 1305.8909342742372
3012.0 1308.0
3011.875282401215 1307.9418026568785
3011.305486035662 1308.997626501052
3010.835049152763 1310.0711214675873
3012.0 1312.0
3010.175473064788 1312.2633588291278
3009.977943474638 1313.3782182548232
3009.862992596997 1314.5029828642641
3008.0 1316.0
3009.864046209097 1316.7744616957616
3009.9716603137654 1317.917292948509
3010.1450723607963 1319.062263446384
3012.0 1320.0
3010.672509511803 1321.3508562388959
3011.0181442307066 1322.4905955642248
3011.4127961218255 1323.6247081960628
3012.0 1324.0
3012.329962990231 1325.8678404737802
3012.8296416204053 1326.9702953491446
3013.332664728575 1328.0539939899868
3012.0 1328.0
3014.2741797605977 1330.1466294246604
3014.6753893753016 1331.1463196467703
3015.005378849702 1332.108760490913
3016.0 1332.0
3015.379074570357 1333.903400901855
3015.397149373866 1334.7263538969314
3015.2927411515784 1335.4935643705971
3016.0 1336.0
3014.688514476928 1336.8422646102506
3014.174715448223 1337.4145078045162
3013.510472241036 1337.9125153339264
3012.0 1340.0
3011.710545995315 1338.670499303158
3010.6080055211414 1338.9402434617941
3009.421305997205 1339.155287393203
3008.0 1340.0
3006.9559612101725 1339.4788385930424
3005.7575816521385 1339.6161278708237
3004.635574454468 1339.75628094008
3004.0 1340.0
3002.7705243321443 1340.102742471719
3002.0436418033864 1340.3378329434536
3001.4254524267762 1340.6333512253643
3000.0 1340.0
3000.41926330345 1341.4632352384192
2999.983318643456 1342.026382978914
2999.560177309058 1342.7075225482872
3000.0 1344.0
2998.6605760205507 1344.474177103011
2998.1611385334963 1345.545489561545
2997.6285493061473 1346.706388795325
2996.0 1348.0
2996.467895325338 1349.182573462655
2995.841820419264 1350.4406718332211
2995.186573467669 1351.6739828530654
2996.0 1352.0
2993.792543122687 1353.951868714621
2993.055749576688 1354.9392564933482
2992.2937636799397 1355.7874827953858
2992.0 1356.0
2990.698194528971 1356.9616537626546
2989.866601122137 1357.287872880277
2989.0137950593285 1357.475479425994
2988.0 1360.0
2987.2485246605584 1357.5503267372446
2986.338050171983 1357.495303470546
2985.410342722207 1357.4171395674766
2984.0 1356.0
2983.50720863382 1357.3010052517122
2982.533771842597 1357.2856315904994
2981.547081784944 1357.2923107958804
2980.0 1356.0
2979.537921565127 1357.3467428768174
2978.517441250348 1357.381953287571
2977.4876873639123 1357.4141316353123
2976.0 1360.0
2975.404338570848 1357.4448480023816
2974.3527335116055 1357.4340882982808
2973.2958345754805 1357.401701084311
2972.0 1356.0
2971.1701347673547 1357.2599381626535
2970.103323742741 1357.1445094729113
2969.0351985360185 1356.9953473091907
2968.0 1356.0
2966.898985271018 1356.5863647487754
2965.8328870601263 1356.3363802884573
2964.769454361898 1356.0723342269116
2964.0 1356.0
2962.654565198207 1355.5535070097517
2961.60509858013 1355.324450708944
2960.562277169489 1355.1327825165206
2960.0 1356.0
2958.5005496652925 1354.9130601664417
2957.4836334191223 1354.910730863592
2956.477342075162 1354.9972393787396
2956.0 1356.0
2954.500613788645 1355.4882195726389
2953.532166693474 1355.9184161061971
2952.5783241952868 1356.488900167364
2952.0 1356.0
2950.7184326846345 1358.0881666987368
2949.8143735195563 1359.058590723334
2948.928898646234 1360.0525853843246
2948.0 1360.0
2947.2176814696318 1361.8264031234394
2946.3939290137378 1362.463784455541
2945.592740544374 1362.8398529319911
2944.0 1364.0
2944.062035260007 1362.5481957354452
2943.3345082923906 1361.8881957737524
2942.6335250060774 1360.982334379015
2940.0 1360.0
2941.315169172131 1358.7488136276652
2940.699786471885 1357.5790474396824
2940.1149271477143 1356.4792061559142
2940.0 1356.0
2939.039074679879 1354.7831086600281
2938.5399695286283 1354.2128897470247
2938.055163738283 1353.7646703364649
2940.0 1352.0
2937.0920225152 1353.0225928818759
2936.5954732199043 1352.6229162674463
2936.0767955604015 1352.1336020146593
2936.0 1352.0
2934.9366274236636 1350.6920862022178
2934.2969230838717 1349.7400425661922
2933.59866265476 1348.6986771390673
2932.0 1348.0
2931.9900458034663 1346.5602497468358
2931.061475518727 1345.5693221993872
2930.0379214195564 1344.7013416961556
2928.0 1344.0
2927.6805525092645 1343.5346893793671
2926.3952345743473 1343.2713443137147
2925.111926577406 1343.2015997880867
2924.0 1344.0
2922.7817556273753 1343.571950513204
2921.85010028925 1343.976564842099
2921.150870119027 1344.5038178673174
2920.0 1344.0
2920.6614223055144 1345.855278163025
2920.8743430369736 1346.6440045116633
2921.325965685833 1347.4844077129246
2924.0 1348.0
2922.7274550048255 1349.249282829614
2923.568390809493 1350.1382738231919
2924.43016680063 1351.0079798256918
2924.0 1352.0
2926.0125328323456 1352.6224086314749
2926.7091233332226 1353.3546522192225
2927.3785549411664 1354.0426523848205
2928.0 1356.0
2928.75780505038 1355.3069674311257
2929.528555337711 1355.8938048026118
2930.3940103042337 1356.4574437335064
2932.0 1356.0
2932.5179509132663 1357.536171255079
2933.7596867395782 1358.0617823365358
2935.0626276126823 1358.5852399589596
2936.0 1360.0
2937.663261662351 1359.6467398082639
2938.866523420456 1360.1953045259238
2939.9421273884336 1360.7627607661086
2940.0 1360.0
2941.5304548622266 1361.9732624306876
2942.0024814204025 1362.614048156329
2942.265456293173 1363.2692060069896
2944.0 1364.0
2942.190326028862 1364.5925543067995
2941.8652584149613 1365.2457028676636
2941.3572141620193 1365.8831397769784
2940.0 1368.0
2939.8223185340953 1367.0807948643883
2938.832791174646 1367.6259711541993
2937.73493520722 1368.125352015891
2936.0 1368.0
2935.337458464203 1368.956643678349
2934.099448196495 1369.2735125908307
2932.8763303365763 1369.5145022986242
2932.0 1368.0
2930.591114431493 1369.7428400820113
2929.549356347922 1369.7396248199182
2928.5631705953247 1369.6794036777644
2928.0 1372.0
2926.7156549136594 1369.455774179099
2925.8333943998928 1369.3262810354988
2924.9648450477052 1369.2076124376617
2924.0 1368.0
2923.227018658669 1369.0677770217346
2922.336811037122 1369.0637117163617
2921.4184534077576 1369.104673982186
2920.0 1368.0
2919.455426956181 1369.3222568524682
2918.3898275492706 1369.4991652694487
2917.254216965145 1369.72167688267
2916.0 1372.0
2914.7440489238493 1370.3038759089818
2913.426247849921 1370.6625946512133
2912.151948365269 1371.0649792479678
2912.0 1372.0
2910.0027408661635 1371.9962956965655
2909.2622762028973 1372.5230023941683
2908.8341998312812 1373.0889246378142
2908.0 1372.0
2909.1565452712775 1374.333965454754
2909.876090069524 1375.0108588738078
2910.846269132684 1375.722517530425
2912.0 1376.0
2913.1461352979077 1377.2456802478666
2914.279625022048 1378.0549591544518
2915.2713542552615 1378.8945529901198
2916.0 1380.0
2916.458443835017 1380.6584151234588
2916.5854508553875 1381.5695381662993
2916.4339907324807 1382.4846856285603
2916.0 1384.0
2915.4146505079884 1384.2789231005036
2914.6062611319758 1385.1339477547629
2913.6383860638343 1385.9448661176007
2912.0 1388.0
2911.3431603023146 1387.3862532581663
2910.0753003345085 1387.9926566804722
2908.766936125722 1388.5068231005132
2908.0 1388.0
2906.147676436353 1389.2103142229546
2904.896271681344 1389.375573569934
2903.723344136501 1389.4004652038047
2904.0 1388.0
2901.7249112888285 1388.9857045392673
2900.916951673782 1388.5501263927847
2900.222560644465 1387.982328837044
2900.0 1388.0
2899.125685643 1386.514502816332
2898.698802320842 1385.6466880106327
2898.336688884394 1384.7110811142197
2896.0 1384.0
2897.7579729686063 1382.700918367797
2897.516971139257 1381.6585761770586
2897.2919404955965 1380.6128692141513
2896.0 1380.0
2896.840994065326 1378.5757882903717
2896.5906789287055 1377.616627988772
2896.307536277753 1376.718530233547
2896.0 1376.0
2895.5963784840874 1375.1653289960461
2895.158416498858 1374.514715064722
2894.667733314271 1373.9341427816769
2896.0 1372.0
2893.5372146769846 1372.9366540456863
2892.901884889267 1372.4965030353733
2892.2228452321547 1372.0799245586031
2892.0 1372.0
2890.742647639708 1371.2759410654228
2889.945995369356 1370.8948513384537
2889.114644559573 1370.54996472391
2888.0 1372.0
2887.3568586516762 1370.0405311046004
2886.4349292185457 1369.9118492360856
2885.4873125759473 1369.8911007524978
2884.0 1368.0
2883.5240289923113 1370.2330714706768
2882.5128677162556 1370.5592793571318
2881.4850305606965 1370.9203979978884
2880.0 1372.0
2879.3883399410306 1371.5295920085548
2878.3239921419063 1371.6687796115887
2877.2519797932414 1371.6251024351723
2876.0 1372.0
2875.093972777257 1370.8107670271093
2874.012483774918 1370.1675539298226
2872.9323415530034 1369.596366321806
2872.0 1368.0
2870.785108780409 1369.347145291757
2869.722523894711 1369.7300197872135
2868.670297119401 1370.3067356069164
2868.0 1372.0
2866.60536843145 1371.5768085291484
2865.5938073930515 1372.1424536989973
2864.5948862135238 1372.6465163277337
2864.0 1372.0
2862.630515598085 1373.4429706323892
2861.662842245675 1373.721900643568
2860.703360919139 1373.9123247841546
2860.0 1376.0
2858.804526510693 1374.0045898199378
2857.8629495122846 1373.9161152256074
2856.925116706753 1373.7585037816305
2856.0 1372.0
2855.056235841325 1373.3015317161075
2854.1229638649306 1373.0350017802477
2853.188988248415 1372.7649963661124
2852.0 1372.0
2851.314478262031 1372.2773629265596
2850.371719975662 1372.0754202998596
2849.4238102161767 1371.901372992318
2848.0 1372.0
2847.5080884448603 1371.6340445582082
2846.53805251653 1371.5393035433879
2845.5584172820863 1371.4695380712224
2844.0 1372.0
2843.565901061863 1371.4020139783531
2842.5507961595836 1371.402795469397
2841.5216441181947 1371.4256327265925
2840.0 1372.0
2839.4167507850884 1371.5345547629333
2838.3387855768733 1371.619179653827
2837.2423253965517 1371.722940534368
2836.0 1372.0
2834.9905998179443 1371.9837938289465
2833.839875691297 1372.1324864010785
2832.679739135816 1372.2835152790472
2832.0 1372.0
2830.3538416578995 1372.5619023613763
2829.1993871952373 1372.6739207701773
2828.058133223287 1372.7575958936968
2828.0 1372.0
2825.8378396710664 1372.809236693773
2824.770106550569 1372.7618625747707
2823.7381868403286 1372.655465579369
2824.0 1372.0
2821.804400570163 1372.2349233682476
2820.91384047001 1371.9054383569694
2820.0817066996597 1371.4862508781732
2820.0 1372.0
2818.6129335614887 1370.3511748809146
2817.9732156149116 1369.638462290922
2817.385766840626 1368.8423990903527
2816.0 1368.0
2816.3327495743624 1367.043604162483
2815.849717465101 1366.0625640876822
2815.384027293564 1365.0415567073048
2812.0 1364.0
2814.4697455290984 1362.9230233348173
2814.003690318886 1361.8471889952077
2813.520049811833 1360.7747706550208
2812.0 1360.0
2812.4650856726334 1358.6835652779148
2811.8762984232053 1357.6864698934955
2811.2349986423687 1356.7361738134987
2812.0 1356.0
2809.7628683366656 1355.019992017689
2808.9321787030776 1354.2795728298745
2808.049258320638 1353.6368860024802
2808.0 1352.0
2806.1622161088867 1352.7031922359456
2805.175839679413 1352.4414267003033
2804.17272330077 1352.3358763320757
2804.0 1352.0
2802.15176149565 1352.6431087410438
2801.151661469014 1353.0323619388323
2800.1703122928875 1353.5307711452222
2800.0 1356.0
2798.2993572918413 1354.7024564591843
2797.427496866763 1355.2994320044456
2796.6098780918733 1355.8529624336863
2796.0 1356.0
2795.171776501595 1356.6903046423745
2794.562560341563 1356.9771227968554
2794.0301191424287 1357.226508585382
2792.0 1356.0
2793.2051374486014 1357.7776096893276
2792.917384864777 1358.161638317124
2792.715983063593 1358.6728612037211
2792.0 1360.0
2792.5818076308856 1360.2094187023667
2792.6538219102317 1361.1244805725603
2792.821762793959 1361.946191217845
2792.0 1364.0
2793.4550001962925 1362.750639864857
2793.925084625771 1362.7113108105707
2794.5006714813694 1362.5344964193462
2796.0 1360.0
2795.97494357916 1362.2633345763938
2796.860508451168 1362.2925533018947
2797.82533500893 1362.4314190449163
2800.0 1364.0
2799.9307158792412 1363.0149069243207
2801.040241540553 1363.4479367311035
2802.1669715851444 1363.9674288962071
2804.0 1364.0
2804.409987521693 1365.2426156421777
2805.4952447624128 1365.9867178934448
2806.5356490839386 1366.7940978438328
2808.0 1368.0
2808.4198416669315 1368.5755061827745
2809.232601277163 1369.5379422417277
2809.938450665726 1370.5404713406028
2808.0 1372.0
2810.972502018711 1372.6426239989198
2811.3005185919255 1373.7306552287619
2811.5212541610576 1374.835594839326
2812.0 1376.0
2811.70219802472 1377.0730145434231
2811.693064188072 1378.1939023073564
2811.6379650849876 1379.3085137928124
2812.0 1380.0
2811.451186817152 1381.4957232690942
2811.3501655212235 1382.5567289303206
2811.2644946965042 1383.5882736538704
2812.0 1384.0
2811.2005201983347 1385.5397956287418
2811.2528743937078 1386.4481805504638
2811.381894797935 1387.3039198753102
2812.0 1388.0
2811.926492292669 1388.836958016709
2812.3441811844455 1389.5187501528642
2812.8427598876096 1390.156883331346
2812.0 1392.0
2814.029718195532 1391.3433307528992
2814.6916635340017 1391.9122239647734
2815.3816301512866 1392.4786161565808
2816.0 1392.0
2816.7927586897235 1393.6450554176022
2817.487486344589 1394.265681455619
2818.1573667456946 1394.9249644111758
2820.0 1396.0
2819.3697172540487 1396.400659012513
2819.885753095011 1397.237649627097
2820.324073149638 1398.1544550968263
2820.0 1400.0
2820.9176999903 1400.263564591781
2821.064588247983 1401.4458239005307
2821.1169236626247 1402.6878086314753
2820.0 1404.0
2820.957130381944 1405.2696175564402
2820.754598896201 1406.5687733487066
2820.4767089865795 1407.84631775966
2820.0 1408.0
2819.7140483148555 1410.255235634119
2819.238874762335 1411.345940695871
2818.7075372050954 1412.3336975728016
2820.0 1412.0
2817.4955644956217 1413.9190299686925
2816.824526552968 1414.475937085899
2816.1165190247566 1414.8485592147763
2816.0 1416.0
2814.608173288891 1414.9718354479444
2813.8137342392083 1414.7551636139233
2812.994123919915 1414.4195549149508
2812.0 1416.0
2811.2837916852322 1413.6035599724137
2810.3952708762067 1413.22919025398
2809.4859810103053 1412.9479167208578
2808.0 1412.0
2807.6094963206 1412.8607590518266
2806.6445026031633 1413.0652981871638
2805.663142041583 1413.383780050303
2804.0 1412.0
2803.655722598718 1414.192231994707
2802.6318648238007 1414.5970320933316
2801.596042417471 1414.9454349544783
2800.0 1416.0
2799.492905923307 1415.3124295067646
2798.427792941839 1415.3041742615173
2797.35511754169 1415.185827906015
2796.0 1416.0
2795.1914816980884 1414.681814083978
2794.102722361 1414.327622727307
2793.0108028179648 1413.92629248011
2792.0 1412.0
2790.8218853267854 1413.0451675338684
2789.727088485007 1412.5968489446877
2788.633533650014 1412.1643436847098
2788.0 1412.0
2786.4545522131184 1411.4097253720918
2785.3713267175817 1411.119088429316
2784.2937454415633 1410.9072170354714
2784.0 1412.0
2782.1634072887437 1410.7791669546434
2781.1337886858987 1410.873127419554
2780.156090850484 1411.0661317371846
2780.0 1412.0
2778.4446083650346 1411.7268763184525
2777.754899156546 1412.1834187760137
2777.2052615985767 1412.7166094741433
2776.0 1412.0
2776.6093158653016 1413.9905399799522
2776.5768644195946 1414.7200819815562
2776.712198083609 1415.5038766115754
2776.0 1416.0
2777.4534967761097 1417.2118281447094
2778.0430998222514 1418.1247872417478
2778.767764013423 1419.0696033550491
2780.0 1420.0
2780.5834999372955 1421.032411018291
2781.6218981144193 1422.0392047621551
2782.690010325419 1423.0554599101304
2784.0 1424.0
2784.737406591429 1425.0939588062633
2785.6277055176306 1426.1050047483452
2786.3697482200896 1427.1031164823864
2788.0 1428.0
2787.2465430758934 1429.038141714195
2787.385000378812 1429.9638574058856
2787.3826117571352 1430.8542432773843
2788.0 1432.0
2787.14808759591 1432.506629947651
2787.012347484317 1433.257432940343
2786.928552304042 1433.950510500691
2784.0 1436.0
2787.099732276478 1435.143598862432
2787.3919709558645 1435.647442759148
2787.8106816199215 1436.1012274141617
2788.0 1436.0
2788.983782152842 1436.896346992523
2789.7163036471024 1437.2565459125894
2790.5315603768263 1437.604413584393
2792.0 1436.0
2792.3665427934607 1438.3008831766472
2793.3644001057673 1438.6683490938178
2794.4012559043317 1439.0612117561636
2796.0 1440.0
2796.5482262110277 1439.9608553098174
2797.6364723445568 1440.4865001978449
2798.719980215136 1441.075269824486
2800.0 1444.0
2800.8290444182426 1442.476256897971
2801.832732376166 1443.2854120070858
2802.787945321935 1444.1515671793538
2804.0 1444.0
2804.5092094278007 1446.0049003689942
2805.2533922132925 1446.9670897141868
2805.9053632374253 1447.9363017781764
2808.0 1448.0
2806.8889332523977 1449.8458167181866
2807.198663868636 1450.7611309220288
2807.372445974305 1451.63349050031
2808.0 1452.0
2807.268427904733 1453.1993684358315
2806.968759354889 1453.867898120893
2806.4894055452705 1454.443495836036
2804.0 1456.0
2804.9554056486577 1455.27112899851
2803.923892693994 1455.5294416914662
2802.758960744212 1455.7073769057545
2800.0 1456.0
2800.1651091378203 1455.8972012251859
2798.8043241204714 1455.9466334937583
2797.446389386527 1455.9907746105214
2796.0 1456.0
2794.8753400473743 1456.1382697154786
2793.7303600814266 1456.2791668671016
2792.724499677406 1456.4898591937742
2792.0 1456.0
2791.2664068336658 1457.1957156991257
2790.882309033208 1457.7284230412342
2790.773600073198 1458.4060118852503
2792.0 1460.0
2791.499740669385 1460.2606541802224
2792.2894611628826 1461.4136534407505
2793.264312371433 1462.6634258223314
2796.0 1464.0
2795.45262140437 1465.28198686008
2796.507686464101 1466.5651239719637
2797.431096709567 1467.77373111633
2796.0 1468.0
2798.599843896048 1469.7960524139419
2798.8888480783394 1470.5241150229024
2799.133531928922 1471.0063445757762
2800.0 1472.0
2799.981393129385 1471.0620014246942
2800.8302977264784 1470.5497771764537
2802.1263364862884 1469.620416783557
